DATA/PredictorVariables/Future/2040/et_ref.asc
NCOLS 590 
NROWS 274 
XLLCORNER -7.522276026 
YLLCORNER 35.996888128 
CELLSIZE 0.01 
NODATA_value -9999 
[rows 42 to 62 of 274, columns 184 to 229 of 590]
-9999 -9999 -9999 -9999 -9999 -9999 -9999 -9999 -9999 -9999 -9999 -9999 -9999 1097.95707984271 1099.42214994873 1098.69632724298 1099.68794657953 1103.77669553461 1106.02268821979 1111.42100680255 1116.55367066736 1115.93844596674 1120.36953975 1117.97112634814 1117.97248838623 1120.70480115051 1123.00622780774 1122.57409898212 1124.53817946954 1129.83260963812 1126.84302542364 1127.77651585486 1130.60169782678 1132.95475180322 1126.59842226379 1131.6034340376 1134.10067055322 1130.90892212219 1135.45700918524 1139.43890585382 1140.81113649774 1131.83732256934 1132.13019887049 1132.99628801434 1135.25901537048 1136.77973115216
-9999 -9999 -9999 -9999 -9999 -9999 -9999 -9999 -9999 -9999 -9999 -9999 -9999 1095.23095703125 1093.69637354608 1099.7315871369 1101.03973402679 1104.50342403344 1106.92267538812 1108.23914718914 1112.91860444677 1115.31332499548 1114.91384202764 1115.75589513287 1116.77359050664 1119.5338370329 1121.17656680164 1123.90425489618 1125.32425543066 1126.594704125 1125.99549729669 1126.80409430322 1129.6842312276 1131.07044557629 1130.44444486414 1133.68838386871 1133.8007034768 1129.22792994904 1122.94425116182 1130.90161006477 1135.46108705756 1140.71498473614 1139.76619783264 1135.1285680879 1135.91843727716 1134.20937391407
-9999 -9999 -9999 -9999 -9999 -9999 -9999 -9999 -9999 -9999 -9999 -9999 -9999 -9999 1096.37530069165 1097.02561640747 1096.89693936121 1097.31431367084 1103.29312774548 1100.15292638568 1104.5260790462 1109.78767707336 1105.07414663703 1110.61083014111 1106.49855700476 1118.61440017871 1122.36634850238 1125.41174725928 1126.05083551837 1125.38802436572 1126.17699020886 1122.50612195831 1128.61985544678 1130.67398126465 1133.68295686572 1131.78078326605 1130.09007917468 1132.1819158869 1136.03303869836 1137.1984501532 1136.24915170898 1139.6120473869 1141.88446343744 1140.22116286798 1139.08139933527 1142.72324381915
-9999 -9999 -9999 -9999 -9999 -9999 -9999 -9999 -9999 -9999 -9999 -9999 -9999 -9999 1095.10791874353 1097.96007955438 1097.37706738587 1100.23715855164 1098.85201063129 1101.93759524072 1103.61849877118 1104.64525240509 1113.67829703992 1114.57962473163 1121.51516063586 1117.98707956268 1120.44935861645 1124.13291012726 1126.2471460119 1128.05926369678 1126.13654575238 1130.13235958368 1131.30259699072 1128.73251294031 1132.4596055 1133.38189224359 1132.66574667664 1131.59063701849 1133.15587295129 1134.4934884787 1137.83772149353 1139.26908451855 1145.36410032489 1141.0646953244 1140.01328987262 1140.52814594678
-9999 -9999 -9999 -9999 -9999 -9999 -9999 -9999 -9999 -9999 -9999 -9999 -9999 -9999 1093 1100.14980677399 1102.61323892584 1104.01988155322 1103.44673390076 1100.65126405322 1102.31808033106 1108.18267267163 1112.77302261572 1115.36219886548 1114.59702163208 1114.74023745135 1109.63085424506 1122.6888734494 1126.09883632178 1126.86184494452 1127.90833389886 1126.70416975696 1130.70745473395 1130.00086044452 1128.385303169 1125.8961821264 1125.88816213427 1126.44600913513 1133.96256772058 1134.97302958057 1134.67201766657 1137.42955442371 1138.23676151239 1141.83791498395 1137.77416781635 1134.43335719452
-9999 -9999 -9999 -9999 -9999 -9999 -9999 -9999 -9999 -9999 -9999 -9999 -9999 -9999 -9999 1098.94649650225 1098.44752262872 1099.51582025452 1102.66139213843 1107.54176525012 1109.1083479353 1111.06205450366 1111.19404662499 1107.27229348688 1111.3793922812 1116.29132583064 1117.31956478089 1119.31368591217 1124.14478319202 1126.8408001294 1127.43056237219 1118.83898428066 1127.74810275598 1124.88691541631 1119.6185526264 1101.69552111574 1099.50377793048 1097.72659365301 1120.87898575926 1127.79531369151 1130.7796508881 1135.64733352013 1139.40598396325 1136.61723552678 1141.02143318298 1143.65220297663
-9999 -9999 -9999 -9999 -9999 -9999 -9999 -9999 -9999 -9999 -9999 -9999 -9999 -9999 -9999 1089.59997558594 1096.3306924718 1098.32386791736 1102.43653642926 1104.97290475055 1106.40034547333 1107.82605143317 1106.54100105322 1112.66393575702 1117.91055452045 1124.33807728833 1127.11567673022 1124.26241820978 1131.69108847986 1130.03810031671 1130.10111281238 1136.48225262726 1131.29195984698 1120.91488916437 1117.52005283106 1121.19707274549 1107.57194576191 1097.15910807655 1105.01102255542 1108.714243875 1106.84486344909 1123.32899881249 1131.80789555749 1122.52604873621 1141.20157426087 1145.79944966315
-9999 -9999 -9999 -9999 -9999 -9999 -9999 -9999 -9999 -9999 -9999 -9999 -9999 -9999 -9999 -9999 1098.36714258087 1097.50682687274 1100.26714830774 1106.49368637708 1110.01524548456 1109.47388261292 1113.74095431476 1114.25174790705 1115.66781745203 1120.63853054395 1124.02083411798 1128.48714453625 1127.3260041875 1130.10105513428 1132.40907563849 1129.80548745868 1129.34005051623 1132.54875153497 1133.8145066112 1137.83944638128 1135.73216050702 1130.70275452954 1121.49444185084 1110.97253150929 1102.1124401916 1106.29923352765 1124.5960428393 1147.66389598761 1145.10061076154 1146.49471457648
-9999 -9999 -9999 -9999 -9999 -9999 -9999 -9999 -9999 -9999 -9999 -9999 -9999 -9999 -9999 -9999 1102.95665475506 1098.81379091181 1104.19169503308 1106.55187904412 1112.62601903075 1115.44378524548 1119.15326291931 1120.30358812499 1124.38942130322 1122.48248369201 1122.3643665744 1118.93267543525 1117.52625327545 1119.14187118047 1119.38558988611 1123.04886512275 1126.81261455384 1126.1150806742 1119.29963477015 1124.66793533825 1123.32353358532 1132.0335811278 1139.73372754637 1139.31108218047 1134.81560136938 1131.81672979665 1132.6077781714 1148.77739689563 1148.66927113702 1145.71464211414
-9999 -9999 -9999 -9999 -9999 -9999 -9999 -9999 -9999 -9999 -9999 -9999 -9999 -9999 -9999 -9999 1099.61863989337 1108.95882680719 1104.99369336804 1102.47526475 1104.76124969733 1111.54170889514 1114.61397195343 1114.25485782416 1116.14218687726 1118.08495767663 1120.08997943756 1122.53173666864 1116.19193304077 1110.40579827118 1118.56451625384 1130.56410459002 1128.12132578125 1130.85666678699 1126.83202493298 1119.31410660859 1120.6236548161 1123.846347875 1120.50422566883 1124.19996985907 1131.08428602118 1144.84456447851 1147.89037386798 1144.35210976642 1145.1655511485 1150.48917162024
-9999 -9999 -9999 -9999 -9999 -9999 -9999 -9999 -9999 -9999 -9999 -9999 -9999 -9999 -9999 -9999 1096.00528880829 1103.91321572076 1102.72884215912 1106.69900069678 1104.01958074964 1101.84651797687 1105.70023662976 1111.37407837591 1110.17374521796 1112.40005094678 1113.30064155939 1117.63002815466 1119.35206370868 1119.96211137494 1114.29385125928 1114.25470227014 1121.42252751489 1129.99917835364 1130.04697040894 1134.62774282336 1136.04120521668 1134.17739825452 1133.1754472959 1127.11279700006 1128.8167274375 1129.78600796662 1139.16874508367 1134.58082547986 1140.58430907635 1149.36261866736
-9999 -9999 -9999 -9999 -9999 -9999 -9999 -9999 -9999 -9999 -9999 -9999 -9999 -9999 1093.85207574548 1081.14512932026 1086.17653032178 1099.7034698125 1099.93908793335 1104.675493125 1110.8626685119 1109.67930222479 1102.65697202942 1107.24549608484 1108.29954140283 1113.41030973847 1109.50448282099 1114.020667177 1116.18274154394 1125.7992153736 1125.2367603125 1125.80776638428 1126.24304075708 1124.29848963428 1130.1062693385 1128.08997943756 1136.78805024353 1142.10028548688 1141.52479914514 1135.66219766126 1127.83751338416 1137.40695906201 1122.45851600452 1131.19692630798 1130.28777416358 1138.38160658099
-9999 -9999 -9999 -9999 -9999 -9999 -9999 -9999 -9999 -9999 -9999 -9999 -9999 -9999 1081.29567183264 1090.15492769394 1091.570704942 1104.92445592822 1105.1101580523 1108.71730527546 1110.29391105097 1110.37544638654 1110.70943624073 1110.86748240406 1119.31296247443 1116.67431529133 1119.64190449225 1121.39469107178 1114.52296282404 1125.23854468744 1122.8026077685 1129.20624911571 1126.8094619757 1132.14608800927 1131.17128585083 1126.76582511257 1137.22925800227 1138.65220297663 1148.32574280798 1146.10125141156 1144.43861144397 1138.99593169838 1139.4127823664 1137.53632619838 1141.07615085364 1130.46111867696
-9999 -9999 -9999 -9999 -9999 -9999 -9999 -9999 -9999 -9999 -9999 -9999 -9999 -9999 1084.14870007178 1068.36311986121 1076.66369552381 1099.84591058105 1100.25420750281 1113.57878951996 1117.95507128204 1114.03950788007 1118.00167902997 1118.39068956476 1122.55183609534 1125.03820600226 1120.76220588025 1122.24345649548 1119.15287253046 1123.65912074169 1127.61788617675 1119.36821169678 1123.28999129565 1126.31846330774 1135.355624625 1145.31451579657 1145.3597281994 1142.02252759583 1143.93588469611 1143.54079273914 1140.74858234955 1152.63377057178 1145.19724369714 1153.47164782403 1146.04474201856 1150.88388368555
-9999 -9999 -9999 -9999 -9999 -9999 -9999 -9999 -9999 -9999 -9999 -9999 -9999 -9999 1104.23562274072 1105.39562088586 1101.458884 1096.2914333772 1096.37475520129 1113.92566238428 1115.49000175 1116.19728031696 1113.77542288184 1116.10687134295 1129.2931678548 1127.87713536841 1124.79636092822 1118.30288412903 1123.82514374298 1105.76842628778 1108.22554695917 1114.60202344678 1125.41899544958 1135.86077037335 1137.30602225928 1142.21307766888 1145.99403357178 1148.43956400873 1147.35427500904 1154.84521030322 1141.42554225561 1148.16748675012 1147.49882216632 1148.8881815882 1149.35381161572 1159.16266540582
-9999 -9999 -9999 -9999 -9999 -9999 -9999 -9999 -9999 -9999 -9999 -9999 -9999 1067.70756471075 1087.50166741437 1100.90856678467 1098.49667013648 1105.28679176526 1092.36658160486 1104.14608800928 1115.94087608557 1114.47542757556 1119.65445327508 1104.81305905542 1124.84758510309 1129.63517151995 1123.72315886572 1118.22323196295 1120.25596845398 1111.73208953308 1121.42362118579 1121.91192199297 1121.44595175452 1126.29224955634 1130.08675542822 1133.82259225561 1143.58357908099 1146.7991364494 1154.26200985486 1151.81891593524 1140.00424932123 1146.8748853338 1150.93286474548 1149.27660132471 1152.36494162494 1148.68658666632
-9999 -9999 -9999 -9999 -9999 -9999 -9999 -9999 -9999 -9999 1093.74249979856 1005.11581738884 1045.85088419458 1050.39438718316 1073.03866579654 1088.39116702781 1094.15065013089 1094.62833776098 1094.73123117823 1095.68854780548 1100.74147045208 1102.44916594537 1115.05068383508 1124.29480226751 1115.27772609295 1108.14662567823 1099.59632336806 1125.05096273058 1128.88208520806 1118.32414713429 1103.10184860358 1100.20643286373 1120.56355397058 1132.71901910963 1135.99590637274 1130.22020861084 1140.1877144268 1145.55436394227 1150.99714433148 1147.34915167321 1141.48044578307 1148.85036658875 1145.50228270765 1144.32301623681 1142.56631181103 1140.99291174775
-9999 -9999 -9999 -9999 -9999 1062.71398925781 -9999 -9999 -9999 -9999 1069.24845017932 1053.54632852381 1051.41497914692 1047.8771391313 1040.94295712952 1060.88964487976 1055.1533725675 1090.51492725281 1100.95363907178 1093.21774089618 1090.21452004773 1097.87026125 1104.95009019226 1115.65635175421 1104.20453235406 1115.58267089355 1116.29265960364 1113.01962596955 1123.0204604386 1126.79671814593 1104.85078426489 1118.02208592261 1120.4199345138 1138.33321612659 1130.85604035144 1133.95739046954 1122.86795780548 1148.22879795764 1146.6626761308 1146.12783880713 1138.97248544678 1151.83257835211 1148.87459882861 1136.77154789636 1131.76665546619 1145.79745621954
-9999 -9999 -9999 -9999 1065.83976387518 1064.39282715149 1077.35903001843 1092.701679625 1059.37942445783 1063.05785850452 1063.4616332171 1066.25667748383 1074.02262059454 1079.97335104431 1057.92985430164 1059.96621290443 1052.55608224848 1086.76933680548 1094.15545519909 1079.72832910186 1090.34940535503 1088.8516136112 1087.35094977015 1104.91637434729 1104.03977771906 1107.63152692371 1121.80958486798 1119.72778351153 1118.99163991607 1103.5577339151 1108.8058127381 1115.59815894654 1134.62337984326 1133.3282702337 1139.14318151776 1131.87054663202 1124.3890980304 1129.55488300708 1129.23988031671 1152.79597918188 1156.28118663428 1144.47608020325 1127.60609416669 1121.98251317371 1136.57106292402 1139.29554233801
-9999 -9999 -9999 1054.87818341405 1067.71415175475 1069.0557530175 1054.54867866394 1068.04467111571 1075.16454474047 1074.55225301691 1049.18852489093 1068.45436615812 1070.12817963201 1060.45147178425 1081.05937948615 1092.82330041895 1085.14494906654 1091.85216408368 1086.24600420081 1070.32544539393 1049.15048824074 1060.82363563357 1097.29978619199 1097.69857428535 1111.17651480266 1119.13805677014 1110.88459245873 1110.17255863704 1110.3056405705 1108.51157723834 1121.17312586118 1122.90791547357 1140.51125996111 1136.92493710223 1138.43238707292 1138.32980577037 1133.74661838287 1109.89971609357 1110.54669944676 1129.7197954146 1144.65272987498 1143.11869589106 1127.60250123605 1143.83367826088 1157.2478464536 1129.38202739411
-9999 1085.5775015 1047.09964622388 1041.36039579138 1052.28219442999 1047.64932742821 1052.18332725555 1046.25166657177 1063.5828731073 1072.712756281 1057.95543010188 1045.91742423566 1064.92447461542 1065.25161271655 1079.32073409752 1090.31130575702 1090.03927891216 1092.24037807629 1088.04099195587 1081.00173763849 1066.71185580323 1086.29781556775 1073.20329097058 1101.8025572572 1098.15173327826 1112.55390180798 1105.68407361261 1124.07791869018 1110.78703788708 1113.89677806415 1097.90481713599 1121.51633846954 1130.47903553283 1136.01711050476 1127.55312038044 1123.95332805243 1133.59178916205 1123.69550676063 1103.44685615272 1113.68940847864 1125.84404241669 1148.69511121624 1153.8733442771 1157.36309165051 1145.73352088879 1141.4269559834
