DATA/PredictorVariables/Future/2040/et_ref.asc
NCOLS 590 
NROWS 274 
XLLCORNER -7.522276026 
YLLCORNER 35.996888128 
CELLSIZE 0.01 
NODATA_value -9999 
[rows 126 to 146 of 274, columns 0 to 45 of 590]
-9999 -9999 -9999 -9999 -9999 -9999 1063.96381662097 1068.89001419834 1057.50843957733 1063.63423650006 1064.69972507709 1069.75809269928 1074.1241164123 1081.87664849853 1083.87962262724 1079.62831032177 1080.37126621819 1079.0867131358 1080.25136532287 1084.56177336571 1080.01501170422 1083.9376277099 1085.19721460076 1085.52838785321 1085.2462818612 1084.62184900232 1084.27814594677 1080.33508813775 1077.79171064032 1069.70051628723 1068.41718266894 1064.12607005847 1057.83800771338 1055.13886250488 1051.5192786701 1044.10214167834 1041.98377855017 1039.26434953863 1038.42190296038 1040.17552077612 1035.76971189667 1032.98144153003 1034.11799020989 1030.43644127612 1033.51722544676 1033.56976281445
-9999 -9999 -9999 -9999 -9999 -9999 1067.66486550001 1046.32151140741 1050.85140040796 1064.7597326264 1068.08390258245 1070.0331338515 1078.8939576228 1074.88009448004 1062.97012188916 1072.39227150928 1072.08247583941 1072.59940189441 1071.42583954578 1076.57619087494 1077.96419001978 1080.85113563892 1080.32589054059 1080.26142983435 1080.34363044836 1080.1413723905 1075.74652454156 1073.40492207892 1072.07458286694 1064.31467749176 1061.26414038196 1059.09810656702 1056.998325526 1050.2720982641 1047.25138930865 1042.72932833832 1040.04987877429 1037.82636193134 1031.0004737738 1035.3164525694 1035.01530037103 1031.8887903717 1028.03229558368 1027.85017455078 1019.09251562726 1029.85287192559
-9999 -9999 -9999 -9999 -9999 -9999 -9999 1046.05923252747 1049.74905599469 1057.47170761572 1049.77255753003 1061.38102429413 1061.59856622546 1067.198685 1063.32296139838 1070.75712353699 1066.68451407465 1059.96130938703 1072.12597493402 1074.99863180877 1077.12396196539 1077.09093187366 1077.48393992871 1075.30339935266 1078.53046513428 1073.80691516101 1073.06678938361 1066.56398461414 1061.04795229871 1063.98635333807 1056.7858350492 1057.10812756769 1055.27376941333 1049.2874887583 1044.70191818274 1040.22156121906 1037.45089792883 1037.68271326691 1036.98475682178 1039.45539646869 1033.40338515436 1028.51448519837 1029.954967125 1018.24587023822 1016.77546871094 1013.81392742133
-9999 -9999 -9999 -9999 -9999 -9999 1044.720526 1046.21170356988 1055.19525184595 1050.08835311572 1052.62796199194 1049.38281800702 1053.76298783392 1057.68124919666 1062.48084040405 1068.36240405951 1072.36063424438 1069.80069499341 1070.54263663629 1067.01744500067 1076.91340597357 1073.82514758978 1074.51089457648 1075.91713614917 1068.6769904375 1070.94904981543 1070.43540883264 1066.96717129614 1066.69065737903 1059.30584768945 1063.26642099994 1058.37405032751 1055.8389264978 1046.40998810522 1046.84315201471 1040.05332401794 1039.18139323981 1039.42121048004 1038.72674631952 1037.12222944403 1033.56244360937 1032.7360388125 1028.80864140057 1025.41450149829 1019.32904109296 1014.17605011426
-9999 -9999 -9999 -9999 -9999 -9999 1048 1032.64433889514 1044.38166880768 1050.19537299304 1047.58670936572 1042.27391917084 1062.42490000842 1053.97761068689 1063.52855376379 1067.90109841931 1068.2748053222 1070.5291119649 1064.17815870459 1070.00121118066 1068.21251549774 1067.2090706994 1071.93586973901 1064.65903768292 1064.84379097235 1070.40309056305 1066.05723536572 1066.09698351984 1066.15434331024 1064.6045156756 1065.76652064905 1055.70760556268 1044.32309870245 1042.77921262048 1045.52374957819 1043.27637945728 1038.17873811591 1038.33993674066 1038.43177903204 1035.57739840222 1028.82987317176 1029.201251 1025.17359430054 1023.56869444836 1016.7070836655 1012.21651572891
-9999 -9999 -9999 -9999 -9999 -9999 -9999 1032.78396593749 1032.54042351489 1031.08959760816 1043.30217544452 1044.34338972986 1056.84805333771 1063.76985750354 1066.77265497278 1060.6136213053 1063.90676738068 1068.30579930865 1063.01690312848 1067.41183307446 1068.46125303204 1064.27541270129 1063.42510212219 1072.90706090076 1062.91658158295 1064.25583488391 1063.60048090961 1065.06235445746 1065.32114054358 1059.45771282868 1066.23468032782 1055.48481661346 1048.00349192731 1045.12182245764 1043.01026009155 1044.33458680084 1045.54940987048 1043.90578094776 1043.70325449072 1039.21987603595 1040.04105040051 1039.51546675476 1028.82062623926 1020.00171263428 1013.45170065091 1005.58198825211
-9999 -9999 -9999 -9999 -9999 -9999 1027.86425100647 1012.63796150583 1026.1295400138 1042.70932544525 1047.75032528662 1056.86279750928 1059.66423157867 1059.73465667541 1060.33013271417 1057.12995408374 1060.54411084167 1062.86618336572 1064.95971118555 1066.67380024438 1067.653652125 1064.03965348694 1062.5742355603 1069.30549122876 1066.41162130609 1067.4030630119 1063.28581004498 1068.63642667822 1066.9676720119 1060.95699946673 1054.84897547101 1054.29071978662 1053.30638656549 1051.00873200226 1050.09267495612 1049.95972428162 1049.1356973327 1049.53888871607 1049.01758720606 1040.41213257099 1047.07457754443 1037.56922546692 1032.33073892682 1017.36559424066 1006.64702377664 1008.39174747449
-9999 -9999 -9999 -9999 -9999 -9999 -9999 1021.23101806641 1035.2760735957 1030.95195988435 1047.71222740491 1056.07444674993 1045.61643747368 1053.07562457165 1045.94816446668 1050.78857724664 1055.3330555913 1053.36358493737 1059.95318561364 1063.03906594952 1058.43940825 1062.1406331098 1063.94955247546 1062.4972249361 1061.86454564496 1067.68172093274 1070.72980275 1072.70684405334 1068.88294869677 1053.76616542823 1060.81336495288 1057.10400022419 1058.32229681452 1056.81513758356 1057.02463231611 1055.45656080183 1055.39071976758 1055.75143582843 1053.77178668274 1050.95685353125 1047.17553128527 1041.99797166894 1033.96253124072 1027.2462043249 1020.74367634562 1027.68938481428
-9999 -9999 -9999 -9999 -9999 -9999 -9999 -9999 1032.75669931519 1018.93400623642 1049.18869392157 1041.02658694549 1033.2662101221 1041.97947102966 1048.38132029724 1047.02379962811 1044.52044106549 1049.46433984204 1052.06606714575 1055.16312939636 1055.38947562048 1057.7350542406 1060.30533311652 1064.64701025928 1068.5318935625 1069.25241747284 1069.57368416217 1066.19759906988 1059.71829809015 1061.78777864826 1061.61348162293 1062.92906528833 1063.34862003351 1063.25291552496 1064.18889891565 1063.8711835 1062.98216324671 1061.32361030792 1057.78485578784 1052.65238458216 1045.01753335083 1043.15260036121 1036.30626907178 1033.21602616028 1030.62845674732 1041.74015558771
-9999 -9999 -9999 -9999 -9999 -9999 -9999 -9999 1040.42895507812 1034.44448758429 1037.88463649072 1033.03712967395 1023.7084465026 1036.83164350806 1041.11875518549 1046.46126105817 1048.88016391437 1050.42613615808 1054.56478688263 1052.12499831958 1057.5434833349 1061.01270990405 1061.13163423688 1062.9533291828 1067.90492038654 1071.6522306925 1070.27237704767 1064.11655084479 1062.26597612995 1068.1519375697 1071.39436356683 1069.70368513428 1069.27924231409 1070.24490078339 1074.08952309192 1073.79165282636 1072.9868028216 1070.61776540302 1071.85266240442 1067.3164001012 1056.29367290265 1055.3693127887 1050.16772446527 1038.15019784156 1051.50029214435 1060.2097519375
-9999 -9999 -9999 -9999 -9999 -9999 -9999 -9999 -9999 1028.37643605707 1019.2979752013 1025.2254171192 1038.16610413904 1035.30647054282 1042.42208171429 1047.4648425827 1048.00359739618 1048.53880506726 1050.71548859607 1050.14417533893 1053.9769487619 1056.45725769012 1058.11553656256 1053.51443897199 1066.0198333891 1069.56790504254 1072.95529484662 1067.94552065369 1072.60229330969 1075.10960127972 1075.63273541748 1078.74900886572 1080.46578193945 1084.31686286859 1085.34110294678 1087.07789718024 1088.67936478485 1087.53729781958 1085.27527291895 1077.2858021875 1074.57259997724 1069.11778686578 1063.50433938049 1054.95924492145 1065.1985506449 1074.49444847235
-9999 -9999 -9999 -9999 -9999 -9999 -9999 -9999 925.871564706013 1027.22997200927 1031.45654697986 1028.43641893555 1032.75474615021 1024.67402170365 1038.2722800622 1046.32930033478 1046.10219270606 1050.15894604321 1050.11080565808 1049.30276414838 1052.6491025094 1054.0668278125 1051.96400772833 1055.13561886578 1057.37831742944 1062.49835709259 1076.66567298627 1070.50027419501 1076.97925632184 1081.20312222052 1083.22347357208 1085.44315586572 1087.70378929132 1090.47814018891 1094.0051495232 1097.30640737842 1105.67538743945 1099.3286452649 1100.29483826618 1097.28244580323 1091.20378550928 1080.85670195978 1077.22060091352 1079.72026753601 1076.27886561377 1076.98722093024
-9999 -9999 -9999 -9999 -9999 -9999 -9999 -9999 1009.91344405069 1016.71430568048 1028.28522510644 1030.49366083487 1028.39682525226 1036.02601637421 1041.46936188355 1042.6542009762 1046.80713499072 1046.13387930151 1042.95626570129 1046.73547877905 1048.63094135925 1051.32317882178 1047.42200814062 1053.59475419818 1055.79460584961 1062.37253775256 1070.31598239703 1072.17574651904 1082.49538685785 1084.30854282269 1088.18984759363 1090.27174887976 1093.22736448834 1097.98011844678 1101.3285945658 1109.82047054529 1110.44785234003 1111.56566489594 1109.16088535101 1110.24884869904 1104.44755028461 1097.46043063587 1092.71407461572 1087.88689684583 1086.36769265588 1084.23381954273
-9999 -9999 -9999 -9999 -9999 -9999 -9999 -9999 1022.99709189566 1023.85463489047 1025.72769720386 1020.59768352469 1022.69666366467 1030.52852358966 1040.85659262805 1039.17273664355 1039.96118744452 1039.95006262915 1044.24092570435 1043.35635521759 1044.9215301875 1043.27789205548 1048.25099406653 1054.70458170135 1055.39469107178 1061.49754526947 1062.65266301648 1064.91293360437 1079.35476165747 1085.97819341821 1089.08909004205 1095.71128165442 1097.7686279043 1103.00744504157 1106.57077123694 1117.25525876215 1115.71833959192 1116.19555289423 1117.45064444678 1116.81563214618 1113.67012788751 1107.14486647223 1099.57262994666 1089.24077332318 1088.1413325498 1088.73956117126
-9999 -9999 -9999 -9999 -9999 -9999 -9999 -9999 1026.90043056262 1018.80489492367 1023.31525913989 1024.99510024548 1029.87392350781 1030.51559127942 1033.88544501709 1028.19029404407 1034.86681028656 1033.48007215564 1038.69759371936 1035.75342612311 1037.35738331702 1042.83438639618 1051.71141489111 1052.76914875427 1056.76401718042 1062.90359442297 1066.60024099286 1071.71609131445 1074.02879178345 1084.76840202142 1091.15196692993 1098.25111273145 1103.55553583948 1106.11487868909 1113.02440452417 1118.97404656165 1118.675493125 1121.7829884613 1124.49184094666 1121.56866204395 1120.54590261682 1111.61245912659 1102.08888932812 1097.41285999072 1088.20635071387 1088.64349941614
-9999 -9999 -9999 -9999 -9999 -9999 -9999 -9999 1025.42433048425 1010.69664125934 1016.01536426618 1031.48912848999 1029.10209909338 1027.46281628937 1029.81900683234 1023.85608725168 1031.61786359558 1027.93356173853 1028.38783767828 1027.99543924933 1030.19490414203 1044.11842701855 1044.54671603235 1049.05682144836 1054.69165404053 1057.6213428241 1062.26968355487 1066.90046944879 1071.37091747913 1083.05835817297 1089.17624386853 1099.63622044903 1101.2297144118 1106.02607735382 1113.25372522235 1118.41064908765 1121.55491617822 1123.82020870374 1121.83689872876 1123.98840902771 1120.01158572174 1107.39731980292 1102.0233642193 1097.53175209497 1090.71600302905 1085.34666155798
-9999 -9999 -9999 -9999 -9999 -9999 -9999 -9999 1018.40394500001 1016.01848723862 1027.83809111029 1027.71893995202 1026.62996170062 1024.61479359979 1024.06003029999 1019.07489502988 1023.84471406018 1027.969973302 1023.03863156391 1026.99053487018 1029.172036763 1038.03328553479 1038.65369609784 1044.39874906897 1049.94928123749 1053.90258206653 1058.95897794128 1062.23473791791 1069.06123478308 1073.86118954126 1079.28095261334 1090.57228807446 1088.43328214038 1108.00754087976 1110.42319894171 1116.59627296149 1119.98303340973 1120.62758859314 1119.04072369733 1118.45385462219 1114.13994830633 1105.71608877948 1101.6006784107 1088.71195648273 1087.95200777997 1082.28569977002
-9999 -9999 -9999 -9999 -9999 -9999 -9999 -9999 1043 1018.37214558701 1032.46644398834 1014.91047899774 1021.2763329375 1021.95113487726 1019.05820654172 1015.06578660504 1020.3395196384 1024.40812124072 1028.63212766437 1028.0690166908 1029.79103345764 1036.69205747742 1041.8518483869 1043.50473244495 1048.8643627276 1049.54967125 1053.72229887128 1056.70805217786 1066.25949039136 1071.99528671148 1076.3025290849 1083.2960484043 1094.17966180163 1086.83606633264 1113 1112.56076100928 1115.10777604089 1113.36441389593 1112.3012266618 1110.54430227765 1102.65726611871 1096.63734048071 1091.34789537262 1083.640919013 1081.21936248144 1076.88811831897
-9999 -9999 -9999 -9999 -9999 -9999 -9999 -9999 -9999 1029.32180310645 1030.13614345062 1008.44748350197 1014.5403945 1012.34043745643 1020.03855148415 1016.78174026279 1016.8633742486 1023.51610362274 1024.52907536835 1024.85277919626 1029.82205699774 1033.57386638885 1037.06299640735 1039.15364449615 1046.70866287042 1047.64411399548 1051.84892105377 1056.2812583869 1060.57094051947 1062.5269552337 1070.96552754613 1077.99735389262 1084.19575925927 1086.31947146075 -9999 1103.47120143749 1105.48438911407 1104.69351378539 1104.86429362188 1099.90594630828 1092.43538214801 1088.68900431976 1083.17858001085 1075.27950640441 1066.51135956219 1066.13113652531
-9999 -9999 -9999 -9999 -9999 -9999 -9999 -9999 -9999 1036.6669921875 1027.96515311685 1016.51811947888 1016.21643237274 1019.08641648352 1013.03589275122 1018.02976443155 1019.67346744922 1017.60478202509 1023.27766099072 1022.79295805655 1029.28448288153 1029.55520037231 1033.86457365338 1037.6640681272 1040.69872450012 1048.12350148761 1050.53137027753 1051.85975682178 1055.23784052283 1057.06319961627 1059.67531767261 1060.76612874365 1072.49066893274 1080.95562573633 1074.45495605469 1094.2266616875 1096.44447772583 1096.92939617804 1093.18315953674 1091.5721876875 1086.96124878796 1080.34314370715 1069.13418925439 1063.71913369433 1062.47751596692 1049.45283254724
-9999 -9999 -9999 -9999 -9999 -9999 -9999 -9999 -9999 -9999 1016.48230779071 994.445492914647 1013.09584547882 1008.05399507541 1016.53558602313 1019.7118243125 1017.77867326285 1014.69780904114 1020.24185194101 1016.95523949887 1023.72397410715 1023.13069248587 1028.66927852527 1036.54485910303 1041.43142135297 1045.98140564807 1051.05029260364 1053.47115537976 1050.84072347156 1050.78526248084 1056.55249661572 1060.69556493103 1066.2204317901 1069.22290835199 1074.06190789032 -9999 1087.20899894678 1085.31397179864 1088.51378974579 1086.697863125 1078.4889852901 1065.73689309192 1061.44742801349 1053.05418255341 1054.75432267822 1050.51023842407
