DATA/PredictorVariables/Future/2040/et_ref.asc
NCOLS 590 
NROWS 274 
XLLCORNER -7.522276026 
YLLCORNER 35.996888128 
CELLSIZE 0.01 
NODATA_value -9999 
[rows 147 to 167 of 274, columns 138 to 183 of 590]
1139.93070278046 1147.65082698791 1162.82006723621 1174.75660450806 1190.47519299738 1196.27294921875 1198.44396972656 1198.25 1199.46203613281 -9999 -9999 -9999 -9999 1166.22204589844 1153.60612391223 1140.56716473145 1137.9123453291 1134.42488560529 1133.85624986542 1135.03175461798 1138.9254992901 1145.65703525867 1149.73022028552 1154.07700317206 1157.84189830103 1164.39880435272 1168.16612425476 1171.9191806972 1172.38795662378 1169.22399648846 1167.40577461401 1172.3621122605 1171.76447024127 1171.37855512048 1169.51774528308 1175.3687697453 1182.24164403149 1183.98088804224 1184.60277441895 1187.33315560901 1186.44122125928 1185.68400111737 1185.35239144226 1185.75655058807 1187.33313682184 1188.50157125476
1131.08415911346 1135.99893332629 1150.68093971692 1171.54767205054 1190.5316928125 -9999 -9999 -9999 -9999 -9999 -9999 -9999 -9999 1166.97841349329 1158.23704715826 1150.99253625928 1146.69121420441 1144.64546264496 1143.54375330255 1140.68132591925 1140.52479620093 1149.21741074432 1152.95150658368 1157.30371689374 1161.28653148023 1165.36446831317 1168.08596427722 1162.87715772095 1162.03287644202 1165.49530561536 1164.72560350195 1166.85659008112 1166.99211663409 1168.54859757336 1174.53373192133 1180.39943722198 1180.72308156281 1180.91540711078 1181.29710726379 1181.16829299408 1180.02611761572 1180.07190084173 1177.0486262077 1178.7041192265 1181.06330088104 1181.45198351361
1125.94725740241 1126.88008267188 1138.84067230322 1165.58801269531 1182.3330078125 -9999 -9999 -9999 -9999 -9999 -9999 -9999 1176.40812124072 1170.18756638971 1161.87057694678 1156.02587282178 1153.09549714899 1151.80877874072 1148.27084429852 1147.53590258643 1146.97229255426 1147.40599677875 1150.34531067822 1158.1526651181 1163.33080769916 1164.15115426422 1161.45044239691 1156.78210888428 1157.97173036639 1163.2385446994 1163.66187178394 1165.86602527673 1165.36705626843 1169.42752145606 1176.53214395233 1177.18154418048 1177.56466005163 1174.57017116461 1174.37757098913 1172.58966919128 1170.52681873614 1170.36271287726 1168.69009106378 1168.44172720886 1170.49560957983 1172.11829423913
1128.43798828125 1127.69995117188 -9999 -9999 -9999 -9999 -9999 -9999 -9999 -9999 -9999 -9999 1176.22688862488 1168.98233725928 1165.68295686572 1162.29270375232 1158.66285999072 1156.36708987274 1153.15068990442 1150.84060369476 1149.31900805548 1150.27828124921 1152.27419875702 1154.35528007721 1159.54778880639 1155.60565702942 1155.78163596503 1158.13169618298 1156.91497464618 1156.9400305462 1161.53680328088 1165.12066581811 1164.61714525647 1171.77829037048 1172.74523450061 1166.74255782202 1165.99504592822 1164.66188171912 1165.62115697925 1165.06544590405 1167.27864472479 1167.42606440546 1166.20790134912 1165.30932348846 1164.75978292822 1166.63473190051
-9999 -9999 -9999 -9999 -9999 -9999 -9999 -9999 -9999 -9999 1176.57105011571 1174.68508726416 1172.63529295324 1167.43846317346 1164.85733725928 1164.14794949933 1159.99403357177 1156.67791646954 1151.29877139337 1149.48942766595 1151.65505605823 1151.8925948349 1153.43023565704 1154.35931043524 1152.86758113385 1153.85626149298 1153.77996356873 1158.73894096472 1156.69052098144 1156.04796392627 1154.39145911218 1160.1182598609 1163.37112918274 1163.56869444836 1164.27023123486 1162.15201305243 1162.75162716443 1163.28376766333 1163.18993796869 1162.42416507178 1162.6757644397 1161.77336281946 1162.17216450854 1160.2326567381 1159.47726824072 1158.6879567666
-9999 -9999 -9999 -9999 -9999 -9999 -9999 -9999 -9999 -9999 1165.56119830322 1171.0633515282 1167.17454056024 1163.58905130389 1164.1386554259 1162.83353662469 1158.05714989587 1156.07967626856 1151.75521992401 1150.73799708807 1149.87678415826 1148.92914120355 1150.55886665753 1152.40247429132 1153.05487276739 1154.68441098407 1156.91869669568 1155.43841000806 1155.43998532629 1153.29208844708 1151.84518885242 1156.47197182751 1160.45605241724 1160.18940825 1163.0444697326 1162.35750336243 1163.0258002146 1163.25734466656 1161.9276256131 1160.35965644678 1159.88965198743 1159.28700672974 1157.92298684082 1157.20663621979 1156.43003937976 1156.51792615796
-9999 -9999 -9999 -9999 -9999 -9999 -9999 -9999 -9999 -9999 1172.6669921875 1167.57615440704 1166.98571316858 1164.49190108368 1163.12624184076 1161.23869759454 1159.9058044715 1158.115622875 1154.5419921875 1154.85705566406 1150.54967125 1147.37719139002 1147.34579834985 1148.80546589593 1150.67507558948 1152.61679521753 1154.17829703992 1151.81071882159 1152.11597505164 1148.81970262549 1147.23052425 1157.22910224353 1159.4421478653 1157.31833177539 1161.35788548456 1161.82850221692 1164.03518740344 1162.87947506415 1162.69378524548 1158.79502293982 1157.59486999951 1154.18361518451 1153.82618710486 1151.47111070514 1150.15300909192 1150.20469468713
-9999 -9999 -9999 -9999 -9999 -9999 -9999 -9999 -9999 -9999 -9999 -9999 1165.09997558594 1164 1159.78293838812 1158.85705566406 1156.77795410156 1158.8330078125 -9999 -9999 1148.5 1148.30807072931 1147.77538825824 1147.91643779712 1148.56301509454 1151.24789659155 1153.20439585651 1150.44868121796 1148.42440658093 1144.63849148914 1147.02679305798 1161.96716961572 1160.06374253101 1161.54987444696 1163.96961075769 1162.14570342822 1162.90433737378 1162.51809208441 1161.38866332336 1159.86933762427 1158.35333784192 1153.44945206525 1151.90434331024 1148.70247987335 1146.90377204175 1145.71709046289
-9999 -9999 -9999 -9999 -9999 -9999 -9999 -9999 -9999 -9999 -9999 -9999 -9999 -9999 -9999 -9999 -9999 -9999 -9999 -9999 -9999 1146.81042587549 1147.11890288202 1147.62045997424 1148.06322747211 1148.329245625 1150.64621361712 1147.49896280322 1143.4641980459 1142.59044123847 1146.16749220063 1157.96729281725 1159.07762224261 1161.66537512212 1163.51336010869 1162.33730430334 1161.61631902545 1161.16224845556 1161.37913219678 1159.90311354236 1156.65498017822 1154.01937514636 1150.93010496729 1148.4201981236 1145.3522366261 1144.58447481024
-9999 -9999 -9999 -9999 -9999 -9999 -9999 -9999 -9999 -9999 -9999 -9999 -9999 -9999 -9999 -9999 -9999 -9999 -9999 -9999 1145.94001480322 1147.37212151691 1146.34665657605 1144.97937927801 1146.60780523724 1145.66762156726 1141.30186968292 1140.50181300928 1142.48844808252 1144.52318192786 1148.67203258368 1150.64386303168 1150.51095866028 1151.50081652447 1152.35657888214 1158.63275436853 1159.29303339496 1158.98202381689 1159.08300613208 1157.71687875928 1153.15238174988 1152.73700511121 1150.44970559924 1147.27393576837 1144.68433668451 1143.83260579132
-9999 -9999 -9999 -9999 -9999 -9999 -9999 -9999 -9999 -9999 -9999 -9999 -9999 -9999 -9999 -9999 -9999 -9999 -9999 -9999 1145.06643658105 1145.20884353339 1143.55870721674 1139.2554544422 1142.04910375159 1140.9412939184 1139.67477879657 1139.84655241901 1142.9633657265 1143.26046704187 1149.06304162726 1149.41187299579 1149.34392876978 1150.63928902106 1153.31983609558 1155.84225424774 1156.47929657178 1157.62517867328 1157.69933050806 1157.83216723834 1154.78029146704 1152.85394439514 1149.13348772949 1148.72513937079 1146.44196845416 1142.13445182184
-9999 -9999 -9999 -9999 -9999 -9999 -9999 -9999 -9999 -9999 -9999 -9999 -9999 -9999 -9999 -9999 -9999 -9999 -9999 -9999 1142.3330078125 1142.15405273438 1142.3330078125 1141.55603027344 1141.6669921875 1142.72204589844 1139.8330078125 1140.22241939722 1140.93436762518 1144.78801744183 1148.37871234296 1146.85269526611 1150.08724038428 1150.78693881195 1157.39799145837 1155.8343184256 1155.54843531702 1158.60162928308 1160.06290731934 1160.09166610114 1158.83915050769 1154.3658941897 1156.02450427325 1151.18136743298 1151.95560608264 1146.07715873737
-9999 -9999 -9999 -9999 -9999 -9999 -9999 -9999 -9999 -9999 -9999 -9999 -9999 -9999 -9999 -9999 -9999 -9999 -9999 -9999 -9999 -9999 -9999 -9999 -9999 -9999 -9999 1139.87299820166 1139.45946900244 1141.89141554944 1143.43797485657 1145.279474 1151.51365374548 1150.79562537762 1151.83052506879 1148.46338343048 1155.00541706781 1158.93318044226 1159.87482821771 1159.46866089178 1157.69457402539 1150.40233202203 1155.82094217664 1150.41891978626 1149.73634625452 1146.61142711646
-9999 -9999 -9999 -9999 -9999 -9999 -9999 -9999 -9999 -9999 -9999 -9999 -9999 -9999 -9999 -9999 -9999 -9999 -9999 -9999 -9999 -9999 -9999 -9999 -9999 -9999 -9999 1139.59997558594 1138.39874049756 1139.83620273022 1141.07104492188 -9999 1148.410187784 1147.01305468048 1147.19395408356 1147.46706545868 1153.64805146674 1155.49873382812 1156.82568086188 1151.96354908832 1153.933126125 1154.22042016254 1152.6878105625 1151.39408400934 1148.86339616028 1150.82575600403
-9999 -9999 -9999 -9999 -9999 -9999 -9999 -9999 -9999 -9999 -9999 -9999 -9999 -9999 -9999 -9999 -9999 -9999 -9999 -9999 -9999 -9999 -9999 -9999 -9999 -9999 -9999 -9999 -9999 -9999 -9999 1140.75 1143.84481190021 1144.17294573633 1145.68479326355 1148.50129857629 1149.70770037048 1146.41469546924 1148.2119246875 1148.16762859821 1144.906939625 1157.74548688751 1150.534833875 1151.45699946673 1140.34589318653 1153.85597560651
-9999 -9999 -9999 -9999 -9999 -9999 -9999 -9999 -9999 -9999 -9999 -9999 -9999 -9999 -9999 -9999 -9999 -9999 -9999 -9999 -9999 -9999 -9999 -9999 -9999 -9999 -9999 -9999 -9999 -9999 -9999 1140.65993425 1141.10371949548 1143.97925666241 1145.90271484594 1149.96840926684 1142.65929121692 1143.60991276111 1145.66689097467 1149.46798569488 1153.37575509953 1150.9607760454 1145.12017661798 1142.96021205322 1162.94648307756 1163.39939905693
-9999 -9999 -9999 -9999 -9999 -9999 -9999 -9999 -9999 -9999 -9999 -9999 -9999 -9999 -9999 -9999 -9999 -9999 -9999 -9999 -9999 -9999 -9999 -9999 -9999 -9999 -9999 -9999 -9999 1138.22980275 1138.73239050531 1140.16299068048 1138.54042690442 1136.0441907204 1141.1584369375 1145.73356516614 1146.79996210644 1146.64483503344 1146.81073740405 1140.95963790442 1135.50254422778 1136.63559205249 1138.78577768774 1143.77883713202 1148.51357870331 1149.39058529101
-9999 -9999 -9999 -9999 -9999 -9999 -9999 -9999 -9999 -9999 -9999 -9999 -9999 -9999 -9999 -9999 -9999 -9999 -9999 -9999 -9999 -9999 -9999 -9999 -9999 -9999 -9999 -9999 -9999 1137 1140.03870179999 1139.58377984296 1135.92583500916 1135.55174927368 1146.38754850226 1141.6217585625 1141.43597633105 1135.62645874298 1131.29166445392 1131.73043961798 1128.6218340852 1132.23936792144 1132.78868865198 1140.8744129718 1136.50183446008 1144.05474875195
-9999 -9999 -9999 -9999 -9999 -9999 -9999 -9999 -9999 -9999 -9999 -9999 -9999 -9999 -9999 -9999 -9999 -9999 -9999 -9999 -9999 -9999 -9999 -9999 -9999 -9999 -9999 -9999 -9999 -9999 1138.46956749878 1138.91517917822 1139.71477512219 1140.67725221429 1143.59997558594 1134.94387736572 1136.26838424072 1137.71413971796 1133.02900598205 1127.05631514148 1124.64696844086 1118.06671141394 1122.23209902295 1130.40944298889 1135.16474188428 1134.08932233716
-9999 -9999 -9999 -9999 -9999 -9999 -9999 -9999 -9999 -9999 -9999 -9999 -9999 -9999 -9999 -9999 -9999 -9999 -9999 -9999 -9999 -9999 -9999 -9999 -9999 -9999 -9999 -9999 -9999 -9999 -9999 1139.05561813647 1138.43200842834 1138.28875075 -9999 1137.69430800451 1135.85118582403 1135.24504592822 1121.44606715857 1121.39642516882 1116.82128327014 1113.48371368854 1120.50474253204 1128.63623319977 1119.06822475 1116.86365586414
-9999 -9999 -9999 -9999 -9999 -9999 -9999 -9999 -9999 -9999 -9999 -9999 -9999 -9999 -9999 -9999 -9999 -9999 -9999 -9999 -9999 -9999 -9999 -9999 -9999 -9999 -9999 -9999 -9999 -9999 -9999 1135.53028058929 1133.95382435938 1130.37805062268 1134.54507312494 1127.27741739191 1125.16518416016 1131.32107663647 1114.39202378308 1112.74638464252 1108.64293237976 1111.75373802588 1117.04071019678 1121.93771793304 1106.54687619903 1115.2654585
