DATA/PredictorVariables/Future/2040/et_ref.asc
NCOLS 590 
NROWS 274 
XLLCORNER -7.522276026 
YLLCORNER 35.996888128 
CELLSIZE 0.01 
NODATA_value -9999 
[rows 126 to 146 of 274, columns 46 to 91 of 590]
1044.46825490796 1059.59594963586 1064.08367584979 1077.98785350219 1090.72954137049 1107.89051281249 1106.78809027678 1113.64036004601 1074.62646602408 1107.27700752521 1101.3513903728 1084.79384007705 1105.96756377943 1101.34567243752 1090.05241756764 1095.95128131476 1096.26107074347 1093.56363536499 1091.96299836413 1085.10352283221 1081.37785421673 1077.16204415216 1075.85342439495 1066.57415324658 1062.64311670807 1063.64393624805 1055.63252470361 1067.19489300695 1064.36139561376 1047.2789566867 1032.4655223523 1043.42346479395 1033.07347123475 1028.68254851557 1032.9485443631 1021.86586576835 1024.20647353485 1013.06678344714 1004.78043650472 1017.78809633842 1030.79436685152 1046.02637521797 1036.69878824336 1049.21342368041 1047.50629662093 1083.60988542187
1038.01951180856 1055.92324114135 1057.47482417127 1073.06566122583 1095.22684052942 1100.18731348163 1096.21571836573 1100.41682294019 1105.25430816558 1105.98728771289 1100.85358918628 1109.00031569678 1113.03358135644 1116.96702317822 1106.8423184715 1100.63472811847 1094.6409487066 1089.67310094977 1085.2866311413 1080.58735578833 1077.1200558634 1071.26981703693 1067.94725741437 1060.58138760296 1062.36292277179 1060.75571205163 1054.60412015289 1059.10459545434 1056.01769474786 1034.98944307556 1037.30629052259 1046.57324062726 1043.81587315808 1039.90961561377 1038.44375829157 1033.15817482013 1028.53386227051 1016.22159846955 1022.68103608124 1035.42872630774 1054.12303466956 1061.77316905323 1057.48060542139 1050.15236351753 1067.02372662842 1083.35127746375
1023.25695397671 1040.75685588763 1060.02092065906 1073.13046025 1099.55283681946 1106.58484582599 1112.90906631726 1102.19984780463 1082.56548858179 1105.76924468524 1098.55071476379 1113.4091181828 1101.620462 1100.18934349311 1114.27185201361 1098.72301589856 1096.47750856671 1091.26105329138 1079.78909725879 1074.17139949774 1071.16327246826 1067.57073113415 1059.45627203027 1052.52894296948 1057.05168153174 1056.20293879395 1057.02767577917 1055.61358289966 1044.97745115808 1026.16066200788 1048.33207595593 1049.60633653039 1042.51144571076 1052.05744328729 1048.87407081183 1050.88030702625 1045.31327647882 1042.2199509375 1029.23180825928 1051.31274784333 1054.73702215405 1078.46708414587 1091.42612999298 1091.85117916644 1075.15468337335 1085.79667300684
1020.6412324155 1029.80306787225 1061.5564483949 1075.9324506875 1094.57022253766 1103.09876542371 1111.06473151086 1102.5886688125 1101.13670303399 1105.20992414099 1099.72537230853 1106.5482791897 1105.85703562506 1109.95687784564 1105.43704504248 1093.9166168277 1092.56139787726 1084.62209949213 1074.86709347418 1068.52665241632 1061.42548211859 1059.60846891852 1048.11789221796 1050.71531183185 1049.46754633929 1054.21789937048 1054.43657971143 1052.42420071381 1050.98617447223 1050.27415521753 1037.84344720325 1041.0111400611 1053.58145754651 1056.05243682404 1057.74600058264 1055.98741049323 1058.39488155322 1061.99996968524 1060.53653943048 1064.3966543006 1061.10967884015 1080.12593343225 1091.76118518103 1096.77502587781 1085.72314812158 1089.01995869226
1019.13859923196 1034.47354569397 1060.77998163001 1077.18764955799 1092.74072703204 1097.4878415293 1099.51766274072 1113.48132658325 1080.65405277521 1108.13654201752 1098.00389773053 1099.13988953784 1099.72241443201 1110.20293438599 1106.99584273425 1090.09196146551 1081.60366720398 1076.76069440045 1066.13272305926 1058.4463658125 1055.44937026074 1050.54617738495 1042.2678780625 1049.16065620727 1046.045958919 1049.65374465448 1052.06831395471 1050.11020908002 1051.14891939947 1050.84467645715 1048.810491375 1038.46654352552 1047.87678415826 1053.8272666532 1056.72687700928 1061.63193160376 1055.75968456702 1068.91399966412 1080.03810184522 1076.35098625 1073.09873249811 1083.19678937726 1094.44864608991 1094.92940090741 1101.48710729529 1072.97562034418
1014.93855858325 1033.28486536573 1062.02710095728 1084.52826963361 1092.56339841657 1097.27624971009 1102.71027217829 1116.75540058698 1105.8491715603 1100.86666419916 1100.80506103528 1106.47675211536 1110.86388138971 1111.18876929236 1103.62641184265 1082.7253631112 1076.53416035852 1069.11027113806 1057.28064798688 1050.74308849524 1044.9973206217 1042.86377661871 1043.26717526166 1043.518653875 1039.63955600842 1045.48782274213 1046.3367478233 1048.08352224548 1046.91982371832 1046.74980064984 1047.76988155322 1048.40401113263 1049 1043.49690710162 1054.82305646283 1060.17410968805 1064.90093169501 1072.21297051959 1084.59115398645 1083.86899500226 1088.86506016596 1106.94905670642 1109.04996939471 1107.25018002509 1107.31916799353 1101.96243954187
1026.041568323 1048.76273350928 1064.98268243299 1087.41624499738 1103.05773376318 1109.79731543073 1114.94221976984 1121.15893370172 1110.37432410046 1110.17268960736 1112.12332361694 1115.69734407214 1118.24011669678 1110.39628050452 1101.34167546234 1076.55289903418 1073.60912164618 1059.13566554944 1049.00772840979 1046.67502342663 1040.20525493726 1039.04775069415 1035.8824946814 1038.53661656952 1039.77355741632 1042.82180807165 1042.75847586853 1043.9842121499 1041.99800854608 1041.04361885467 1042.779474 1047.67333026935 1047.59353623846 1044.15718396167 1060.79506027423 1060.8733159881 1072.52029131995 1071.83331610907 1086.67997608661 1091.3706370838 1098.78176818329 1106.9316869118 1111.74771343359 1114.72232349493 1113.495361625 1116.3138334281
1036.53218442372 1056.12990388667 1074.75504415431 1096.78626230323 1109.44657108716 1118.58153573285 1118.01902082813 1116.99764433265 1109.71576478077 1123.99060129553 1114.55295875002 1122.52215879841 1120.59392831251 1112.35613696832 1099.27968192157 1083.18226861273 1071.10390121295 1055.13077995746 1047.54386475983 1040.76959069678 1037.73228886651 1034.89495245129 1031.27365779132 1038.97974261297 1039.79300454394 1040.32647151563 1040.41616205774 1038.51825235107 1038.21730239514 1035.29842589105 1038.70869234735 1042.55063825787 1041.97883855768 1046.02260771515 1054.71971192249 1065.76220249072 1071.65905371844 1081.63995232178 1089.31752424353 1096.3924518269 1097.17085475001 1106.36718408265 1113.05501001953 1115.76751300647 1117.22113255323 1118.89556470039
1055.59802402942 1069.32859287342 1088.12494540692 1102.91153858789 1116.19810768311 1121.60420697455 1120.02438980048 1127.765558875 1121.00749862098 1124.73660460657 1134.22290202301 1131.24580258429 1126.38758378699 1114.61308667334 1102.66467468042 1086.02443699335 1069.77937964948 1053.89031407629 1045.57344811548 1038.470425625 1034.8412938855 1032.24123559332 1035.59801528937 1036.48214700647 1038.65615631952 1039.87127745325 1037.61869127838 1035.00485392541 1033.22117112274 1031.32439701013 1034.79415634216 1038.27481062079 1044.29480631818 1043.02506535468 1055.43797281885 1063.30746062268 1070.54068344739 1079.96522675451 1085.23779750928 1094.3387999115 1103.13857408344 1112.08597212274 1114.87880803333 1121.78623729901 1125.00066170831 1132.07476871655
1070.97499511573 1083.20651833356 1099.38091561719 1111.46484411121 1119.12234946076 1125.70249916974 1128.79568950141 1131.79580372229 1141 1132.82299804688 1139.78894042969 1133.83648381622 1128.37082946234 1122.56869066632 1106.94908082086 1088.4386324375 1070.29552651917 1053.76017948694 1044.84448117438 1037.84975740057 1032.01832444904 1034.71139694653 1038.03492684979 1039.2494838866 1037.07241588867 1037.67831849072 1035.7018839812 1031.64768653937 1030.5921866225 1028.11002318323 1032.47023915424 1037.89184086572 1038.43945832318 1045.93347929614 1054.33082140442 1062.18468863251 1071.46512128564 1072.98766472986 1087.13538948144 1100.14271659595 1105.71268461639 1107.87464404132 1123.49212639258 1128.48853475226 1130.01873936157 1137.504638375
1083.9415564978 1097.35568826349 1106.17916921674 1112.87740042999 1121.69401422058 1122.68406921661 1133.89991360663 1132.86850813238 -9999 -9999 -9999 1138.44438739075 1137.24238688232 1127.95506918042 1113.87846031268 1092.83142586798 1074.56718144092 1056.17495996875 1047.87913219678 1038.37352769171 1038.55936492633 1040.2572407901 1041.80729052081 1041.63961950629 1038.88632512006 1039.24243588428 1033.99560189905 1030.88263056976 1027.82386616022 1026.01690658191 1028.08985042822 1033.48599275476 1037.324506875 1040.750351948 1053.29751803699 1061.52175057214 1070.07966847107 1076.05713499072 1086.28538063654 1096.18563031952 1104.79043594983 1117.75988330322 1125.02275699213 1132.47737940546 1132.03167038324 1136.79013312048
1086.97782827417 1096.53413106219 1110.03702650012 1111.46461767108 1121.58774488208 1127.53606059869 1125.12949327734 1125.28320779376 -9999 -9999 -9999 1142.77737013428 1141.49160660907 1134.29989780682 1119.39910587024 1096.7107144494 1076.87852197821 1058.25481879737 1048.80140543982 1045.58488262726 1044.55332175159 1043.53259636334 1043.16317073425 1047.96585732221 1044.56535233136 1039.50197485638 1034.94644898077 1029.81669118628 1027.26273729132 1026.5620206994 1027.50710896521 1033.9133346543 1034.66213436334 1040.96871299072 1053.02736210815 1060.4035114881 1068.93336007007 1071.05157637952 1087.25057128045 1091.66988146033 1106.8365727395 1116.00645138428 1120.03220724548 1132.85925611798 1138.62135275928 1146.24712821924
1081.75096249994 1092.72037617773 1104.33116805383 1114.04738446692 1118.2912503551 1122.52923360925 1122.24525575885 1123.04836062494 -9999 -9999 -9999 1144.18241211798 1142.4037985625 1139.03449791535 1121.67112894501 1106.03839100928 1089.650003068 1073.70473213758 1064.22785186743 1059.85200475959 1054.68302060895 1053.80477938813 1053.49716106897 1052.23782273017 1050.22289910748 1041.89553377167 1036.96420739514 1031.68541996771 1026.39669953247 1026.60368556256 1031.09304687445 1034.28413744397 1038.15230887885 1046.02674075452 1051.82287762091 1063.3927718797 1067.16246898791 1072.94674746606 1078.65017170135 1092.81183337408 1101.09487338427 1112.36953975 1111.60035483252 1125.27466258368 1138.01557546057 1158.05419213129
1084.50230969763 1091.97786778625 1096.08488924878 1105.07165086114 1104.08845868457 1111.80235219202 1122.40700896655 1132.79382400787 -9999 -9999 -9999 1151.72634220868 1149.779474 1143.44578945014 1131.83849240558 1117.2249656388 1106.13264121887 1091.11934802149 1079.66610481775 1074.75616063257 1070.02630587165 1067.30411005097 1064.3411746994 1060.51137196845 1056.65032310407 1048.36616754688 1041.90027788416 1034.70485912116 1031.0583973158 1029.07588719104 1032.18458689374 1034.24158537494 1044.98337529388 1050.66861726227 1048.94293762842 1061.7512800697 1062.76515105798 1063.32296727008 1075.0263067334 1085.00743268335 1089.20848780335 1109.11271287726 1125.65983856439 1142.70341878479 1152.68234738501 1162.2153528244
1085.57749771796 1084.23521062048 1084.95153158789 1092.76349165301 1097.38822365918 1102.68836063275 1110.66955036114 1113.0993425 -9999 -9999 -9999 1145.88564337274 1144.52539198834 1143.9351594093 1137.20707076209 1127.12468550311 1116.46898455078 1106.32899344281 1097.44208919678 1092.98733400403 1085.57551166736 1082.10268725671 1076.31575533576 1069.90111553082 1064.26438488812 1056.01895173914 1046.38546389771 1038.28461771539 1034.20432816736 1032.11096191406 1031.16740278009 1037.86793257263 1042.15785946393 1048.13457500665 1045.55323330865 1058.24140743475 1052.88492151544 1057.05460008893 1064.63285058093 1076.72004489075 1095.09585191254 1108.33764240546 1130.50176915314 1144.81973261163 1156.3515330874 1166.75663310175
1076.5473520625 1074.66872510138 1077.61411974994 1078.09087187726 1080.57579154132 1076.94276502679 1089.9941253706 1102.89048132177 -9999 -9999 -9999 1133.60519111309 1131.85481121667 1128.37766385919 1132.27408263427 1128.33239024091 1122.12979355975 1115.31263537872 1111.41122289111 1104.73268243299 1097.997005375 1091.36804199219 1084.38903808594 1079.73303222656 1072.5 1056.3330078125 1050.73901367188 1040.90905761719 1036.5 -9999 1035.14294433594 1040.05084908368 -9999 1035.66303093042 1025.64232918738 1037.20959199945 1046.76027729828 1063.04971815033 1074.74609674225 1084.57090072681 1101.48138954779 1113.41104698145 1126.29897074353 1139.74633552386 1153.41349894836 1164.02813413861
1075.56501480322 1066.66357701801 1063.32808282037 1062.15864562085 1061.46581721942 1063.93617506726 1067.76753290075 1072.15892736798 -9999 -9999 -9999 1111.34948691894 1109.97828180425 1106.67418883612 1106.53232303009 1120.19015257177 1119.76196289062 1115.88333738129 1114.12529447461 1112.52144276086 1110.5 -9999 -9999 -9999 -9999 -9999 -9999 -9999 -9999 -9999 1029.81494140625 1032.6806359978 1025.23413619403 1029.72968910309 1038.72437337677 1047.76905589618 1048.47087404926 1064.48207548248 1072.74279379199 1082.76522048035 1099.08491757861 1115.30183027081 1129.90932769678 1139.40580590002 1152.64121561334 1162.21360491736
1073.51013719452 1065.25157985486 1056.07047505322 1048.86265895727 1049.54884960364 1048.06050011029 1051.76925621283 1057.7362255119 -9999 -9999 -9999 1088.00645138428 1083.41915668274 1082.66986143328 1082.17890021557 1087.67281385864 -9999 1113.59997558594 1114.5 -9999 -9999 -9999 -9999 -9999 -9999 1069.5 1064.95190572455 1040.73666635925 1026.23338554679 1027.65784805304 1030.06299602679 1030.67583783667 1033.10419642541 1036.99526908356 1041.03447192792 1046.5435355625 1052.04749206629 1062.71407461572 1073.30470786414 1088.89545621124 1099.64592700476 1110.83005176898 1124.93178897919 1138.77108800928 1150.08376093909 1158.49625819208
1064.74597027984 1063.22335136572 -9999 1043.82977833594 1039.16857413202 1040.14294433594 1045.7667311695 1053.44750338428 -9999 -9999 -9999 -9999 1068.44995117188 1066.46888224999 1069.27092276067 1074.16225970257 -9999 -9999 -9999 -9999 -9999 -9999 -9999 -9999 1081.78011912273 1069.35841470599 1056.72699956098 1047.52699961579 1044.28693687421 1040.11283692139 1033.20371956446 1030.34352250929 1028.49700537501 1042.76988708044 1046.35736232825 1054.02674075452 1062.54628137811 1069.46202674292 1078.10927270355 1089.02113005633 1098.43627676538 1105.46905770239 1118.82108783545 1129.50746374072 1140.67680373809 1149.8124681524
1057.93781835522 1059.23579199999 -9999 1042.59997558594 1036.90002441406 -9999 1052.43650616644 1057 -9999 -9999 -9999 -9999 -9999 1058.9821219375 1061.16667649072 1065.77651986554 -9999 -9999 -9999 -9999 -9999 -9999 1090.12968940271 1087.12619311938 1074.73700922663 1069.39596905182 1062.31746987909 1055.20450108478 1046.5820050987 1045.36580426386 1043.3445957406 1042.04229962952 1042.83139555322 1041.50236570728 1050.99263546307 1058.47947039178 1062.09873882709 1071.71085847583 1077.2066029895 1083.92491808643 1093.28644269757 1102.59896701153 1113.19930494183 1123.993717875 1134.68102225928 1140.02358272589
1040.80929317371 1032.84761825012 1050 -9999 -9999 -9999 1057.15405273438 -9999 -9999 -9999 -9999 -9999 -9999 1056.625 1055.90710888428 1056.6669921875 -9999 -9999 -9999 1083.74014036114 1082.57024359119 1090.84776400415 1087.71466396942 1083.75365634527 1078.70337723022 1069.71517404638 1064.30979872601 1059.12310225873 1056.69169503308 1051.51423376599 1048.92179112647 1050.54130388257 1051.6623538125 1047.62934751855 1052.70267294171 1057.09750448651 1062.88518894812 1071.50587430798 1077.00061033527 1083.51420162543 1090.6903669151 1096.0835487782 1104.59956222974 1113.68711769684 1123.21028261792 1130.50740266113
