DATA/PredictorVariables/Future/2040/ic.asc
NCOLS 590 
NROWS 274 
XLLCORNER -7.522276026 
YLLCORNER 35.996888128 
CELLSIZE 0.01 
NODATA_value -9999 
[rows 147 to 167 of 274, columns 322 to 367 of 590]
18.2244069382706 18.2330826027203 18.1595858507786 18.1979807251844 18.1673911551475 18.1839447307958 18.1439457226171 18.1706190310373 18.2028240744829 18.1782090857105 18.0769579495106 18.1199766370249 18.1350646815891 18.2453320424471 18.3139657089205 18.3823344510689 18.3291018383064 18.290936286397 18.2655901803884 18.2685926698189 18.2787992098703 18.3245393419266 18.3012082164774 18.3528995314445 18.3952777182188 18.4379359970579 18.4483552370529 18.4772387336683 18.4382921192388 18.4456124882364 18.4773404624729 18.4875751501427 18.4856121321764 18.4587474515696 18.4988629759321 18.5435340573883 18.5398519682093 18.4749290834866 18.4697457672863 18.5026322840033 18.5234410017881 18.5772284825964 18.5648383656244 18.5533942640543 18.6487890530415 18.6722879422169
18.153788213808 18.1156171432123 18.059703853548 18.0590338684091 18.0939131214981 18.0214898474827 17.9891463455963 17.9709931046657 18.025635926301 17.9787546178284 18.0021949245129 18.0390775599222 18.0920897653341 18.17702611765 18.2100022657585 18.2613056620035 18.1975433856411 18.1962137503109 18.1906339166937 18.2136665932112 18.2669828231926 18.2430266860809 18.2259088274116 18.2530093322649 18.2446888727236 18.2808316144199 18.3495389604568 18.3726564860935 18.3696888727236 18.3458436501627 18.3441122240171 18.4304868148699 18.4709025841837 18.4287596872091 18.4504806943788 18.4465807868776 18.4196628886146 18.4309825760298 18.4321702806206 18.4427066831083 18.4697806129541 18.4973910788536 18.4938797251568 18.5191280965652 18.570807103941 18.576656979063
18.0643879406738 18.0264434912186 18.0223563384647 17.9806304299221 18.0097584069633 17.9527940031309 17.9440363184385 17.9145089164667 17.9199372062359 17.9091696440611 17.9456533744964 18.0021391264706 18.020654770484 18.1513869781256 18.1533492905426 18.1640890695639 18.1489156503105 18.1446888348274 18.1345501554613 18.1804868148699 18.2079615180406 18.1743960637255 18.1327029495458 18.1199766370249 18.1533836494617 18.2058621246319 18.2513983745317 18.2164898858805 18.2783836494617 18.2881082005377 18.282795490612 18.3281594262857 18.3452606449442 18.3603941786356 18.3897144034014 18.4193783941965 18.2790433236513 18.3235118867998 18.3656470749512 18.3692834512243 18.4532915088873 18.4448043797169 18.4862020871267 18.5024568946009 18.5380801383619 18.4987230744553
17.98300321103 17.9825455933247 17.9850459882583 17.9544236979284 17.9349302389192 17.9091922824945 17.8491924729786 17.8294687620907 17.8140304571333 17.7670680604658 17.823731777009 17.8943092019453 17.9307231557483 18.0348456185932 18.0580883801393 18.0697525245952 18.0956545568018 18.0587889004535 18.0568459527836 18.0744055414572 18.0573197351236 18.0713281996879 18.0234410017881 18.026468409894 18.0405897989187 18.0817107594528 18.1084875106401 18.135335566205 18.1661896783724 18.2047922382421 18.2378880009279 18.253760106575 18.2822819743137 18.3073620560932 18.3623222691555 18.2605465203771 18.2257165876265 18.2604250902643 18.3285687504682 18.3837233033371 18.387390468502 18.4579959114342 18.4800069729576 18.4984239509411 18.4659125121307 18.4510965843744
17.9145054871253 17.9401848531026 17.9182448608665 17.9239750398263 17.7918589244622 17.8290178329333 17.7801850056905 17.7461583089799 17.6839712932758 17.6761376840715 17.6796163982791 17.6827143147449 17.7538590309838 17.8647810895919 17.9085453301915 17.9521358927163 17.9723804642609 17.9711899835481 17.9655804916076 17.9742201018933 17.9704624377555 17.9521949594668 17.9517673942393 17.9238531242789 17.9515830940684 17.9839455316313 18.007152329173 18.0366738808755 18.0874880912847 18.1433205316476 18.1690540582094 18.1883944929361 18.2202322690238 18.2577943083067 18.2629338348626 18.1620341593103 18.1909359049272 18.2256363377104 18.2477482188206 18.3279908820133 18.3208436880588 18.3980282153043 18.4033370472716 18.4176114193229 18.4185591287403 18.4273265877485
17.8076630265407 17.831987162755 17.8293308172292 17.759539159399 17.6446888348274 17.6643429671621 17.6632815046463 17.6347344745063 17.6050818311577 17.5832812685642 17.5477100904836 17.5467038375358 17.5855672367792 17.7238808500423 17.7839736009683 17.8274492190408 17.8245392028026 17.8775587505388 17.8691537895508 17.8555900607357 17.8308315465841 17.8369067991018 17.8487879086323 17.8013865966558 17.8271358927164 17.8249423424978 17.872148690897 17.9696327411003 17.9989456740684 18.06149076301 18.0932198179369 18.1415191754188 18.1609651500206 18.2168944502268 18.1413348752479 18.1100650630588 18.1061206563129 18.1814186142959 18.2226386494264 18.2589201822195 18.2716630308523 18.2956470338707 18.2997228337584 18.3562939604216 18.4008324536533 18.3977481809244
17.7407421039982 17.7200981050338 17.6760230997238 17.5986563182468 17.5434775442953 17.5248453897113 17.5188527812071 17.4683193872385 17.468325471569 17.4189497494535 17.4272992997722 17.364837602685 17.4168596499586 17.5650697654752 17.5887785910368 17.6163400499077 17.7097635340767 17.7193365638428 17.7474555315609 17.7353505151806 17.7026682441406 17.7251417650451 17.7587877560444 17.714523809269 17.7428294207525 17.7694115932465 17.8014405281878 17.8504159607525 17.9191924400434 17.9842385624647 18.0184304934292 18.0668018902864 18.1234410396843 18.158984253457 18.0428980931911 18.0745958550196 18.1115468567371 18.1116394466171 18.1503476697836 18.1837241041727 18.2213777344236 18.2462129873714 18.3071820235424 18.309163412322 18.3438758390064 18.3834476255312
17.5931166183862 17.5586607394094 17.4849313833284 17.4278988356523 17.3714795764637 17.3500598162813 17.3805958017759 17.3669760141048 17.3321554764299 17.2600303002338 17.2677289632854 17.2686606621608 17.2707533631639 17.3584120618705 17.4175485492649 17.5220763706026 17.5952832671899 17.6000414677581 17.622923449152 17.5783377210216 17.5991359598856 17.5834179699831 17.6584302346077 17.6738798924312 17.7010981670236 17.715242548501 17.7957514796486 17.8264256999512 17.8871819472485 17.9120499565191 17.9481772788782 18.0607397111854 18.0634748556347 18.0454374158373 18.022823750433 18.0366696132555 18.0845726986084 18.1075993746691 18.1239151935015 18.137297527092 18.1519634947224 18.2112005612478 18.2524716713886 18.2682446185656 18.3059126647186 18.3502886379871
17.4280087561234 17.4196740065907 17.3454624377555 17.2827068356961 17.2296609943723 17.1995982129411 17.1958749676045 17.1873979887503 17.1684984862241 17.1159367057628 17.1084990202817 17.1218841408099 17.1451911361169 17.2196021630524 17.2576792206792 17.3340882851427 17.3303116978997 17.3941823889998 17.4182932441243 17.4146303465794 17.477299262329 17.4420079935903 17.5179867769736 17.5255256129894 17.5687672685241 17.6535679496326 17.7207850756282 17.7763869781255 17.8306702388658 17.8894342206439 17.9063040340862 17.9833725582313 18.0140894510335 17.941664296955 17.9607393297157 17.9671139889059 18.0249779567184 18.0899007207021 18.1039164330235 18.1277018625565 18.1696396676187 18.2172689620953 18.2072058442812 18.2388505119124 18.2585592813282 18.28723425669
17.2670340530767 17.2804176177864 17.2013279842252 17.1672535618162 17.1401402626228 17.1016759975824 17.037622770461 17.0282009130659 17.0189523505087 16.9932924432888 16.9618347796736 16.9947536690044 17.0222174562816 17.0910305328493 17.1199564774046 17.1283192346506 17.1495569764185 17.1945046099958 17.2293304357595 17.2616639917793 17.3300818690538 17.366675546689 17.4143096773128 17.4707850756283 17.5303475256538 17.5668948316965 17.6266053131361 17.6868656184521 17.7655779787674 17.7957974770336 17.8877668877191 17.9168222252188 17.914349180952 17.8291923587885 17.8931499369974 17.9290713101454 17.9825534699326 18.0514485844421 18.1046152601509 18.1312935789518 18.1617541307917 18.2133941114664 18.2357971792068 18.2451502937365 18.2569200950947 18.3026585077209
17.1359308065614 17.1156534507904 17.0508653620329 16.9837881375141 16.9612599965925 16.9244814924354 16.8819863998155 16.8864331055078 16.8795399986324 16.8140890316677 16.848611660223 16.8896668216591 16.9346988390684 17.044848552393 17.0623646039162 17.0672048908577 17.0463968681765 17.0684490176963 17.0895327181835 17.1428874785986 17.2071816420727 17.2514249370117 17.3231322690325 17.3615643493776 17.4301861879959 17.516341232213 17.5835121156816 17.6510404906473 17.725252780982 17.7820233236608 17.8573913456316 17.8602316586723 17.7782922718267 17.7757980947342 17.8640203093395 17.9343624917698 17.9594284143858 18.0073628190327 18.0276304004879 18.0886665932112 18.1208408357744 18.1719228626356 18.2107843545303 18.2384756564703 18.2767323939428 18.2876515497894
16.9830260896273 16.9868562590151 16.9268298048534 16.8826792206793 16.8437164970589 16.7888169313927 16.7726195156736 16.7504978682041 16.7229803437147 16.7161513380165 16.7617151429615 16.8615375999975 16.935904589077 17.0955253078136 17.0663544883385 17.0741822019596 16.999077347455 16.9259628051243 16.9682483066397 17.039030838603 17.1314552382002 17.1968829964008 17.211916231389 17.2467389818306 17.3299128325653 17.4390086689692 17.5153167237301 17.571738180995 17.6300276494694 17.7113532844591 17.7891914432611 17.7824112233019 17.7147653248119 17.7524656883898 17.7893092707329 17.892123174655 17.9306576126079 17.960046508852 18.0256355747709 18.0667450336199 18.0680828914814 18.1194009597797 18.1736732244577 18.1913404692736 18.2472871413813 18.254970219389
16.8153037351713 16.8088004100952 16.75859251227 16.7376414525203 16.7058090272798 16.6737321584787 16.6159370572929 16.598384908061 16.5826808377933 16.5871335512638 16.6689374015331 16.8222633371753 16.9296449662237 17.0362221134395 17.0046609564762 16.9370956569433 16.8451207434673 16.8454854438085 16.8739869796495 16.9089716747455 16.9798479983883 17.074372901968 17.1693135979156 17.1622406325292 17.2658665836906 17.3551399080257 17.448424370307 17.4939960518599 17.6002886379871 17.6620341593103 17.7282911274176 17.6554286138487 17.6583559794569 17.7250743872032 17.7905640196743 17.809163412322 17.8562460104723 17.9325463562641 17.9850205638141 18.0230143057041 18.0818657326422 18.1118664192877 18.127598486042 18.1325883647089 18.1659187937565 18.1945658036356
16.6942938437967 16.6614330676117 16.6631885632362 16.6219238079586 16.5788093116798 16.5318036255235 16.4559492157726 16.4783840688276 16.4770381118936 16.5054105679474 16.5830719692535 16.7071176815815 16.8339597536945 16.9133495194244 16.9402429299707 16.8444995887938 16.7745376886244 16.7641459641266 16.80605025805 16.8691094216194 16.9626803486738 16.9775625943098 17.0434275383549 17.0890082874994 17.1640313213005 17.2589799958296 17.3640079060297 17.4510570996094 17.5282274755459 17.6100650630588 17.6467513052616 17.5661892969026 17.6021761557979 17.6769928330746 17.7396415070314 17.7727481809244 17.8112696605558 17.8939374394293 17.92743654953 17.9831427410297 18.0407847704525 18.0812943418913 18.1260888408384 18.1408616077843 18.1602486002903 18.1919534341345
16.5861584615679 16.5419558809509 16.5626510371523 16.5037591665706 16.4360276161728 16.4035805283441 16.3709247084179 16.3613864061718 16.3413400878038 16.384387635498 16.5054860140343 16.6266053131361 16.7571706999864 16.8288964028206 16.8821706999864 16.8144165861521 16.7242317417278 16.7424528807964 16.8768458554735 16.9387902634935 16.9518665718756 16.8998501667099 16.96595958498 17.0118945265207 17.065469391653 17.1125075202484 17.2711327075157 17.3697912464209 17.4883372169037 17.5463747219591 17.4780600435018 17.4884692995052 17.5341299174242 17.6221138372726 17.6933627041778 17.7530435568447 17.7552521812649 17.8107726495047 17.9004244799128 17.9293200630236 17.9539038848867 18.0341637937918 18.0909936003256 18.1051040457468 18.1462474515696 18.1987072019071
16.4849425414399 16.4536107736367 16.430753210576 16.397639450262 16.3519228242378 16.2806019124899 16.2587877560443 16.2563748779906 16.2721134558029 16.3160748494816 16.4159187937565 16.5787079264488 16.6741351590499 16.7289610926093 16.8022441562871 16.7402421670312 16.7086369950828 16.7637979128733 16.8975532173471 16.9448075713328 16.9238757627125 16.9179784558897 16.9473633530902 16.9650930939979 17.0028596002473 17.0264624268951 17.1404343689202 17.3075990660495 17.3955103248471 17.3543024113692 17.283511029005 17.3870551166991 17.4483491387281 17.5797922382421 17.6411557009229 17.6999423424978 17.7530712072687 17.7510393083419 17.8566292897882 17.9223447988834 17.9530939649238 17.993515392435 18.0400922931623 18.085885487607 18.1194119747161 18.0962234867305
16.3553807401638 16.2932235810079 16.3127475406332 16.3110861986637 16.27973458074 16.2522967538681 16.1704395051822 16.166881796176 16.2425521791716 16.3280939064102 16.405745381505 16.4891922062006 16.5586046002826 16.6265821086645 16.7038797432871 16.6893753619623 16.6851653952999 16.73752979111 16.8211793689556 16.8431922816639 16.8681481169748 16.8774405891342 16.8890894510336 16.9079908057194 16.9350468903217 16.9739959376697 17.0290433236513 17.2018959177312 17.2567714621496 17.1688630522261 17.2153375736427 17.2264253184814 17.3703367021265 17.51471781919 17.6031555941114 17.6489148120317 17.6875982268162 17.6816458499365 17.778263783124 17.8675817416305 17.92624178125 17.9572762799873 17.9748852938423 18.0156135432453 18.0232128879747 17.9721490723667
16.2211145347786 16.2269591318159 16.2274191097927 16.2104094990883 16.1888509312782 16.1771180664949 16.0917101500559 16.1782656022196 16.2586726828966 16.317656390152 16.3659935624294 16.4372983279276 16.4604969338026 16.53083196595 16.5968599551344 16.639434220644 16.633350396554 16.642972074008 16.6802732791366 16.746362906187 16.7312246567917 16.7584854162808 16.817269343565 16.8466061902656 16.9030435189485 16.9267353629598 16.9575398278923 17.00283745403 16.9671034408255 17.1130647351589 17.1303356222095 17.1726327118273 17.2793066614933 17.4208440695286 17.5488230304909 17.6122413954687 17.6095146142368 17.641341232213 17.7257459344091 17.7745929512386 17.8389735625705 17.8786343664588 17.8476039244976 17.8258626202917 17.7780435189485 17.8783840309314
16.1110607113619 16.1431881054726 16.1450933991737 16.1522854070988 16.2064073680773 16.1584748944855 16.0294463242226 16.1589802945013 16.2811202369471 16.2757709524221 16.3131282346458 16.4051850056906 16.4291923966846 16.4107730309744 16.4586795670319 16.5303689622879 16.5504576016254 16.6153831979017 16.6262978490887 16.6266170337677 16.6756920579243 16.7769524986601 16.8051387636166 16.7999087165785 16.8349317647982 16.8097012599964 16.8255212622251 16.8064817552805 16.9024960000935 16.9927601937294 17.0159502454901 17.0625740057335 17.1861572792625 17.360405193572 17.4312022741671 17.5390087068653 17.5711319462843 17.542738716382 17.6041212082166 17.7026346071558 17.6344699244194 17.6353814268093 17.6674366721783 17.7095149957066 17.7331992541227 17.7804978376017
16.0594952733869 16.0604243273249 16.104503600255 16.2119765303316 16.2523257869129 16.1201203619976 15.9914089699254 16.0992480460672 16.2782922718267 16.2643514207344 16.2586544287233 16.3070440573177 16.3601849293966 16.352540075593 16.3826333521185 16.441685238884 16.4578150247087 16.4726386494264 16.5529334668121 16.5638799511575 16.6138157869835 16.7002495346918 16.7199364432964 16.7074549596071 16.7050691362495 16.6515728609457 16.6528736884155 16.8028165163383 16.812615732955 16.8540425228157 16.9420329386072 17.009238180995 17.0909468710499 17.250982795249 17.3605084055481 17.4423797776155 17.4834688875808 17.3436105552902 17.3177609566688 17.393909415039 17.4346894067812 17.5112021978731 17.5744400435514 17.6627075602379 17.7132917377691 17.767852962904
15.996940653903 16.0166289654136 16.1122413954687 16.2828188534689 16.198731777009 16.0455889596853 15.9390344495616 16.0510213452878 16.2262612964726 16.2936946620464 16.2579903513994 16.2661774811306 16.2703605228653 16.2839716747455 16.3265839482431 16.3395672202778 16.3604154705324 16.3899470106649 16.3998848744764 16.4396299850569 16.5017321292057 16.5523803879671 16.6185332565527 16.6031890972938 16.6093125681982 16.4714744791412 16.5667981053639 16.7071714629259 16.7769665605431 16.8061214192524 16.8900641859293 16.9325463562641 16.997239191432 17.120654175332 17.2524397349596 17.2734829534778 17.2446412475757 17.1802316970701 17.1790429421816 17.2497919709625 17.3607971792068 17.4453121749134 17.5220553600607 17.5730712456665 17.6431881054725 17.6857397111854
