DATA/PredictorVariables/Future/2040/ic.asc
NCOLS 590 
NROWS 274 
XLLCORNER -7.522276026 
YLLCORNER 35.996888128 
CELLSIZE 0.01 
NODATA_value -9999 
[rows 21 to 41 of 274, columns 230 to 275 of 590]
19.2828057848844 19.2288265541639 19.2325455933247 19.2855887308035 19.2870434660435 19.2134347560177 19.2340411779594 19.2585453601313 19.2529497331629 19.2617982924042 19.2618660378179 19.2534639870501 19.2865591592579 19.2679784937859 19.2041704979773 19.2436631290703 19.2902417476654 19.2301620621996 19.2424939482107 19.2562935789518 19.3092853460541 19.3996251066618 19.4092111604385 19.3769427398042 19.3426972369232 19.3501156691255 19.3913030843201 19.396593784955 19.4301373974247 19.4619378813562 19.5390154702167 19.599431451541 19.6564619312353 19.6993538106365 19.776552361392 19.7700808204622 19.789718254303 19.8363403032665 19.8316973424625 19.8800988098907 19.9314603258219 19.9655890359793 19.9875296536941 20.012390468502 20.0163692566032 20.0651645560665
19.2007275334596 19.2092306607466 19.2134523424273 19.2081412151508 19.208738146986 19.2219564810515 19.2417897615156 19.2206406316995 19.2204971626844 19.2241681123848 19.2357971792068 19.2321018689127 19.2685926698188 19.2450922168684 19.2032842922802 19.2063868178138 19.2312705751285 19.2327946897764 19.2075808204622 19.2136665932112 19.2586737552842 19.3520747116594 19.3304867769736 19.2656353458891 19.275748599636 19.2763979741878 19.3467273116665 19.3550280309391 19.3947225563755 19.4380187984342 19.4455879131345 19.6024993589277 19.6048631547556 19.6672052723275 19.7608782295055 19.7695414713774 19.7922697250347 19.8061885758047 19.8145674810085 19.8311660465079 19.8852779799432 19.8962474515695 19.9223461065073 19.94695721 20.0070432564821 20.026558930376
19.1800287938786 19.2123693706303 19.2257165876265 19.1656994116593 19.2058539729986 19.2615464752674 19.2375210750008 19.1832935028143 19.1985000335846 19.2427016336746 19.2230334394569 19.2323632005024 19.2136665932112 19.2000007629395 19.1858459108677 19.1731638654862 19.1653015424013 19.1962485959787 19.1962137503109 19.1963980504818 19.199746749876 19.304471717165 19.2377669256153 19.2324130074434 19.2104688967934 19.261201705657 19.3238788105841 19.3418015088167 19.350346868948 19.3939243524122 19.40198527493 19.5548895024328 19.5783311744738 19.6972985568094 19.7382632111702 19.7888478613167 19.7989034156256 19.8026805012617 19.809354069458 19.8465929841194 19.84443379282 19.8739151935015 19.8796775919638 19.9056043306875 19.9598733254824 20.0091923203907
19.1645504905767 19.2043074543724 19.2057968361349 19.2116301597891 19.1945193901997 19.233480783906 19.2382913562994 19.1938805103865 19.1901673604622 19.2330826027202 19.2378297732372 19.1910504948883 19.1985000335846 19.195998130846 19.2061210377827 19.187444207571 19.1617089868002 19.1730154880094 19.1612013241873 19.17834840345 19.222344035944 19.2414324856949 19.2178973302517 19.2084389480877 19.2108602687874 19.2618660378179 19.3199848932571 19.3454971626844 19.32563073213 19.3975155816174 19.4267580013933 19.5196888348274 19.5608778101397 19.677194505147 19.6976517504396 19.8062086447325 19.8127661247797 19.8017740119352 19.8318415115595 19.8122338752203 19.8133444982224 19.8430725639992 19.8566985247679 19.8766747589598 19.8999431054373 19.9491912906732
19.1629508064203 19.1834472061653 19.1830675908871 19.1753370260744 19.1705487332325 19.1753613073788 19.1816977239323 19.2065793633871 19.1825812019319 19.133630361927 19.1687676499939 19.1866734994058 19.1792513409881 19.1793815477781 19.207043675848 19.1447696292248 19.136885416111 19.14440057831 19.1591637937917 19.1739226222286 19.1852482188206 19.1837241041727 19.1939629384317 19.1777421670312 19.1797239018736 19.2327946897764 19.2926442008666 19.3240999130383 19.3140706662264 19.3868921685991 19.4083979436703 19.4490999130382 19.5510226165371 19.6443452908688 19.6975646185828 19.756121113122 19.7966519780197 19.825751814764 19.8360739639787 19.8321019068089 19.8216220110674 19.8116234048681 19.8332625245247 19.8276929758243 19.8378624696426 19.8812030520753
19.1638516619349 19.1600472717915 19.1673363783073 19.1547304277563 19.1722973745041 19.1690710812635 19.1681702313623 19.1816276397562 19.1811214192524 19.1392028207932 19.1461093446588 19.149503676549 19.122730255127 19.1812394359198 19.1654401343527 19.1323628190327 19.1269103081808 19.1409191752262 19.1242489481754 19.1841575421057 19.162989966486 19.1312935789518 19.131499521327 19.1399349369412 19.2035351321602 19.2114640951109 19.2478569494829 19.3143960098934 19.3270142895451 19.384294694088 19.3892388975801 19.4421483777647 19.5633250575581 19.6553461654692 19.7474820940409 19.7636555359993 19.8065519169359 19.8311210377827 19.801334020381 19.8364148120317 19.7985569281473 19.811639865983 19.7801391450863 19.7493410350237 19.7521761179018 19.7809929465237
19.1552665255842 19.1358921514835 19.1636979031944 19.1810871946726 19.1596992205381 19.173594719532 19.1734988512793 19.172481674675 19.1853169391479 19.1604329004612 19.1469576254606 19.1683285908747 19.1148837219295 19.1575979466486 19.1269346835499 19.0903007794619 19.126958887908 19.1354451622686 19.1233829439421 19.158983761241 19.1068293871679 19.0940270280542 19.141559539773 19.1739034156256 19.23376890804 19.2485734054441 19.278638759305 19.2856375404863 19.2924191795378 19.3559285372667 19.3779911906328 19.4329227754812 19.5296466499043 19.6524008542128 19.7608536544037 19.8037756853256 19.8268672316828 19.8448043418207 19.8143302324982 19.8109996142187 19.8253408934526 19.7945084208069 19.7138505498085 19.7100638807535 19.6897925050201 19.7049521830931
19.134656820631 19.1271763350925 19.1309284993706 19.1194319093046 19.1505256129894 19.1454412142229 19.1630671331234 19.1723447988834 19.1575149499302 19.1629801811066 19.192552942111 19.1497831605863 19.0752019523144 19.1476394502621 19.0656120558825 19.0949711682253 19.1212196301775 19.1261938860083 19.130196039649 19.1189568893051 19.0975163445568 19.1078180518045 19.1241180857754 19.1863086856947 19.2275179438553 19.1763975927181 19.1903180278454 19.2588226017122 19.2911770996609 19.3443994339008 19.3904853857632 19.4608714307022 19.5473762777815 19.6908307374087 19.8104672439204 19.8611830307112 19.8840509368153 19.8816809942312 19.846581969183 19.80702192558 19.7686495264854 19.724721404563 19.7083215912752 19.6723447988834 19.641288793354 19.6575467377338
19.11190887533 19.1176782483816 19.1224017313423 19.1335742235813 19.1169687912493 19.1507506703548 19.1469092021694 19.13524898176 19.1301616807299 19.1182344492721 19.1845882514142 19.0992493296452 19.067863625043 19.0805998031597 19.0783921728192 19.1088925855875 19.1172704879742 19.1283512557345 19.1077298934956 19.0967211451635 19.0880277550411 19.1185753414574 19.1109988512793 19.1453533237638 19.2088908926811 19.1665621026039 19.1313641111098 19.202518325325 19.2732427615461 19.3521762495671 19.4299073637658 19.5342187039014 19.650930815447 19.8318820165997 19.9249078594256 19.9537529299002 19.9623365921631 19.960574239564 19.8725168189698 19.8351306748582 19.7665535567742 19.7157515559425 19.6528537240896 19.632246148756 19.6277362214756 19.6292955333214
19.1187501632595 19.0984075464945 19.1318290056982 19.1325002031298 19.1190981385412 19.1466630308523 19.1494416647167 19.1285721344099 19.1357971413107 19.0593995864887 19.1061027394886 19.096581969183 19.1143882492933 19.0845316311941 19.0894090456142 19.1013547233171 19.117898512557 19.1232788681269 19.1060282015057 19.0977486002903 19.091177099616 19.1007165876265 19.1043193000841 19.0746832897339 19.1586315442324 19.1995302706232 19.1578049228993 19.1996527116861 19.2908280608683 19.4053370339441 19.4960160896149 19.6544879729357 19.8189133056765 19.9268353182183 19.9876524669676 19.9986016254683 20.0455452963286 20.0293478451128 19.9960160896149 19.9161456850424 19.7925509073391 19.6717084911127 19.6440043808384 19.6095312497244 19.6059285372667 19.5984075464945
19.1067512669258 19.0763207677641 19.1124915170278 19.0966512150803 19.0793533149767 19.1075455933247 19.1522173923206 19.1273885042944 19.1145682818441 19.058742701726 19.1333072923555 19.0984996521149 19.1032796177759 19.0869523114462 19.0895497276373 19.0903602176895 19.1095312497244 19.0788213816509 19.1058987397652 19.0948977882185 19.0772519203482 19.0914280331192 19.1040990359087 19.1010694122686 19.1592793736353 19.2152776846485 19.2053400353451 19.2341911192112 19.3210461793966 19.4487906904068 19.6143153909512 19.7289381015692 19.9233990513325 20.0486134412403 20.0947806353903 20.1497682186795 20.1379136540794 20.1407425018587 20.1075803182535 19.9945894320526 19.8523326619349 19.7427992102766 19.6604169247809 19.6149657573347 19.5936483820763 19.5725180954885
19.0550287938785 19.065570539505 19.0520358113623 19.0971142187423 19.041441863081 19.0767653438615 19.130196039649 19.0519631132527 19.1093533065186 19.0657249074955 19.0423142242794 19.0904676058664 19.0945963127832 19.0836933940249 19.094254618495 19.092773812356 19.1196362964487 19.1357971413107 19.0892831081524 19.1312562712393 19.120901345561 19.1169626495733 19.1054041065827 19.1315001623621 19.1677860850831 19.2276427079306 19.2697793634119 19.3152990899716 19.4240167853852 19.5697433762981 19.7502837940408 19.8544940832654 20.0231459549971 20.1462395119553 20.2231018105974 20.2692554193306 20.2075809142314 20.2320089275027 20.1978637258139 20.1240172047511 19.9875751725789 19.8437996877099 19.7117090630665 19.6265536010876 19.5951551248227 19.5620176449976
19.0428034451399 19.0179567056217 19.0349187592173 19.0525408385324 19.0462168452902 19.0559895550165 19.0924188809109 19.0546886822395 19.122580410181 19.0552311337147 19.089915290062 19.0949063719444 19.0724009305067 19.1226331232366 19.1195959313135 19.097867164176 19.1470910855112 19.1172704879742 19.1156290046759 19.1446546353664 19.1370092705746 19.109606698494 19.1501147061577 19.1758087093268 19.2315803623886 19.2626091500282 19.332430464674 19.4272002169781 19.5561479817324 19.7433763747444 19.9100058551903 19.99185764044 20.1129330076494 20.224364073699 20.2572058618879 20.301334020381 20.3097237881365 20.2917737830534 20.2930089131985 20.2354320996256 20.0954215948839 19.9566155955334 19.7908179127322 19.6974136444369 19.6313504356184 19.5970732117434
19.0433897824669 19.0471146381082 19.0327836325645 18.9972481204395 19.0387424586639 19.1070211402044 19.0126455783453 18.998960691658 19.0887787268429 19.0613333688927 19.1744092621631 19.1399993896484 19.0917367125359 19.0836026361637 19.1000574034557 19.111605087698 19.1749197126408 19.120901345561 19.1347031726227 19.1510805009823 19.1940706997938 19.1617367509337 19.2401681612978 19.2245915289211 19.2949918508387 19.3389134198666 19.4355661987219 19.5341345607186 19.6694567099333 19.83953365487 19.970040829732 20.0510843871327 20.1910181989727 20.3200744229298 20.2852702621021 20.3090773361826 20.3294459048567 20.3077951091423 20.3591222661543 20.2549077831316 20.200680618846 20.076895213255 19.9257439130459 19.7974449754315 19.6640699942742 19.6618925624018
18.9859596991701 19.0070432564821 19.0357628101845 19.0009551035213 19.0359651500206 18.9990346973915 18.982201538765 19.0577913242197 19.0709869963932 19.0773422168207 19.0988444217253 19.1460033377886 19.1358536544037 19.1099076689415 19.1304503273029 19.1332633253603 19.1680348354721 19.1284223363333 19.1613477169685 19.1519164218731 19.1995958550196 19.212010033514 19.2447395076437 19.2399240887728 19.3781333518305 19.4406706583204 19.5338220995035 19.6215933306351 19.7212126442719 19.8672628258743 20.0295146905308 20.0847582523346 20.192681625061 20.3369182430544 20.3149799396143 20.3136666311073 20.3018521740684 20.2804036872168 20.3651637931271 20.3032741803322 20.2853608072109 20.17944543713 20.0116047062283 19.9009471977072 19.7955070143376 19.740705305912
18.9688626328602 18.9640759173937 18.9822065309543 18.9899392814179 19.008198872653 19.0129903479557 18.9937179306898 19.021623229412 19.0628506812763 19.075750602519 19.06797807442 19.1563691105642 19.1498008715925 19.1586030555296 19.166881796176 19.100403382041 19.1529493516931 19.14379398631 19.1205311625701 19.1592575145322 19.2006483783742 19.2708728189621 19.3049908912735 19.3254123078823 19.4135096184598 19.523648335722 19.5616055070639 19.6503345963669 19.7639161031323 19.8949719690609 20.0037521669607 20.1273464627476 20.1685122692241 20.2433565223216 20.3090145815896 20.2962470700998 20.2844603008833 20.2995962364893 20.3174129261436 20.304513414751 20.2568290056982 20.219574451972 20.0575807376195 19.9485739185791 19.8521530090113 19.7659191752262
18.9318298065338 18.9399357377768 18.945806417551 18.9891637174978 18.9963972875423 18.9694389186659 18.9877178945885 18.9576931440229 19.0234410017881 19.0157978658524 19.0443419658794 19.0806706128321 19.0837402324734 19.1650922931623 19.1695058504724 19.1229536758156 19.1110615638285 19.1231307003259 19.190645930542 19.2776115626793 19.3154592148561 19.2978058763228 19.3398385693588 19.3748426058827 19.4759008877974 19.5815927586813 19.6039776057959 19.6829227754812 19.7751776194687 19.9051956581793 20.0185783732395 20.1156178030195 20.1261556161709 20.1779399014568 20.2375958259773 20.2694115932465 20.2545317074881 20.2677945371885 20.2575428903503 20.2352879572573 20.2454967812147 20.2317316698799 20.1110854357242 19.9858540358734 19.8949375266552 19.7818649129324
18.9313038120747 18.9722978205395 18.9744754477539 18.9593536879883 18.9799995422363 19.0126455783453 19.0031727808123 18.9777642558584 18.9742838317394 18.9995214299202 18.9991556409016 19.0777421291351 19.0486448952131 19.1186495643816 19.1260796753788 19.1219907307415 19.0523562478342 19.0387906449633 19.1745190659466 19.2712129494753 19.3069090495815 19.3382910131998 19.3401543866806 19.4494008834858 19.486605087698 19.5975154839878 19.6597514437208 19.7051471514483 19.7677742401524 19.8872330743847 19.99421985567 20.0935154303312 20.145162645071 20.1601738690605 20.2048100471163 20.215242548501 20.2479060956354 20.2286960353374 20.1984197815733 20.1948036517315 20.1997817378397 20.1481988283396 20.0219373472986 20.0151610530939 19.9146641378508 19.8754045643463
18.9551952388134 18.977287035881 18.9625857107592 18.9784187937565 18.9828817809172 18.9861969558134 18.9842426769733 19.0044807130814 18.9963043461323 19.0125007629395 19.0147186357727 19.0336315442324 19.0617214566765 19.103698256485 19.1411774811306 19.1505268369331 19.0793605542135 19.0746933562374 19.1898733707504 19.229447087162 19.3072258061743 19.3611637731571 19.4007161682606 19.4497922416859 19.5172701065044 19.567460352231 19.6617260522785 19.7354338201761 19.7980874268341 19.8954033025341 19.9215934034853 20.0578749771357 20.0971142187424 20.1649095567665 20.1234274620609 20.1571703185167 20.1779341266193 20.1826090688133 20.1578127057381 20.1433387641182 20.0745372692585 20.0920897653341 20.0041572369299 20.0190823487978 19.9436961879253 19.8956764322958
18.9304592915621 18.9481986234817 18.9432797703638 18.9750003814697 18.9937179306898 19.009116345664 18.9895682818441 19.0114724695339 19.0290744010735 19.0120503379889 19.0142889186354 19.025692439394 19.0622835833664 19.061183356308 19.1133952937717 19.1053819725494 19.1132429364243 19.1394105062571 19.1877743164463 19.2079223940115 19.3053819731817 19.3572449664507 19.386201705657 19.4600935832634 19.5106081870737 19.5637990572824 19.6746651895637 19.7654687502756 19.8279680327358 19.8373604654207 19.8773257869129 20.0125873473844 20.0598974358187 20.0864903815402 20.0495618775702 20.0816391115016 20.0969410353727 20.0910505178489 20.0911779004965 20.0729732225427 20.0227915950098 20.0219229005317 19.9814492835789 19.9753939834947 19.9100472717914 19.8671136074361
18.9121794994507 18.9275187067947 18.9349568740463 18.9650930939979 18.9811862174444 18.9694462345095 18.9790990359087 19.031079136179 19.0408441282158 19.0096992584343 18.9990767021275 18.9920644438257 19.0302193870459 19.0431542208204 19.0822386211863 19.0938402866144 19.1501186907215 19.1965933655891 19.2045579195051 19.2285020832977 19.3132648203516 19.337413869875 19.3841641752615 19.4409934157572 19.4686051664095 19.551575535924 19.6650722672462 19.756269707056 19.762354040185 19.7806457315998 19.8379911108951 19.9219228626356 20.0279037180223 20.0222977559738 20.0437594583273 20.017798461235 20.0254911108951 20.0277763828316 20.0536383778353 20.001039308342 19.9888687300491 19.964145163291 19.9522099739799 19.9407189586248 19.88524898176 19.8241172849398
