DATA/PredictorVariables/Future/2040/ic.asc
NCOLS 590 
NROWS 274 
XLLCORNER -7.522276026 
YLLCORNER 35.996888128 
CELLSIZE 0.01 
NODATA_value -9999 
[rows 105 to 125 of 274, columns 322 to 367 of 590]
19.1715934034853 19.1804711678486 19.1963956325321 19.2103347653694 19.2527027197094 19.2866738808756 19.2525807760172 19.2368067448015 19.1919557755318 19.1964206889153 19.1845320126638 19.2125212580519 19.1794718611212 19.1784192131224 19.1316786138735 19.0373552224903 18.9338560580788 18.9613154947825 19.01125821875 18.9709931271019 19.015300360096 18.9624473930044 18.932447057889 18.9425605251694 18.9189216267605 18.9231982244053 18.9271828627758 18.8322058442812 18.7689422137451 18.7494755693159 18.7250003814697 18.7120963966694 18.6598768162651 18.5780771373644 18.5517788130817 18.521593784955 18.4390771784525 18.4070444387875 18.2832799229517 18.2103929963302 18.1522513997097 18.1523790740051 18.2291555490017 18.3659592035103 18.3854506538324 18.3662203769627
19.11921985567 19.108546093131 19.1052118645496 19.0834009439983 19.1226508466682 19.2368949079905 19.3182457629747 19.3276201771164 19.347400549037 19.256121113122 19.197805494853 19.2290174484854 19.1826262461062 19.1813038120747 19.1354274316616 19.0967990869341 19.0647943542014 19.0613333688927 19.07375821875 19.0623127746944 19.0208728189621 19.0152761446266 18.9410947728434 18.9761937041226 18.947933161192 18.9250576575022 18.8904853857632 18.869803960351 18.8418015088167 18.7840993410845 18.7302546520796 18.7444349751253 18.7163886632318 18.6381050920096 18.5564319650164 18.496239893425 18.4287979926109 18.3805880252838 18.2987343791371 18.1906866688624 18.1836658876915 18.1754264398403 18.2625747686729 18.3514322569866 18.3950068147287 18.4026250734387
19.061104920372 19.013394912302 18.9356136195392 18.9021134908781 19.0159728839235 19.1990999130383 19.2924540252056 19.4118012036409 19.3451207434673 19.2579903513994 19.2399353184109 19.2667883634348 19.2840803918076 19.2112005612478 19.244525839181 19.2310625605707 19.2188079769049 19.1055922100611 19.1430132187147 19.0949652980089 19.0575637092915 19.0475575724554 19.0480420504894 19.0417374754753 19.0402965279217 18.9832906128836 18.9286464487629 18.8985746815186 18.8490995315685 18.7814416341991 18.7521324164133 18.7190058656168 18.6879936995249 18.6697449664507 18.5888844581547 18.5571022882786 18.4988907615748 18.4362574558106 18.3924722717199 18.3158510344448 18.2978641072836 18.2833250884523 18.2430136001845 18.337170117095 18.4428297193794 18.4714320503674
19.0829654930382 18.993195488019 18.8072280283949 18.8774712432519 19.04168991041 19.1921734586353 19.3243079420758 19.4236027887516 19.289953491148 19.282494160678 19.2716520159159 19.3019237988566 19.2841251448163 19.2082625245247 19.2733641916589 19.2854063379811 19.273763782836 19.2562083345032 19.2250003814697 19.1425494335252 19.1540132522994 19.1043701574689 19.1315126040517 19.0963612406951 19.0818483527842 19.0485569281474 18.9793541441899 18.9469326414386 18.861661600791 18.8045720343991 18.7711664462262 18.7787339213734 18.7219564810515 18.6663957811871 18.6193026603165 18.5807793434945 18.5697911735706 18.4996583057118 18.4452552499667 18.4009697034112 18.3786328021946 18.3100642622232 18.32274898176 18.3935520407219 18.5055396019926 18.55225101824
19.047113912612 19.0328034459286 18.9844746158924 19.0102833631153 19.1149882614765 19.2003293324251 19.3618664192877 19.4227077891197 19.3390692313347 19.3726742130871 19.263706897686 19.1519512098083 19.1667426426316 19.1979205824805 19.2335160273924 19.2108085567389 19.3097570700293 19.314364577817 19.240761819005 19.2308073400402 19.2464320124712 19.2129844248362 19.2083511794405 19.1706803184462 19.1211461743927 19.0762413997803 19.0038251253204 18.9987818677902 18.928170946847 18.8812006375418 18.9007506703548 18.8711064525881 18.7914789482813 18.7769631431923 18.7060498765803 18.6586599121962 18.6018922581806 18.5631062364187 18.5134531432629 18.467204509388 18.3851787572918 18.2936907191258 18.3264600813065 18.4541209694777 18.5195280313158 18.5728577124224
19.0303140441265 19.0273970343809 19.0390818467083 19.1059081177836 19.1788115423308 19.2877135631838 19.320785457098 19.3414780326653 19.464201676384 19.3893557093239 19.2211914891558 19.1896287684174 19.3249222682963 19.33400720051 19.2651726307507 19.2686466013508 19.3489155749712 19.3479957688112 19.3252586045313 19.3119334051218 19.3156483467836 19.2984406203184 19.2161201975946 19.170149530797 19.0961212657099 19.0295028373156 18.8918572589703 18.8658669651604 18.8483416703519 18.8508825358581 18.883603799447 18.8938220500479 18.9091184174471 18.8435115062847 18.7775659477806 18.7269856942959 18.6812897088814 18.6063049564838 18.5479316353131 18.5186130981684 18.4461587162905 18.3777370821905 18.4008075270214 18.482562946352 18.5800469965553 18.6426667312365
19.1588109436874 19.1255588120394 19.1383722722588 19.1664466990891 19.2386677755165 19.240272745079 19.2498426058826 19.3360595307646 19.4625301725798 19.3650638670216 19.367574676919 19.3754045643463 19.4065596549177 19.3855071669254 19.3229205824804 19.328775084074 19.33400720051 19.3673189706144 19.3710212118988 19.3364903815403 19.2685628333569 19.2447802314844 19.2093434069767 19.1679784558897 19.1062764677811 19.0512855765076 18.9444372313728 18.8031451487284 18.6971872404871 18.6991679278164 18.805311928112 18.8567553814344 18.8985217384529 18.795149530797 18.8110399865294 18.7593529250488 18.6868020344162 18.655715310153 18.6390739415741 18.6120975789747 18.5469572439909 18.4952824096918 18.4788217754536 18.5836655062218 18.6331219417849 18.7636939565268
19.2472560422087 19.1913040409565 19.201904149292 19.2107164724817 19.2219975484657 19.2057264004288 19.3099903772287 19.3581801039381 19.3714885873957 19.4632917377691 19.440698369401 19.3981982623014 19.3918126039247 19.4445561151495 19.4500007629395 19.4263331400108 19.3870092705746 19.3504615355158 19.2995397233963 19.273499232749 19.2459583642769 19.2260396898117 19.1707171207294 19.1556005660992 19.1477481809244 19.0468475733242 18.9132243704653 18.8678718495264 18.7962406942606 18.7770196562853 18.8849072874718 18.8906530504465 18.8981111711607 18.797481674675 18.809070470912 18.7766166745882 18.7599679552565 18.7560039481402 18.6767395952835 18.6624478123703 18.6053111651726 18.597292668644 18.6324232522669 18.6978637258139 18.7149657936688 18.830889777545
19.2294451745396 19.2272047382698 19.2327298934956 19.1977175679226 19.2212402748947 19.25 19.2565006181069 19.3400851543837 19.3913633863869 19.4014434912186 19.3545494688158 19.3775396941233 19.3717432037087 19.497032908536 19.4665132522993 19.4442027823954 19.434163412322 19.323209841815 19.2387960898724 19.2699719690609 19.2473567398815 19.1728577503185 19.1613197084265 19.1586315442324 19.1307457629747 18.9933944545383 18.82476745574 18.7804614125548 18.8601026404753 18.921015670249 18.9384068632927 18.913857669713 18.8618924870625 18.8236134033442 18.8181983385954 18.7803107458067 18.8035553006048 18.794259305481 18.7500343813553 18.7298136594162 18.7020192369194 18.6947342875843 18.741958813652 18.7775175244894 18.7555556125345 18.7708728189621
19.2854502723627 19.2672053102236 19.2321018689127 19.2459583642769 19.2783487849197 19.2567549999647 19.3134403583727 19.3742834502697 19.4069094310513 19.3692542370253 19.3125439343815 19.3402368317423 19.45900720051 19.4998481125784 19.545911948453 19.4657322687359 19.4120088891049 19.3754118885164 19.2827398103848 19.2989599287186 19.3087296149025 19.233658767787 19.2302953687449 19.1745436602144 19.1156645876846 18.9821839455738 18.9676719437924 18.9341376085902 18.9070473057547 19.0253760377474 19.0003260697031 18.9732334065962 18.9737133191614 18.9419557755318 18.8479767141037 18.8826096361695 18.9023574452992 18.8672962121754 18.8639133819704 18.8392143903141 18.84526541926 18.8031170035992 18.8091432679625 18.8106795684815 18.8231401211596 18.794053709362
19.2843480939627 19.2942351032724 19.2431709943018 19.2423130798702 19.2719900587921 19.2867493296452 19.2842262132769 19.3940525270567 19.4113638441506 19.4015003478851 19.3992485667057 19.4318303068829 19.4909935624294 19.4790765302048 19.5577605533666 19.4902387496806 19.4636665932112 19.4104329004612 19.2892156454697 19.356645086997 19.3690715006294 19.3019848934603 19.2514143096419 19.2424078720713 19.1975646185828 19.0905766691848 19.1123544216547 19.0618083873301 19.0351599431773 19.0840637136031 19.1203694808856 19.0807145472136 19.1236487171917 19.1131619865723 19.0436688639279 19.0535415952302 19.0181975188857 18.9889415270997 18.967113131753 18.938241632309 18.9448421671963 18.928446119176 18.9909818618909 19.028104462784 18.9576621378861 18.8305132187148
19.2558905783806 19.2485454827795 19.2334875106401 19.2607945677061 19.2726905584326 19.2782274755459 19.3617145318661 19.3913348752479 19.4182631727724 19.4113334067888 19.3992834123735 19.446910003005 19.4467258196678 19.4572702969885 19.5090134371805 19.5351271477413 19.4572058442812 19.4209005826216 19.3269287164374 19.3328515843391 19.3733939588785 19.3366054691677 19.3097570700293 19.2618886762514 19.2447802314844 19.2060605091219 19.1654949312859 19.1558550521717 19.1386434302902 19.1823889621468 19.1736672414589 19.1777014431906 19.179629617197 19.1920772245188 19.1645608601856 19.1627245592461 19.1186495643816 19.0684063676329 19.0519045307617 19.0008024337979 18.999589431098 19.038914182806 19.1376435089474 19.1704960182753 19.0255610653706 18.9489769002762
19.1589451122656 19.1412661549206 19.1667374754753 19.2041927103185 19.2401091885576 19.2488443838291 19.3106697811022 19.2966519780197 19.3569426256141 19.3975130078668 19.4070444387875 19.4405550585298 19.4277255495348 19.4499117644501 19.4278588373079 19.4469224811659 19.4766701473131 19.4259000869617 19.3851962719746 19.3483833254118 19.3423865867033 19.359009605051 19.3556702313623 19.3161205790644 19.2357971792068 19.2614781089592 19.2608536544037 19.2340633321333 19.2030470435763 19.2482096398335 19.1780130661268 19.1985565466776 19.2054947357063 19.1845464594307 19.2323632005024 19.190929529088 19.1282610181694 19.1249230691319 19.0989421374512 19.0663953997174 19.1044751115522 19.1439137250424 19.1732713793802 19.1530024515343 19.1191662122269 19.1140992647905
19.0006928208637 19.059076457181 19.1854430289402 19.1055884067536 19.1811456403351 19.2125751880388 19.2323471899605 19.2809027756223 19.2309253187694 19.2651304894276 19.3503511460867 19.3892562774381 19.3924421847677 19.3956577059011 19.3745215690441 19.3959009640913 19.4101152945261 19.4268480176687 19.4238791920538 19.3747117434826 19.3529947745104 19.3313205491772 19.3665523744688 19.3187102911186 19.227176249567 19.2590064375706 19.3007166259966 19.3287858682194 19.271824452426 19.3086311627626 19.2609945307941 19.23975101824 19.2620159926701 19.2271592291956 19.192552942111 19.1800003051758 19.206004367506 19.2078940188723 19.162727998106 19.1657045429726 19.1526085396767 19.2245958171234 19.21196623211 19.1870842999783 19.1921119494476 19.1406229790945
18.95322705618 19.0550039701881 19.0856653212995 19.1364899621744 19.1525180191946 19.1697449664507 19.141967048274 19.1654918692245 19.1452081432276 19.2196306717023 19.2538951842823 19.3118008221712 19.3307793434945 19.356305522522 19.400232301959 19.387390468502 19.3675985319919 19.3967389439344 19.4071184445209 19.4334429385452 19.4200804389925 19.3716864047747 19.3741924350824 19.3307607593479 19.2877585666352 19.310506403986 19.3511070311822 19.3532911274175 19.3405095115594 19.2894338391742 19.2557966202135 19.25 19.2737589816895 19.2270528508482 19.2205315440398 19.1864849127407 19.2237234559249 19.2141819603005 19.1531130758058 19.1850642622232 19.2017653438615 19.189493596014 19.1847576938 19.2618380134277 19.2626455783453 19.271593784955
18.9292671191769 18.9563548895178 19.0084492081804 19.0506829692106 19.1055661307678 19.1204620562858 19.097867164176 19.1362300158882 19.1958720560227 19.1780106332083 19.2440908789225 19.3163969823666 19.3841239492502 19.3522518190756 19.3151955055914 19.3253472504177 19.2967200007544 19.32274898176 19.3288269356337 19.3863286560182 19.4154683688059 19.3968217674551 19.3295039817247 19.3412895562935 19.3393765442676 19.3523261683826 19.3033063371239 19.2837873745746 19.2524211724682 19.1943290056982 19.2094616020679 19.2494001205463 19.3174947111502 19.2534872653437 19.2921484156609 19.22332562251 19.1903576740246 19.2579106161356 19.2630030618858 19.163857669713 19.1633834709826 19.1539784066315 19.2109944579439 19.2024363799773 19.2266174375277 19.2402953835125
18.9074485137024 18.8753377890139 18.8733939588785 18.9095276198177 18.9498980375662 18.9902430194979 19.0845854314127 19.1777849523134 19.1950361231413 19.2339835909643 19.2726738316174 19.2981982244053 19.3341477955828 19.3512410183105 19.287325634325 19.2962141317806 19.2870300219307 19.2969347429733 19.3038273171034 19.3370896949558 19.4021948866167 19.3480365052776 19.3447457672863 19.3298389675179 19.2995015755033 19.3054868148699 19.2619403950815 19.1924362907085 19.162829882905 19.1708377125635 19.1909939817953 19.2361014462662 19.2764264628906 19.2915063157883 19.2838220995035 19.2723070620718 19.2700456177969 19.3154679873362 19.2690706085586 19.2026677798281 19.1738036089449 19.2149527282085 19.2767264659939 19.3038273171034 19.2333139981766 19.2806457315998
18.8515510585976 18.8736016254683 18.8650669087963 18.7832898499441 18.8810787344198 18.9232460467968 18.9904691317453 19.0628590661898 19.1124252313271 19.1975983951807 19.3030020700645 19.282795490612 19.3196310531721 19.293995632494 19.2672053102236 19.258198872653 19.2243979284115 19.2269326070805 19.2764264628906 19.3138106996536 19.3627669256153 19.3274780937004 19.3143753619623 19.307390544796 19.2524914075584 19.2136665932112 19.1442211937761 19.1200052888498 19.1183404148388 19.0952064882174 19.1357385667763 19.1739496277599 19.2391463455963 19.2659588220406 19.3108544552393 19.3536602721014 19.4046976080809 19.3029438391037 19.2345049850454 19.1956799369764 19.2371178760109 19.2442542370253 19.2793188807182 19.2791283254471 19.3100642622232 19.3055891885672
19.0022153528624 19.0120092705746 18.9698637848806 18.8623365575371 18.8814667434473 18.9436937669974 19.010218910408 19.034691654109 19.1554036872168 19.2608725900803 19.3028588373079 19.2481986437712 19.2627305801411 19.2645679003744 19.2819863619194 19.2352617245569 19.2013046213684 19.2234262260199 19.2421491786003 19.3119162692852 19.3398962151155 19.3079713575516 19.276616652298 19.2409935624294 19.2519168033428 19.2097582523346 19.1610597833033 19.1606234557324 19.1261266904955 19.0975635933952 19.0769845119906 19.1074787803459 19.1985395372238 19.245020792696 19.3145327560796 19.3738804685726 19.3289198770437 19.2640751544542 19.2283832803249 19.1928977117214 19.2217563646517 19.268567234148 19.277599450963 19.2473910788536 19.2648387849903 19.2327946897764
19.1041716802826 19.0600642622232 18.9863633371124 18.9618389370003 18.9910279437847 19.0515743303652 19.13625821875 19.1921241405926 19.1851034034147 19.266341232213 19.2291919773188 19.2290425228157 19.2461896020784 19.2330826027202 19.182654076951 19.1501349510679 19.149965237175 19.187478704052 19.2257165876265 19.2902075294323 19.3028588373079 19.2648671502714 19.237296857089 19.2063053379536 19.2228226060238 19.249666245326 19.2181676352291 19.1880497233257 19.1715934034853 19.1050809740047 19.0950922547645 19.0805092826776 19.1256928208637 19.1861019950914 19.2081980718174 19.251095821435 19.2555251552257 19.2273261683826 19.2014417104931 19.1935384502344 19.2094616020679 19.2286102529955 19.2465550252332 19.1773913840294 19.1875740057335 19.1906339166937
19.1047574978533 19.0313516179237 18.9628175984316 18.9804606117192 19.056407749547 19.1364504331751 19.1843477124929 19.1943738820334 19.2053290392828 19.2052201878815 19.1677512202492 19.1784192131224 19.1733638101892 19.114458956707 19.0880237193804 19.0545502317552 19.0398387470941 19.1557050171509 19.197690904892 19.261107903532 19.238798294343 19.2301964211187 19.2298385860481 19.2316985247679 19.1801689885721 19.2257165876265 19.207496810257 19.1724156085558 19.1183190057688 19.098832407877 19.0472973745041 19.0146834802179 19.0719224811659 19.1530885276737 19.1909939817953 19.2198201165933 19.2145955882416 19.200751814764 19.2143641963472 19.2410500755224 19.2067554193306 19.1842025535135 19.1548508885689 19.1187993624582 19.142493566741 19.1497460709
