DATA/PredictorVariables/Future/2040/ic.asc
NCOLS 590 
NROWS 274 
XLLCORNER -7.522276026 
YLLCORNER 35.996888128 
CELLSIZE 0.01 
NODATA_value -9999 
[rows 63 to 83 of 274, columns 276 to 321 of 590]
18.3897908683949 18.3765003857813 18.417157303606 18.4164777265348 18.3556576526508 18.3463667409964 18.4286378689422 18.419053709362 18.3857636381283 18.4145678624783 18.3587414306746 18.3805722480221 18.4275187067947 18.4094707720175 18.4161769789219 18.470207342392 18.5173211009111 18.5517915045757 18.5545897394457 18.5176688004885 18.475403382041 18.5066364949865 18.5552205693512 18.6001270444279 18.6143102269192 18.6298449130735 18.6441710320349 18.6890747350883 18.7174431784983 18.7527948039665 18.7190529464226 18.7522835697641 18.7828528561716 18.8025990694933 18.7277608265171 18.6971650326319 18.782263469161 18.824719878684 18.8719217182264 18.8267349814901 18.7998168442383 18.8136666311073 18.9053395876017 18.9202596710501 18.9061669437866 18.8870087599735
18.407949737524 18.3871159157972 18.413851312748 18.3915051334829 18.3989148120317 18.3648600290995 18.3657342881994 18.4314960518599 18.4110403679991 18.402599450963 18.3855071669254 18.4519160025072 18.426155196805 18.4297462091589 18.4698201239147 18.5064619691315 18.5119226716499 18.4904691317453 18.4540526167698 18.4651319402714 18.4984996142187 18.5498386244459 18.5642020578537 18.5831980718174 18.5558422290125 18.5966512150803 18.650934835453 18.661742602911 18.6649361192465 18.7113532844591 18.731645086997 18.7574306057024 18.7707245982609 18.7751573562212 18.7182627534065 18.7277767527914 18.7843544509277 18.8241569317541 18.815645930542 18.7385218910408 18.7856820192032 18.8045027994194 18.8648600132036 18.8390082874994 18.83400720051 18.8867566004314
18.3994937548302 18.3879546064157 18.3991355405196 18.368794372612 18.3737390849972 18.409757451499 18.3301629880114 18.4142258246165 18.4003217514152 18.3811613422575 18.4210220127344 18.4222829277372 18.4420633815822 18.4577267049379 18.4504685100154 18.4454391237125 18.4521941236772 18.4786960353374 18.4485565466776 18.486101740016 18.4967737067595 18.5368898568487 18.5832002836094 18.5731994067106 18.5716491636314 18.6025612341251 18.6519579319038 18.6783624225149 18.6943998153706 18.6812467933588 18.704850469203 18.7584871291703 18.7600002288818 18.7039168144932 18.6710711716585 18.7449441160774 18.7971146381082 18.7997036246662 18.7839716747455 18.7436954249859 18.8001219360303 18.8272522005453 18.8468431196184 18.7851620158454 18.8704967812147 18.8384751996612
18.2577029495458 18.2821074484586 18.2800022692947 18.3449558872785 18.3499868118028 18.4354059565115 18.3951954292974 18.4627012906027 18.3908368836222 18.3489421374512 18.3675521791716 18.3646197803116 18.380301650857 18.417611419323 18.382009038249 18.3802197685156 18.4188134010859 18.4552550335493 18.49288337848 18.5070546868343 18.51940057831 18.5193865592451 18.5809376912165 18.5622983279276 18.5632787022486 18.5953135075998 18.6082906128836 18.6863333688927 18.6823620560932 18.7240393670635 18.7010701627264 18.6881343815479 18.7530524841442 18.7230789417124 18.6414613381777 18.7401458123693 18.7585453601313 18.7581517998037 18.7321018689127 18.724307560606 18.7607067986717 18.8343473310232 18.8409936003256 18.8370430466776 18.831987162755 18.8159721209841
18.173208876894 18.1484062913389 18.164896978055 18.2043873303222 18.243141414093 18.3172488873119 18.3617576047516 18.4544419697466 18.4667101500559 18.4185591287403 18.3838224809732 18.3395374607144 18.3554041065826 18.3653007415657 18.3725176761227 18.3937060395784 18.4264262381964 18.4799191795378 18.5125421615562 18.5084713543978 18.5179562229242 18.5079216310721 18.5795750623236 18.5563038120747 18.5625051479902 18.5914636188583 18.6600472717915 18.691593861249 18.6433014752321 18.7186058880482 18.6881077560616 18.7127012906027 18.7175697757673 18.7320215062141 18.6976734122515 18.7315052860708 18.7221142187424 18.7156278223705 18.7284327188587 18.7648417285099 18.8158439035215 18.8239030341559 18.7969967476301 18.7586544287233 18.7507510518246 18.8259582879829
18.2444385371962 18.1998793328266 18.161544240222 18.1471400182829 18.1419871297798 18.1724115742159 18.2834353657274 18.3445018292942 18.4021948866167 18.4134416036816 18.3920905661697 18.372740492981 18.3691913669672 18.3600650630588 18.3597759411402 18.432239002656 18.4271770125065 18.4815284167204 18.5004505844088 18.5211734458361 18.5303283979054 18.5242485667057 18.600554905942 18.5854495094233 18.5835215737228 18.5759390840626 18.6379508443165 18.6530903784647 18.6586315442324 18.6811214192524 18.6896830441751 18.7189964333296 18.6992799455891 18.7449699176121 18.7197457672863 18.704757879323 18.7000572760325 18.7288961300344 18.6847200973702 18.7574902565365 18.8018653895702 18.8332625245247 18.7827310379047 18.7659162500916 18.7777362060156 18.8241737980328
18.2876451968756 18.2529446020431 18.248037687583 18.2157041236067 18.1993333151817 18.2068942397299 18.1879848063059 18.2660373366308 18.3555618442736 18.4121085349588 18.3235994637623 18.3247813008671 18.3145959697113 18.3388569067736 18.3711042514353 18.4211569975996 18.4689964333296 18.4752514946194 18.5411770996609 18.5422697250347 18.5621612308464 18.5323890000429 18.5750224247513 18.5939086399098 18.6223576735392 18.5958415807648 18.6395493082714 18.6456364140043 18.6642024393234 18.6827951091423 18.6773081171179 18.6940706997938 18.7093291128864 18.7468414882574 18.6956799369764 18.6954042591705 18.7438797251568 18.7453162676745 18.7714079021349 18.7650184821005 18.7902752542639 18.7985701492624 18.7798508885689 18.7963513591022 18.868937820899 18.8575804389925
18.2541694641113 18.2188797630529 18.2274777122307 18.2446713800831 18.2173445236473 18.271472195384 18.2907045429726 18.260368870534 18.3101034034147 18.3774761814203 18.2815960214033 18.2179792567253 18.2887994387522 18.36662353162 18.3595312497244 18.3938377656717 18.437166245326 18.478955592308 18.5188817822189 18.545149530797 18.5746429278688 18.5831980718174 18.6129433491783 18.6293137859325 18.6009008877974 18.6195759778509 18.6370503379889 18.6226742130871 18.6870538426695 18.6516370901661 18.6959288446741 18.7055403649321 18.7678981310873 18.7489156882067 18.6989030341559 18.7286456858234 18.7510575211573 18.7719033528748 18.8256122847643 18.7946298933029 18.8402750362473 18.8171934293079 18.7838220995035 18.7513764948464 18.7940088330269 18.8616741795025
18.2648260855398 18.2269623423567 18.2305094022904 18.264978227211 18.2503764192171 18.2604477286978 18.317269343565 18.3185790460148 18.3460598987703 18.3953390056276 18.30605025805 18.2318701254883 18.2938394585781 18.3216165725498 18.375056513093 18.4123731022558 18.429878875063 18.4513161230535 18.5156292799368 18.5501835372315 18.5789838375349 18.5752151528473 18.6102477994547 18.6551032828073 18.6176086922646 18.6553662473621 18.6407049244423 18.656754618495 18.7074822475834 18.6721908459215 18.710554887249 18.7173670293512 18.7658354432688 18.7165484883184 18.71276574331 18.7566514140224 18.8036415752106 18.7977452487211 18.8199091743421 18.8465364710264 18.8435918689833 18.8421701504688 18.8213616221647 18.813964305089 18.8120701694451 18.9010844250288
18.3224570721226 18.3085656016312 18.3121823174582 18.3111080039902 18.310566198722 18.3287750840741 18.3404141492215 18.3373684786158 18.4090684130688 18.4545039817248 18.3919768355075 18.3894448876125 18.3827986183102 18.4082531507007 18.4514665717822 18.5013697095986 18.5064782466946 18.4516158927747 18.5178756253834 18.5603933777999 18.5490442856217 18.5824089429608 18.604503600255 18.6506556395998 18.6768005932894 18.6818849920559 18.6741147412749 18.6888509312782 18.7228540382462 18.736594481885 18.7903015424013 18.7660038334484 18.7954960182752 18.7162229260922 18.695179727375 18.7033480219803 18.7098629326153 18.7068297686377 18.7442668157368 18.7557457629747 18.788667012577 18.8924985812206 18.8938793436871 18.9396642679568 18.9160271584091 18.9137410183105
18.3596771342001 18.3320388181439 18.3755244306841 18.3834503293762 18.4124248119612 18.4308758697567 18.451889349433 18.4133518807688 18.4599759938565 18.4922622047863 18.5092929811983 18.5534164197903 18.5836591492567 18.5714542120447 18.6015538670921 18.5865149296723 18.5963443931885 18.5653105932188 18.5069321073809 18.5181706128321 18.5606684164724 18.5979731846466 18.6144928330746 18.6744582900658 18.6833784858379 18.6552542327137 18.704757879323 18.701904149292 18.7263604553366 18.7595707227888 18.7805610813341 18.7808410267601 18.762390468502 18.7312465307684 18.6960262878199 18.6980811726589 18.7063043402166 18.700751814764 18.7288265541639 18.7222981753397 18.7697453479204 18.82055456287 18.8764438726883 18.9614534618358 18.8621846701155 18.8755588120394
18.3611007234049 18.3686349162722 18.3568118945275 18.3934882187672 18.4612589816895 18.4707335099096 18.5292103645639 18.5393553278541 18.5732193601732 18.5733817995329 18.5991675463467 18.5875288836804 18.6393761249018 18.6607725443716 18.6546832134399 18.6612013241873 18.6614777274895 18.6504610395432 18.602816127511 18.5488023954773 18.5213718044262 18.5515291831036 18.5654679873362 18.6254398741875 18.6572669026012 18.6775187067947 18.6938805103865 18.7175683354139 18.7397703054466 18.7540720233087 18.73059942169 18.7244815902109 18.7086026361637 18.8004041449804 18.7018132927818 18.7068297686377 18.6849903772287 18.7034191752262 18.7095316311941 18.7146826793823 18.7465815877132 18.7781071135759 18.8275277392273 18.8911441965551 18.935750869297 18.9286948909283
18.4789575777302 18.4850658406811 18.4678562439633 18.4676582343664 18.5241678342381 18.5154953127556 18.5127988305426 18.4895442150478 18.505680125145 18.5626107999144 18.6289839103851 18.6668362871017 18.612702472908 18.663001760746 18.6788824902 18.6762761626053 18.6568446347704 18.7224824755106 18.6878361539059 18.6685879160252 18.5993780927639 18.6248952053747 18.5844667141743 18.6195139859657 18.5896533135796 18.6716519780197 18.7088184323444 18.6581599791346 18.6881343815479 18.7070527366581 18.7273261683826 18.7251400655623 18.7291126135321 18.8142324801006 18.7238222459946 18.694746148756 18.6309295988331 18.6933952174778 18.7115468946333 18.7319163455791 18.7462478330393 18.7391300201416 18.7788730035849 18.8230151065397 18.8735145532017 18.8819863998156
18.6031921814518 18.601292378727 18.6467653856755 18.6168902489252 18.580163397274 18.6078512028694 18.6136353239527 18.5124517559109 18.4900831955385 18.485801016201 18.5435388317042 18.6389885683012 18.6415124893599 18.6656122253332 18.6940402624321 18.7239029962597 18.6908043163958 18.7259807621851 18.693705276639 18.7183479761047 18.7045039817247 18.7232581086683 18.7010840056629 18.7140348499794 18.6782860400877 18.6946709301424 18.6985737618036 18.7303199376526 18.7217077281733 18.7340882508087 18.7142614711199 18.72241115485 18.743416234746 18.7594760919952 18.7191589732399 18.6814881122456 18.69297807442 18.666332911129 18.6776667182617 18.7037229981613 18.717911626831 18.7350840977783 18.7500704357061 18.7846423638716 18.8340729915056 18.7993330479078
18.7334808245812 18.70086484095 18.7512991964064 18.6606234557324 18.6211911076861 18.6373430252485 18.7370752521362 18.6793533483324 18.594281060236 18.6384277110081 18.627076550848 18.6457888509398 18.7287975732451 18.7304388315115 18.7084936842117 18.7512769255447 18.7227408174515 18.7270877926283 18.7415868765631 18.7087052323256 18.7272518190756 18.7439879554701 18.7192956859093 18.7425521791716 18.7185214332771 18.7680540933237 18.7104321375217 18.8005681669893 18.7939133435726 18.78432387288 18.7856234557324 18.7404691317453 18.7263323770714 18.7295776059885 18.7689812354679 18.7332689883308 18.6836030176334 18.6769974721718 18.597400549037 18.6448688673782 18.6553810487833 18.7073620181971 18.6703378465357 18.7361483057823 18.7800840172968 18.7926438909798
18.8164538390331 18.8190972622738 18.8098995249224 18.7323312029276 18.7891898830481 18.7516783434668 18.7702604572487 18.8573783362942 18.8208986185026 18.8347058134756 18.8197404319973 18.792187779687 18.807296746233 18.8642614332237 18.7510817398968 18.8067087199946 18.8179559426823 18.8063987397356 18.7802193870459 18.7289412982178 18.7405707847786 18.7697798500147 18.7024577966642 18.7534184122868 18.7303599509115 18.7732012443876 18.7261544338656 18.7769524986601 18.876095821435 18.8070322041025 18.8086959590435 18.740705305912 18.7392792973413 18.7183541121674 18.723162285964 18.7409176481724 18.6882921192388 18.6684943324595 18.6196962173739 18.5878294516468 18.5948727160854 18.6510404906473 18.6099301746454 18.7313504735146 18.738798294343 18.7665116286449
18.8684552369596 18.9376087306624 18.9656116744127 18.9359351838017 18.9828732194815 18.939941606431 18.9575068147288 18.9597226811705 18.9414538390332 18.9387057626343 18.9367657412196 18.9086315442324 18.917413793581 18.9266182004671 18.846409387888 18.870808404151 18.8615680152693 18.79815099566 18.7839495430078 18.7962470700998 18.7525296905241 18.7675517977018 18.7426791279707 18.7357389482459 18.726236217164 18.7469494476443 18.7516170560579 18.7427605796862 18.8433193872384 18.8071702806205 18.7789325164156 18.7659191752262 18.7431800615063 18.7347331430864 18.6559470535774 18.701755046319 18.6279446020431 18.6773566734342 18.6621664700203 18.6431706128321 18.5502077583141 18.5843473310232 18.6807064879866 18.7299931852712 18.7336307433968 18.7302123534003
18.9705722651978 18.9966523973856 18.9833258513918 19.0047300333185 19.0118108522959 18.9950627115545 19.0075815005589 19.003208308384 18.9742838317394 18.9747731806908 18.9709355172291 18.911950658144 18.9385226539803 18.9288115423308 18.8929567056217 18.9260036808605 18.9070628066702 18.9525246822901 18.7829212496023 18.7829212496023 18.7434505961542 18.7775175244894 18.7465768278771 18.6874254071131 18.7135104192953 18.7949657173748 18.7440529085264 18.8103457944956 18.7692104038715 18.7451502937365 18.769091671566 18.7521430505171 18.7829103059988 18.6829560653305 18.6361494880877 18.6666058850899 18.58847603794 18.5985998628387 18.6212023160086 18.6379903479557 18.5379215922213 18.5693998153706 18.6944450161676 18.6971803227577 18.7339503059473 18.761634972681
18.9733935045586 19.0106238372021 19.0391866645508 19.0955342884073 19.0340629127674 19.0580137906685 19.088105854949 19.1175987429819 18.9885839044352 19.0008197665386 18.9608730094461 18.9323889621468 18.9545039817247 18.9859655693865 18.9365251443653 18.9623791577177 18.9619152064514 18.9589051892605 18.7969967476301 18.8014999664154 18.7492829555645 18.777655964056 18.7845547805147 18.7581040215445 18.7786023309879 18.8225863211107 18.7656530504465 18.7864821935282 18.7430659074888 18.7368237547445 18.7404670676212 18.7040994173784 18.800289057353 18.6684067491026 18.629098654439 18.624111003314 18.5623551845942 18.5425106983919 18.6204253570423 18.5845316311941 18.5469103844748 18.5654679873362 18.5998160812988 18.7034500242004 18.7356637296324 18.751555320178
19.0122856738768 19.0448047611866 19.129464432394 19.1107018037033 19.1197802314844 19.1306325434027 19.1304040686865 19.0851354736547 18.989216859376 18.999227948514 18.9775983065538 18.973441421154 18.9577382145796 18.9533938825846 18.9648962151155 18.9769092475891 18.9573620181971 18.85826370683 18.7884951716929 18.8041279439774 18.7802962990398 18.8078995498943 18.7465253054113 18.7379220115871 18.786894145051 18.7859099881506 18.7711327092237 18.7793880932617 18.7372754028578 18.6938785807476 18.7051965852041 18.6843365567245 18.7165180310097 18.6924997256298 18.6177945750847 18.577977816699 18.5916121774893 18.5304853550501 18.5826325512829 18.5835461230707 18.551363233799 18.5654035346289 18.5888569067736 18.7116865573626 18.7594760919952 18.6949269915428
19.0590060182047 19.0726734122515 19.0793605542135 19.0874363969421 19.1115468567371 19.0888263254557 19.1477612479467 19.0709005447254 19.0242412115622 18.9695963127832 18.9743878064709 18.9200804389925 18.8622065498008 18.9133635813074 18.9304112453613 18.8493041715936 18.9080964610595 18.8224009305067 18.814642698987 18.7846992205381 18.811339239109 18.7973145349198 18.7341911192113 18.7490710049696 18.7509005063276 18.7047275987368 18.7295507684832 18.7016833801288 18.6940612675065 18.6749427239675 18.65890191786 18.6106919115724 18.6297914753027 18.6187540074768 18.5779434576339 18.6102154548836 18.559367156475 18.4947802314844 18.5363982030697 18.5471146381082 18.5645674810085 18.5896397439127 18.6419284122162 18.7382632111702 18.7250743872032 18.6563516179237
