DATA/PredictorVariables/Future/2040/prec_ver_11_40.asc
NCOLS 590 
NROWS 274 
XLLCORNER -7.522276026 
YLLCORNER 35.996888128 
CELLSIZE 0.01 
NODATA_value -9999 
[rows 105 to 125 of 274, columns 47 to 93 of 590]
17.1826748237344 16.6987758484125 15.6727371081068 14.6554153785208 14.8521844127553 15.8873636905423 16.8842505830859 17.0889245958136 16.9199712559032 17.6784873585788 18.3033843255605 18.2326276849003 18.0343113181668 17.8318359748821 18.0095639216898 18.3964725955808 18.8595426865536 20.1521548124995 21.2065203860641 21.808187200297 21.5269415856815 20.5377158523032 19.3468881562851 18.9792144861469 19.717394695966 19.9782810883649 21.2251643750002 22.6019011504279 24.0128630070563 25.2707412587631 25.7755650214009 24.2355108751934 23.968673305438 25.1000271594295 24.6021618312786 22.8005692854116 21.6099350129394 21.045032875 21.1957647815649 21.5743568479788 21.8148415232679 21.8726710540341 22.647576580204 23.795032875 22.7406741747943 22.5689151856852 22.5547105899141
17.559600602167 16.7484512687084 16.7801230592026 16.4503287500005 16.2449789499438 16.4613087400591 16.7073370391056 16.7007162605716 16.9593983948195 18.0500718932247 17.813147228938 18.2849883441649 18.1761824951591 17.6703553407859 17.3901184429655 17.301114650077 17.5864489605447 18.1601169652387 19.2463748420095 20.4439734483804 19.6256149033744 19.2474882383459 18.6409931809597 18.7702961112651 20.4099342499999 21.3332883803818 22.3850986250001 22.9503545140341 23.8711464011408 23.8122129826379 23.4238288916413 23.219764677844 23.7223179285706 24.2551475354095 23.2153709482838 21.7663394453524 21.16397432551 21.1963891236715 21.7039268247726 22.2707955494897 22.1652199755542 21.4315501811723 22.2658291874292 23.5530073493667 23.0571428014056 22.6388015407762 21.5905596806556
17.4240840754064 17.701575987961 18.8077781951686 18.6501090107109 17.6475840573009 17.635080797992 17.7023035158578 17.582479642132 18.0648474499436 18.1321320869456 17.6583855187083 18.2252454092568 18.052497723318 17.4520754020444 17.5667401872235 18.0656043485767 18.3051932849354 19.1652454625648 19.2971894055123 20.4418612877533 18.6737744605727 18.6377281754038 18.6216159690686 18.2676222319918 19.9378853342342 21.9212325310724 22.6397369999996 21.7603638313338 21.9325048094575 21.7748177979916 21.9953873890341 22.779276676006 22.9073592319914 22.1014122198074 21.5742756331919 21.1036290336083 20.942100294794 20.9177257092418 20.8869156063509 21.0360264374295 21.2227970547381 21.1163981267757 21.0964250130099 21.3950960165681 21.388188268708 21.9955687301804 21.9917140615634
18.8900604988813 18.8344449635172 19.4444119561381 19.5398814312515 19.0243954443849 18.5586368721998 18.4604135890212 18.5001227567125 18.3167690915802 18.1708033312081 17.9937892205705 17.9706885002132 17.9471364985301 18.119017156208 18.1142882214724 18.7672053102236 20.18649076301 20.4022949304828 21.0448251772536 21.1193840926216 20.4228572436227 19.6501090107114 18.8991004362181 18.3556602039652 19.6992718877251 20.846190490733 20.8273745517885 20.4595854314126 20.7199775107106 21.1420304234659 21.4192624187923 21.6987291407952 21.4893230350157 21.2095797359662 21.0663949491445 20.8705150889776 20.8265352489077 20.9150374588849 21.1350986250006 21.2633564164412 21.4985518389159 21.1720529127553 20.779012350043 20.8783630294191 20.5120092705746 20.5173295732097 20.9745164312438
20.0720074946187 20.1376726713146 20.1607546316826 20.4558889233703 19.3408362062082 18.3126618429937 18.9438978278732 19.0560031852007 18.1450858327446 18.0150103857107 18.0617973881942 18.7311703941004 19.009331421614 19.3433674451469 19.1815786021027 19.1332425807756 20.1817415187007 20.2679292717571 20.8330211091861 20.9445693502551 20.533331885792 20.5239038859398 19.7571684942999 18.4228897297592 19.7829142122449 20.4067711490456 20.0427417951202 20.5167796192314 20.7806173135025 21.2507704562081 21.9099342499999 22.2063826774559 22.3065997272818 22.0310663312086 21.3290954397995 21.6671760202408 21.5525389267893 21.8316198576481 22.0079158691581 21.9498444729695 21.9167839920925 21.5750553642894 21.52563229669 21.2844777061379 20.9059167559666 19.922837154943 19.0310630783865
20.86028669649 21.4548870211867 21.0335374581174 20.3738627759037 19.4515557500707 18.0710152887793 18.7888914462604 19.0683197687082 18.2726025136395 18.1403722999936 18.5150103857107 19.7677494692193 20.5 20.7738312127019 21.0279568920347 20.9006832640345 20.6129266091425 20.3800913118289 20.9497322079194 21.5845757549708 21.5009462091848 21.4589161671887 19.9531251249056 18.6529129581424 19.4712483234465 19.487262170484 20.4593490326981 21.3741283147995 21.7988219175836 21.1891581754612 21.6531118437149 22.4229841096717 23.190666167699 23.6501090107109 22.3009496688628 22.3137898210692 22.1102017125915 23.0018221170027 23.3652263590433 23.8047970864907 23.4705517640343 21.9745678329192 21.6749239838743 22.0498917522286 22.4214803772993 22.1526003065091 20.4233090937152
20.004272691208 20.8648403472014 20.704846839592 20.3573953232107 19.7549663620605 18.2059275924387 18.4746700400476 18.8438853232812 18.3046135882702 18.4737672690783 18.8160005812083 20.2085725455027 20.6140825732813 21.0675493125 21.7212922859125 22.1078537967129 21.3879903479557 21.7357240063391 22.1952029135094 22.4736322551555 22.0270196562853 21.5084805297574 19.8614196034679 19.0447692477551 20.7343601231223 21.3326291023436 22.2262959929313 21.9408516500768 21.9910833384036 22.2973848450154 22.1218331734656 22.6802393122167 23.3142730937852 24.140146294485 24.04099279949 24.1123185602551 23.6585566367312 24.0559019562083 24.2814507185183 24.0346411487942 23.7916698455811 22.5074302055055 21.5564700479565 21.127695606717 22.0770126375064 22.5263155096177 22.3469975484657
20.9382381658076 21.3516044890471 21.0900657500001 19.9349966330683 19.8186961012795 18.5855262362654 18.5559019562083 18.0642796931981 18.1876163214293 18.768776675313 19.9035203856402 20.6719376866389 21.1993783181983 21.3795032187853 21.6482868937082 22.1672778097675 21.4064274929314 21.9309019562083 22.0686212620393 22.2664919881965 21.9548577328193 20.2582765079974 19.6007826100542 19.3764135750774 21.5969086349141 21.5290446936375 21.3808250459181 20.5808649876477 20.1453324062145 20.5105956954972 20.8281450079972 21.4224122052037 21.7799113792409 23.0009960849235 23.711789531285 24.2515487312916 23.9700612914904 24.3005692854116 24.3920891114766 24.0329622856634 23.7121112625064 23.7663550952425 22.2971828814326 20.2579598656123 20.9258724860361 21.4220303312784 21.8481764437642
20.1347650965851 21.1703270773704 21.192275926789 20.6533485395447 20.7130595914608 19.4177663531074 18.9039303018598 17.75 18.3850986250001 18.8127833582966 20.1501442133762 20.7737407843285 21.3949238642892 21.2443157830685 21.1183127499291 20.8417771993787 21.3858291949688 22.089792364289 22.2342731862696 22.6276409187212 20.994616932826 20.1744668382838 20.5026659111806 20.6881902917793 20.1312403619784 20.0076704481992 19.5788749375704 19.0011215050563 19.0553007728328 19.0416698455811 19.6266394017639 20.0698684999998 21.0036621791637 21.7192968621215 22.3783840309314 23.3912995066966 23.2117444946183 23.379735902214 23.2854318428927 23.4524111003038 23.7806478630719 24.1793610437921 22.9584709761928 21.6282762187151 20.4095323074878 19.5085690745182 19.2920449128023
18.9818004989974 19.7668078703697 19.7157806282367 19.2613869818688 19.1722273146152 18.8984039179533 18.4061018722362 17.7558740773306 18.8498909892891 19.8108207165288 20.6608165762749 20.858647244545 20.9586998875771 20.5184785855722 19.9776419438134 19.7683718801755 19.7346713262567 20.5409862000768 21.2169136310364 22.0353648404317 20.4940426795023 21.1050432117336 21.0508087093268 19.9035257690155 19.8536702334186 19.9376415293685 18.9540425087244 18.8335118555805 18.9866158682806 19.1370963739978 19.3977399169912 19.1649383990506 19.7932107579973 21.0982436302088 22.1394979929589 22.8484685087118 22.5927949565544 23.2479471635389 23.6284758421669 24.0370568399238 25.5064357032716 25.0568336952683 24.1461267907778 23.0934804517276 21.6530231033707 19.4857206885673 17.9229873624937
17.4384751368031 18.6051699460238 19.1368662414493 19.2695619500059 18.9562972837028 18.3380652704768 18.1144416818923 17.7410193281754 18.1456537938623 19.5232481073166 20.4703337919594 20.8799117607102 21.0989631389635 20.3967690152863 20.1352529755298 19.7470467879504 19.7324489742154 19.4244472830688 19.5280820187145 19.9845631192048 19.5176914874927 19.8520345447934 20.7771487639595 20.4627121838292 20.1550325188227 19.9568231692237 19.4971248804896 19.3303703851827 19.4295689940779 19.4818399621197 18.9897055119878 18.6664987712998 18.9715086867997 20.1143922145892 21.3198684999992 22.4425230916549 22.4519204972272 22.8983841451215 23.4738368760619 23.6564682737206 24.3330292465329 23.5566958158434 22.4454423586321 21.7037162580137 21.2442937000946 20.2091918726472 18.9396287684175
16.8163617429313 17.5245752616463 18.0532215889902 18.4018556627548 18.7061754915235 18.6790590126027 17.9531044813622 17.5460060370541 18.0602920140782 19.0900445196399 19.9345383928908 20.2913001124229 20.7609928754882 20.3441058255102 20.4021891911699 20.5976011007899 20.5135459513053 19.4896575730581 18.9962402683629 19.1067025023468 18.8674435518334 19.4256074364779 19.5044490968277 19.4438251804764 19.1012917013635 18.7905570002126 18.7316595603399 18.5609921125487 18.5901107866668 18.9675563292779 18.1645468609658 18.2045661495038 18.707319236477 19.1734234051924 20.3337241349409 21.2968309090172 21.7870730093878 22.5622257120321 22.5850768064629 23.1379969311797 23.4644725346666 23.0281868572251 22.3689414505099 20.8793696507227 19.4995907055147 19.6242305749764 18.7445563538843
16.7636044834185 17.8574165535708 18.0198755187789 17.5900657500001 17.8067583515339 18.0411130848979 17.4269102262086 17.6407748134729 18.2679718728144 18.7690560958138 19.3922579245795 19.966187752343 20.260890437521 20.9495630563135 20.8127243624934 20.0452402910936 19.9689402682046 19.2511796741314 18.6295645061942 18.6891379375708 20.0372710874025 20.6385646012794 20.5481073131944 20.4648549818577 19.3192311376367 18.865852951507 18.735482231374 18.2829900604822 18.4981439557755 18.6332450430519 18.6985066329978 18.6256640913241 19.0979319982044 19.2055396604558 19.5063550415115 19.6710761945235 20.5947041249996 21.0139742901053 20.5871980732103 21.0171163302033 21.1049986088155 21.205067574181 21.6622534374996 21.4268359979264 18.9902692442 17.6345260895443 17.0362141968422
17.0506282812149 18.0825596982108 18.438958254696 18.1426046767894 17.9917234920026 17.5810593124295 16.9411243754884 18.3432272778684 19.1224894749719 19.2040523599388 19.2341889831526 19.465733572899 20.1726059357185 20.5636183671187 19.9895493869284 19.2261687872981 19.5423583564414 19.1556991639033 19.1856038990663 19.8400110620044 21.0708368509219 21.3794164080814 21.5154340849288 22.1233191861069 21.6506832640345 20.6309398278572 19.809996322445 19.3047291249114 19.3212748885106 19.1632940265969 19.637055898217 19.5232030405196 19.617609728032 19.3209474523238 18.9481977018192 18.0939885199458 18.3597145107103 18.4826163910385 18.5292702603844 17.7928488437145 17.9113753404242 18.4505852173018 19.4780272606395 19.4180543965314 19.6707319728589 17.8057020773373 17.0690587835722
18.0511475896157 18.645967706209 19.166642344808 18.9235512476698 18.4734329284703 18.0657513859048 17.2295637429588 18.9810950166748 19.5845304864889 19.8585229501512 19.9518017755947 19.9048520907114 20.0240651687912 19.8064843682802 19.2961905571052 18.9774835624999 19.274596617959 19.5085466408871 21.0002442932235 21.4637285035757 22.2157793163269 22.937684179432 22.9745918395448 23.0708189318027 22.9858335773381 21.7865729970801 20.5538431431325 19.689956739289 18.9429450983628 18.4272377770318 18.8462676188923 18.96570070085 18.8568758875951 18.516302292021 17.7815541319357 16.7888735271403 16.4782540187078 16.497033461945 17.4895452974872 16.8469975484657 16.355534500276 16.1906866688624 16.4700127133758 16.4560740057921 17.2457476512771 17.5700705129286 17.1257704562079
19.3104195932821 19.8741186349415 19.8089528939841 19.5452542645178 19.1091093712091 18.5939251153517 17.0300224892893 18.4435301278293 18.8627906667725 19.2271731995961 19.7294309843595 19.2249357153325 19.0972966982104 19.2217241627546 19.2710018628595 18.8825060517893 19.4481447187149 20.6256836455043 22.1345260895443 22.8931619904919 23.240174760711 23.216464906789 23.6628279729682 24.0825596982108 23.9110775886116 23.0909099578857 21.8163617429314 19.4234932166863 18.8034815352764 18.0481180562312 18.0987442005096 18.1036970797411 17.5680058563621 17.4674670784309 17.1632544678571 16.3489564737214 15.9627308569669 15.9298099405656 16.3600908432816 16.6832211437081 16.6981556119422 16.4681214664862 16.5328260130686 16.462232462566 16.2705189812217 16.3705475137646 16.628243711027
21.2277569482111 21.9845716582093 21.0644225600828 20.0931891625981 19.37019763147 18.7413331489021 17.2342191580811 17.0527516057032 17.3268212746208 17.5848788857105 18.3773793302037 17.0885040074203 17.4850764249931 17.6732036825296 18.6060223448956 19.0998024607174 20.4520754020444 21.8987660190469 22.5367388118003 23.3580376228144 24.4354051749936 24.2211242994902 24.3491400468942 24.528882299923 24.0734091614265 22.9503048792752 21.5384401084183 19.3486542307528 18.4962672374229 16.7099818325708 16.2689615476692 16.4249987576682 16.3488518571284 16.2335861345318 16.0404790398687 15.8037179249228 15.6918069663533 15.6692372924045 15.7323953232106 15.8532270886563 16.2425421219342 17.011168230953 17.8667608693921 18.6782520731676 18.4869582847443 17.3690913426125 16.2912960844662
22.9808290367165 23.7420627885198 22.5557451492443 22.185748014225 20.7152844315262 19.3398917479496 17.4621112625065 16.3164025237207 16.0616280561608 16.7067157351627 16.90993425 16.162937083004 15.9105067854557 18.4298696104622 19.5297213395319 19.9539178077917 20.9516947660532 22.5525389267893 23.618755590126 24.5655029883156 24.918012837245 25 24.9696314882851 24.8409936003256 23.8408689887237 22.0094597629355 20.3773191874999 18.537930483591 17.7152916065858 15.384054783081 15.1138991731672 15.1617967218509 15.261604812118 15.2438803380107 15.533668042841 15.113043636704 15.1892011448192 14.9958803626227 15.025430449213 15.1518316121492 15.3689406686225 15.8573953232107 16.5257962642254 17.5240280600823 18.3303357165173 18.3393891041059 17.3296374474869
23.6039740244131 23.2429277646436 22.9903397857656 22.3123296656951 21.1581698231706 18.9691927299832 16.9468885377548 15.3934008280794 14.8240098045023 15.7466726301027 16.1997802607104 15.4730000307309 15.8640223015469 17.9444759966026 18.9580523062311 19.798868011276 20.9376510424164 22.4509204500767 23.2352272749393 24.5729724682271 24.8348788857105 24.8322921203001 24.7478159687144 24.4832687262789 22.8229581437077 20.2437102957922 18.751532813498 16.6984635554758 15.6464854870335 14.4835355125769 14.5849607073917 14.9035818174166 14.5361411814833 14.473726552559 15.7420409162753 15.174712125999 14.8799117607106 14.4580008338211 14.6800823688211 14.9639737343573 15 15.1789903458137 15.8060134272217 16.3905573816823 17.0361519620659 17.6876375517895 17.6176037350827
23.3213329344053 23 22.7127331230754 21.7222966982104 20.3739905043712 17.7745140655651 15.7771548124995 13.669056957041 13.5459789632031 13.6826263194949 14.4563887190243 14.0067212710618 15.2904137705787 16.3551260273513 17.3356163800047 18.389944697746 19.7311776111446 20.5817666605259 21.8413443484026 22.8374987000842 23.6720303312784 23.6477863225265 23.1316584127545 22.5688246580805 20.1564154353939 17.9464400934991 16.1948824451429 14.9391719585617 14.1016209531592 13.5715145310759 14.2725371104502 14.6684771500439 14.7555066658706 14.8810340825953 14.6869539062852 14.9325413144796 14.0427186218082 13.5432335327496 14.2025740200766 14.6709053420881 14.9871331697941 15.0898021227551 15.4936229410463 16.1632323580046 17.9575596982108 18.6842728045026 18.3233087122454
22.9642808755035 22.9279474687146 22.4241741795025 20.2736954356335 18.0046383749995 15.3120077034559 13.3244542093922 12.1271461552446 11.9370229247457 12.2027167841739 12.7340677954402 13.4767131062918 14.6911920854803 16.1368687458095 16.6285058584183 16.9889187958687 17.6832211437081 18.7850760056273 19.8318770180144 20.5781204968734 21.3701677426877 21.3846925766522 20.7189949562003 20.0413947420021 18.1963496820484 15.5808356110929 14.7702968931526 14.0341637937918 13.5540839109234 13.1885561765971 14.0034667581667 14.4324401423215 14.4988789670638 14.673509537723 14.3567680997591 13.7767358622446 12.866506565282 13.122979962245 13.6955136173629 14.2014603679315 15.0585220301925 15.3412061111532 15.8516110954119 16.5533411398337 18.4534183937084 19.410530792081 20.2481986437712
