DATA/PredictorVariables/Future/2040/prec_ver_11_40.asc
NCOLS 590 
NROWS 274 
XLLCORNER -7.522276026 
YLLCORNER 35.996888128 
CELLSIZE 0.01 
NODATA_value -9999 
[rows 84 to 104 of 274, columns 235 to 281 of 590]
25.3089994187915 25.2807933761204 25.1380518370504 25.2651579100857 26.6647540643547 26.8268002984654 26.812070602843 26.3575252001226 25.9763367737205 25.6859985924976 26.0537179249228 26.1313314128054 25.0141664226625 23.4580567687078 24.2271669669305 25.7038203362205 25.2933059384507 24.0312700708234 25.9728709515341 26.0460632774944 26.5664571250705 26.2639731432046 25.2604864061516 25.3649013749999 26.4649885671735 26.3320324392809 26.0443641003021 26.3995622392886 25.8470233124993 25.7658492560159 26.6696540307531 24.5329067368054 23.7654570782154 23.8018552812851 23.9063315375422 24.0180132187147 24.126858181161 24.2824013157197 24.2465340237208 24.0512663112479 23.3400657500001 23.0900657500001 23.1089180083237 23.1456537938623 23.6690710812635 23.9226737937212 22.4894448311378
24.2725164375 24.3564625255107 24.7368490051049 25.4059602626513 25.6069528378742 25.4602407999934 25.2606817716366 25.1137449503427 24.8483598131999 24.7132539656904 25.2794482359657 25.245597916438 23.9448173488176 21.6749446357106 24.5552732556275 24.0909713624224 24.3109427531123 23.101338910657 25.1366473562917 25.6273249953002 26.073033849405 25.9994274645442 24.2531231184119 24.5323416767891 23.9730671544186 23.6651691670804 22.9850764249931 23.279987068749 22.564273093785 22.1003608186233 22.227849873283 21.9798027499997 22.5653689152199 22.7303752854555 23.3356367994879 24.081987162755 24.4440980437917 24.4732876566476 24.3757704562081 24.3826072807817 23.795032875 23.5900657500001 23.1854010560905 23.2961796637795 23.7643287201262 23.95900720051 23.3215893880102
24.4515557500706 24.0630460937147 24.4461120330077 24.7504596931076 24.735894098196 24.638499246314 23.5023191874999 23.498844035861 24.4481505526505 24.098451650178 24.6920362437505 24.2474942374933 22.7494374940785 21.3258258204975 23.7361620130099 21.696888537755 22.0109703102007 23.5981443372451 24.9608412023306 24.9754867938327 24.9607429593267 25.2369468875064 23.4844637064761 23.0674592967127 21.9655628204974 21.4505380346307 21.1478155872449 21.2462004953059 20.9278380765342 20.7978409867276 20.459524465743 20.5518552812852 20.9435915744552 21.8487507999229 22.6914366239071 24.0060039481401 24.0750553642893 24.2480361273699 24.0075060517893 24 24.09006575 24.1372438983727 24.0347924943724 24.5217459812918 24.3015946004344 24.1224894749718 23.9065228750706
24.7699767477712 24.309470725255 24.7089002402257 24.1789903458137 24.0745958550196 23.3026834754599 22.2444045937851 23.5284950645187 24.7694978511246 24.7419214127549 23.3394971921233 22.0929574729556 21.1261372240963 21.3046339071074 21.5484442499293 21.1296945563137 21.9534183937084 24.3273745517891 24.521548997955 24.2632894977004 24.2637542047507 23.4116809020438 21.8616110307156 20.745334289193 20.2391309187917 20.0273269692183 20 19.9138503015536 19.7515487312916 19.5703416045922 19.3279470872449 19.5329142122449 19.8921301161831 21.1068227877548 22.7349896142893 24.0993795005036 24.5217459812919 24.5627387807818 24.18296859923 24.1711250624296 24.5776421296998 24.8047970864907 24.83602567449 25.0064344458237 25.0450328750001 24.7256330596295 24.1760914244901
24.6705573056841 24.1024835625 24.2125592529287 24.0252539253912 23.9959599244899 22.6868336208773 21.622979962245 22.2014072052858 23.7154372804093 23.9077502187143 22.5811140004252 21.7432644044189 21 21.3461725512314 21.2990729505101 21.8124662990371 22.4174403017892 23.1856489484526 22.9706659187361 22.6235864249226 22.449923493467 21.2605551688622 20.2635305010928 20 20 20 19.9174403017892 19.427758158163 19 19 19 19 19.0303685117149 19.8683652837351 22.5090547830809 24.4900653685304 25.1350986250001 25.0600432607108 24.9714991268522 25.1391387005102 25.0127341298848 25 25.0090064375706 25.0292863793716 25.3220525312854 25.1254713064635 24.9376375517895
25.166731746426 24.2735333493674 24.1260921874296 23.8588767689208 23.6329145937146 22.8408139174508 21.5767234139729 21.1831601159097 21.5422690490368 22.1818781520441 21.8595918080824 21.3666887430754 21.0360264374295 21.2402504502191 21.7229803437147 22.1312564702424 21.8540322937916 21.4558999226998 21.2203276277999 21.0669767770443 21.0757542336921 20.4637938796958 20 20 20 20 19.5116473562917 19 19 19 19 19 19 19.2642133712168 21.7481373563623 24.8922791768331 25.6899567392892 25.4083855187083 25.6273257869129 25.9699775107107 25.44696370253 25.160832285412 25.1385646012794 25.0720525312854 25.5704410354556 25.9324506874999 25.8291966687918
26.518058255381 25.5091803077173 24.8516118773 23.7990186156075 23.2981451001853 22.5435529903821 21.785827249142 21.4782540187078 20.7093129496678 21.2965816062913 20.9234529916463 21.4611449432866 21.1189414505097 21.160499573827 21.6144108877268 21.5841084295021 20.9421002947938 20.8127243624929 20.6285687690462 20.7605551688617 20.5676034344572 20.0585633760929 20 20.0720525312856 20.0075060517893 20 19.4155296562149 19.016375747079 19.0072054249153 19 19.0090064375706 19 19.016375747079 19.3239926129221 21.5259824137792 24.3950176746015 25.1854998045721 25.5548581142884 25.4859174646144 25.6832211437076 25.6081418323893 25.8184911647278 25.6152231062215 25.486462656073 25.3427478166033 25.6925493125003 26
25.7378813372448 25.3754018558663 25.3270126375063 24.7683356375472 23.9694323192527 22.4904192867299 21.1935156317196 21 20.5744811109657 20.6149013749999 20.3354531390342 20.9910482504251 20.6959606874294 21.2827148935603 21.5575108302039 21.0807375812081 20.556337998907 20.122979962245 20 20.04099279949 20.0525389267893 20.0800577954722 20.1531118437149 20.5080785872451 20.1926793626196 20.1080789687148 19.8457499669316 19.5098525750966 19.30659545307 19.2174006430333 19.2811675602009 19.1621182812855 19.3365444462016 19.8531122630808 21.3776409187212 22.2571441375064 23.9507969993704 24.5555880438622 24.8357730495528 24.9875763796997 25.04099279949 25.3935365046939 25.8013921380099 25.8115493419389 25.8449577227105 25.9189406875705 25.8558949374293
25.0525389267893 24.890994394329 24.2869542877549 23.440529274745 22.688230155832 22.4971535535704 21.3279470872449 20.8981860953387 20.3757704562081 20 20.0341637937918 20.032795490612 20.3756136492442 20.8573953232106 20.8679042080039 20.4344970116843 20 20 20.0090064375706 20.136899981229 20.4114303156844 20.5445145462028 20.9255168214904 21.1350986250001 21.1598030713647 20.8521844127553 21.0399938567754 21.49601232088 20.8226214327358 20.5659199373411 20.6965959874233 20.2382471112961 20.6969076166051 20.803683997701 21.4822072835143 22.2396022252552 23.0923809599209 24.04099279949 24.2598143460617 24.8497854312801 25 25 25.0934771249294 25.3551112461155 25.1757180571888 25.278301601279 25.0318785335138
25.4106844174633 24.5990903581524 24 23.6475164375 21.6672122734041 21 20.9924939482107 20.4285150567961 20 20 20 20 20.0303685117149 20.1708033312082 20.2186345190468 20.1193034585619 20.0600432607107 20.138101458004 20.2136182477008 20.803231747653 21.0243954443846 21.1260921874295 21.3288120738955 21.7680132187147 22.3985055752344 22.1488048054381 21.645569496976 22.0630047478143 22.3441058255101 22.3441058255101 22.4670857877551 21.9324377704707 21.9513097245465 22.2450398937789 22.8879582252474 22.8975164375 22.9898286898651 23.9939960518599 24.286954287755 24.393536504694 24.8423849374999 24.8270739249153 24.77887570051 24.5874972636757 24.3639735246744 24.0701902312212 24.2186345190468
26.0750398012945 24.9116551380103 24.0120092705746 23.795032875 22.0746662598565 21.0792579562007 20.9658362062082 20.5080785872451 20.1170854062854 20.0936684624578 20.1055949318019 20.1200882392894 20.1020750205747 20.0750553642894 20.1125821875001 20.214295293792 20.4534183937084 20.8087002690468 21.0108690812083 21.1501090107109 21.4920168228847 21.8441058255102 21.7921411520445 21.9896022252552 22.263483711792 22.8499105017815 22.9534183937084 23.0864630375424 23.0540393125706 23.0150103857107 23.0300224892893 22.7919289067728 22.902991558307 23.6460689352008 23.4539138893585 23.0288210125141 23.226888785637 24.0014940432959 24 24.0648474499436 24.2015557500707 24.032795490612 24.0310563021622 24.258215480199 24.3020757835141 24.2465340237208 24
26.778636274399 25.9695689687854 24.2817825943139 24 23.3589570657903 21.6369437759974 21.1651211142895 21.102932580206 20.7546146785098 20.6695095890209 20.6895678315669 20.7357195438624 20.673546956051 20.5544974754497 20.7075596982108 21.1441050625707 21.1501090107109 21.1921407705748 21.4226254482109 21.9042911524716 22.2693492080861 22.6080789687148 22.8492025812637 22.8366543750708 22.6169275046466 23.1639809249232 23.6876375517895 23.6036904939834 23.4411018102008 23.2484512687084 23.4435372328742 23.7701972500003 24.2621186627552 24.2754709249937 23.6852600252201 23.3446672056868 23.9775047928602 24.3233196054727 24.1651211142895 24.4677786086189 24.6130453307753 24.1275925732109 24.286843106661 25 24.8087002690468 24.5333855187083 24.0180132187147
27.4808308171463 26.5005725354558 25.424033068371 24.2735333493674 24.0378887374936 22.7975242192185 22.2829367937216 21.8467738448079 21.4173683528235 21.4670857877551 21.3113103348982 21.2211242994902 21.3113103348982 21.3291999216139 21.257457706279 21.8504361807471 21.9984512687084 22.2347916935369 22.3509348312084 22.3964856068689 22.6665067560169 23.1645468609658 23.7376423302041 23.83602567449 23.8204322390853 24.1828607065545 24.7413149500773 24.4232203533709 24.4129185624937 24.3367684085459 24.9011772979271 25.0825596982108 25.0771989197942 25.3238969760983 24.8643030755105 24.5699864984803 24.906844606292 25.2272856417476 25.1032337299635 25.1009348312084 24.9252182621603 24.7608690812083 24.8483347636824 25.0525389267893 25.0300224892893 24.9395464794961 24.2921411520445
27.8167788562924 27.0955307625223 26.3004031092135 25.6052500058578 24.5831339515351 24.0720525312856 24.0832365320421 23.2396022252556 22.4492029627341 22.1170854062858 22.1146285116849 22.1488048054387 22.1637557529218 22.1681222294262 22.2061139137799 22.1427883372433 22.6564703412643 22.9099342499996 23.0800577954725 23.3167788562924 23.4534183937087 23.5739151749234 24.0270196562854 24.1801315000008 24.3963427211093 24.7413324427183 25.7355621497454 25.7621717625969 26.0007568986334 26.0474622094858 26.0377731056634 25.7180202374946 25.6305745614785 26.1306317011643 26.7377186191577 26.5037052618044 26.1801315000008 26.1234512687089 26.0690361967283 25.810043260711 25.1708969486166 25.1441050625712 25.1263991567892 25.412056993877 25.2627395437216 25.3714312309538 25.2512758679766
28.454967125 27.6143215803222 26.9009030275087 26 25.4874346631251 24.5080785872451 24.7455612871209 24.0776479375002 23.4096952429592 22.7634826559316 22.7018631567727 22.8574165535708 22.9336528037987 22.9525452313786 22.8776409187212 22.351370873907 22.1892011448192 22.4099342499999 23.2262815881984 23.8649013749999 23.954967125 24.2441054440405 24.2956054104559 25.0346411487942 25.4534183937084 25.7257852559664 26.4987729999298 26.9214464500775 26.7751702757439 27.1080376228145 27.2785164080612 27.020945417451 26.6760914244901 26.3441058255102 26.7309471570082 27.3046135882702 26.9754372383156 26.9695689687854 26.6720529127551 26.2484512687084 25.9701970257437 25.9441046432048 25.7286303512795 26.1533399575283 25.904149086221 26.1320957919961 25.7673661450883
28.0788749375704 27.09001335361 26.7981368432273 26 25.8438320396023 25.0300224892893 25 25 24 23.3448477930156 23.045032875 23.100073704528 23.2023843102552 23.1480795406686 22.7229837733479 22.0600432607108 22 22 22.2076754780321 23.1814725335454 23.6239078125704 24.8315497997026 25.025879466919 25.3570998990461 26.1039213849412 26.5565790022994 28.1759835960846 28.7730889729558 28.5828586046802 28.2590064375706 28.0450328750001 27.6990660697795 27.4031118437149 27.1286641791765 27.000263627245 27.15759383214 26.900211863802 27.3054306497449 27.0360264374295 27.0548230038844 26.9422036244422 26.7873369628117 26.759328168792 27.1137900067607 26.8633526437083 26.7588490434532 26.3105604635276
27.2609703102006 26.7790190279626 26.3348788857105 26 26 25.2177066687213 25 24.9933278012657 24.0525389267893 23.8069218601667 23.3850986250001 23.6356169537974 23.9316802312918 23.5787546521625 22.858647244545 22.3993790811377 22.0248455227328 22.0150103857107 22.0745342108068 22.7729761306075 23.04099279949 24.5524241827355 25.3993790811377 26.240952216529 26.8188506644662 27.5385318563629 28.4797706434807 29.5960230704978 29.3167395960725 28.6302397477716 28.5802405107111 28.5477967009633 28.322161923466 27.9145513010666 27.5085498937086 27.2664644874231 27.3500757435935 27.0866543750708 27.3441058255102 27.4227305779373 27.2580785872451 27.662816797596 27.7575060517893 27.483602254694 26.8724074267891 26.6401860177057 25.9124410436915
26.7305732062067 26.0562640165807 25.4782540187078 25.8949238642888 25.9459606874292 25.4890296897995 25 24.9840419945422 24.4102559812217 24.5726734122515 24 24 24 23.3360256744901 23 22.7315236380102 22.1988613147719 22.0683197687082 22 22.273286893708 22.9459606874292 24.6747821193093 25.8441058255106 27.0871740270453 28.3907432806932 30.1512557994915 30.6747153749975 31.0257042594452 30.8385170187093 30.4335491307701 30.3024905812797 29.9600107565335 29.4690825999237 29.0375480535717 29.0896572080755 28.3671947984669 28.7708957663113 28.2136182477014 28.1409727023312 28.0189049833253 27.7860264374296 27.7942897627898 27.7481373563622 27.1937763125693 26.0652101982202 25.4684976260925 25.1519650549352
24.9673849374998 25.0304310312146 24.9927945750847 25.3416144812917 25.5919217942246 25.6486566268663 25 25.0896062407303 24.9965340237208 24.658197277814 24.0138556349411 24 24 23.5810593124295 23.031326694562 22.8975164375 22.5555347601834 22.042030041996 22 22.0300224892893 22.7540400755101 24.7421900023491 26.7846077562574 28.6770418562923 30.8767818318457 31.9841708125708 32.2979947056772 32.2486636700155 32.1501086671373 31.8780557164861 31.4185853727008 30.868821165102 30.1821468965055 30.0090064375706 30.0690706997938 29.6583855187083 29.3906874318018 28.9658362062082 28.8217687372446 28.3196294929591 27.8088981897992 27.7791246052836 27.3572585870321 25.7684763619899 25.0351961792765 25 24.9453398064633
24.12090532314 24.4919214127549 24.821714158182 24.9871331697941 25.081987162755 25.5870839185086 25.0270196562853 25.1393350574875 25.2994675103847 24.9369360792771 24.1171032332936 24 24 23.95900720051 23.3001985089294 23.0667154594451 22.9586998875771 22.3714312309534 22.1260921874296 22.406844606292 23.4410124090695 26.0314085635934 28.720066490731 31.4503287500005 32.7002205616706 33.2211242994902 33.316780420067 33.0519322071839 32.8723575175038 32.3038819184533 31.9658362062082 31.0939818015538 30.6546485244456 30.06350923699 30.0235593754529 29.9024281982106 29.4624731767892 28.9807007854118 28.7748356249998 28.2514186811721 27.1366473562917 27.0320250812196 26.3575100672644 25.5499446357106 25.0315319603615 25 24.9927945750847
23.4372612192182 23.897067419794 24.1576691844578 24.8693840926218 25 25.6775990694933 25.213045712245 25.1591637937918 25.7597425474882 25.0327514941578 24.3540388932047 24.0810593124295 24.1441050625706 24.1080789687148 23.9836661359463 23.5498358321419 23.3631547229558 23.2468469594451 23.0809462047216 23.8827794375001 26.0049189928743 28.8680424375003 32.0452304683677 33.635098625 33.9144105564861 34 34 33.540872514082 33.1911014666272 32.7075593546372 32.0600429171372 31.6078896581631 31.0795105811377 30.3906940312148 29.9888317690469 29.5775178873806 29.1572521833972 28.7320281271858 27.7424939482107 27.1183994428225 26.9666431292114 26.4359166637792 25.6799109977712 25.1708033312082 25 25 24.967204509388
