DATA/PredictorVariables/Future/2040/prec_oto.asc
NCOLS 590 
NROWS 274 
XLLCORNER -7.522276026 
YLLCORNER 35.996888128 
CELLSIZE 0.01 
NODATA_value -9999 
[rows 210 to 230 of 274, columns 230 to 275 of 590]
160.725621994499 166.541022840499 170.374635744498 179.361500440878 176.613630086386 158.01929484468 145.97017765561 139.961296347001 145.265410500039 153.265386691544 160.980130300988 179.068963593116 200.095906979079 222.764744906819 234.940601341364 237.506514094052 247.678835378248 243.010809109304 231.441376034748 233.046195950056 231.814749805417 210.064765706944 203.61314419088 199.465045627146 200.527275879177 186.301984861576 169.431853252972 152.607133583544 142.063247524376 150.646499165686 157.2906477359 156.230556255226 148.752646593719 143.5 136.810591750001 137.555936887711 130.720082237978 134.11769480925 131.861451684801 124.826498253252 122.744325497927 126.521573455042 126.239194849264 124.013841114541 121.357749339612 124.001670800138
159.559691201964 161.786915377684 163.296979601111 169.359781265136 169.045302500281 154.996426935744 148.975433967187 145.408062538654 150.038016400058 157.729088385121 166.030579688877 178.536065147936 193.529204374718 208.462298165216 213.878695392542 224.114945508944 239.734394028 230.547415061026 212.040598813498 224.208385084684 218.326884246465 195.157648413328 200.64142593481 205.787220049771 214.326547578312 203.45784064254 186.12009408004 162.453967248413 140.312591412147 143.629032880783 151.45785604779 155.116129062217 147.978391357606 145.157209250284 143.905817316021 144.321314121488 139.73568395238 137.434141534501 140.407340547624 133.964731867921 130.66777112864 137.011148075204 134.517451923882 126.485263 125.197810136213 128.389622760786
154.988735743149 154.10622605204 158.1024835625 164.596481642349 163.340003573524 151.302426143693 155.402960004541 163.904507344094 167.03829385325 176.924164453179 185.395390784501 187.66870765519 196.487240632081 213.473476009758 219.437842502967 232.807747442452 244.415336316033 224.148471064202 205.854441617783 212.073448498214 205.473035939743 186.126977632081 180.550433028846 188.505389932722 196.294440923148 199.049456377965 182.144193890692 158.245293190467 138.793909961349 142.916370261223 147.777379481789 153.06119317704 155.21374600979 157.767690617922 162.46057056128 164.190015935097 152.158398358192 141.864673799797 146.578916284348 141.000068434533 135.844645552354 143.134359243608 139.15590408857 131.080650732743 135.133821760461 121.441996240731
162.749879714592 157.802080350115 158.863136517541 160.245644109645 160.853192003384 163.427570919636 173.459457479084 176.070757789133 179.54967125 187.371931288879 195.972903371466 201.251260186869 205.525181172929 208.123664885153 211.576420250283 232.720676425841 253.799036374862 239.452204682608 216.783023889653 200.98893676143 199.953719886992 191.407140815749 171.805873981584 163.99582149793 175.267555310979 167.586102812498 157.772426028606 147.075736642537 135.033699603142 143.508117497316 148.489520395922 156.546676625002 171.676955006351 182.41402475445 175.502972047607 161.543091177802 149.894453377968 144.552339086152 149.110817330041 153.99387561748 150.297982315189 158.719116904139 147.182113309819 147.542699556987 149.215201936935 128.965349526118
163.28002833004 169.022139679749 166.224703127407 173.699238945697 178.949711496469 182.830674291148 188.885098625 184.270522978926 176.847023312499 184.911817019501 190.176105653785 208.627036997063 213.374514104494 204.110525372065 213.580344148467 225.716954586823 250.786535873673 264.266543480683 237.788373170199 209.911015996622 194.335981705041 186.95239398107 177.626744053155 155.393225690751 159.795948542562 156.45673406278 138.706401312574 135.807063510734 137.389587427766 154.227387348552 162.101449349415 170.145869552768 186.794011889573 188.682033471129 172.630370771386 160.027318377238 154.156939625003 148.826628788598 154.196711360428 163.548925795777 164.4884511595 167.600585420476 162.232195947957 158.272643024556 144.202207041577 138.149189266706
164.413422940751 173.498797145921 181.93706214904 185.940443721671 185.325034291581 191.978508897338 188.479248419959 178.526646164176 173.645333436935 183.745561755829 189.430603653671 208.519983592644 221.476175791993 217.495889041582 212.30431647629 226.334939382078 251.669100894795 268.340670493331 250.231433537745 221.616892753253 201.278324315751 182.817982371148 181.448552327887 159.12930449292 146.855653911826 143.567623322958 130.302797332199 135.103131042351 146.359651506396 166.406151893166 179.874087456946 184.856207430886 190.555336465247 183.642120131393 176.81467579496 168.577924532697 163.255313812497 149.409288689017 152.82437208354 162.236360114971 161.387745621747 151.567882734571 149.00954637528 142.759723221845 128.859958612697 124.805989747973
166.696552872724 175.036558524765 179.297182066584 181.817344691024 186.999314311928 190.248985402114 185.964866639581 175.416243288464 172.606003523758 181.624178124995 189.22448975955 209.33332237741 222.31419406009 223.796799812772 219.73439650976 218.555884940463 235.853355641417 260.56714300336 258.92068198108 234.100384822968 206.984578541084 185.402232815471 175.417347951954 161.308462104493 144.324037118893 134.920741700225 129.585448170035 136.827238726006 158.853332350962 172.227597546269 179.633794847017 187.593490258992 187.699012670189 179.211892995747 174.96239893425 158.298149104363 147.747128562774 140.889432573502 144.178022963325 144.808451279008 147.016812865975 141.11964893366 138.87178337572 133.069600955038 123.781077025923 119.288206433775
159.180738285899 162.593536035808 167.487668664568 172.937651065879 179.930240773476 196.75354152671 194.934162189902 180.502533377404 173.722500462251 175.599342499999 187.489417559815 215.056066809119 214.937651065879 210.904815555417 217.570770331577 211.498972555082 223.882869373586 235.288880660869 238.607285784907 237.65768172539 213.736822847311 188.074506874999 170.736016440467 161.599441074966 149.724000944581 134.763492061371 128.236168534165 137.361472112137 160.229195064903 184.72370331633 195.789358435095 187.422738070491 182.787306175181 172.46296098122 173.522028444578 158.424152854842 138.58200154737 132.748582468162 135.655485416992 137.968483397423 138.259069935522 137.653562646384 134.201294230942 129.963767547927 122.426227006989 120.623014694579
171.128421899879 177.976999747315 174.429696862134 170.908358934532 181.655477743653 196.892930042893 193.365292604647 182.949766746621 178.827701825104 171.68764339254 184.866772604733 204.183057690462 209.355049607685 199.842861264572 197.306353055135 198.892315661388 205.964348593073 209.360356505662 211.188466850953 208.413168126855 202.947589725215 182.334053250279 164.572593499716 157.101768507064 152.86524900325 135.903207625122 128.470992689804 137.547378975959 154.560150854077 180.474517495059 184.626645333414 165.91066020246 158.690695937901 153.521047975919 160.674048485424 153.300014527403 134.996847667892 128.796797732459 132.884196666709 135.991425600957 129.146457506984 131.1576150625 135.241576259788 128.047826309251 125.700646664307 117.786374752827
166.719796873374 175.876571322959 164.14781089592 171.69281685746 182.586633137108 200.108823003196 201.270623330048 186.323760659043 181.373366500565 174.332407718659 169.772950447716 178.341701329757 189.113806055319 192.921194208006 183.779376567976 179.787979141829 177.278291497594 174.394184246594 174.951880815747 175.35487869792 177.735609214194 167.822261697959 154.224861158759 149.907620091415 150.709679510459 136.198605337951 127.583112952812 132.474015481559 140.85409445198 156.391695560095 156.20212245838 156.53471462409 141.407164140632 140.071152151069 141.558869997031 142.926215659499 130.46837385511 123.84435649675 129.174136561516 125.776410940468 124.293132012875 130.473612881538 133.451511461528 129.534713802039 124.721500070698 120.434127606061
159.552501928454 161.288432007767 165.026479375002 177.783772916997 186.017479807232 196.59178368357 196.325890528758 190.189441993579 187.936561645918 182.735310678742 171.102213937219 164.686024691888 166.341225002683 170.84760017503 162.177875639019 161.869893754932 148.402449270919 134.770924494781 136.682524697958 147.886591058179 153.663546128529 153.945600725987 145.07473373094 139.383392340185 137.112511693826 131.432163841734 125.923025454093 125.97366486193 129.726345707789 132.041631940878 133.950330695131 132.252375997171 128.676426638582 128.18933024703 127.594208400167 126.853088404966 124.507844052634 120.440564007079 127.517849830084 123.031793187499 122.455460652858 123.247878446006 124.761027679018 120.32057102798 120.520303820479 125.61864709654
169.625283934343 167.809031011807 174.917981232461 194.864380538649 202.743795877967 193.105337438483 177.040394500001 169.406426338934 175.862703294957 182.362253523009 173.522028444578 168.675722683884 154.468808239541 153.130474537892 144.848114812782 144.410420145506 145.257336604119 131.133310269509 127.479212424705 134.007978547926 135.483778895777 137.513825581624 133.675449884858 128.425346687497 125.007681925886 122.083783624998 122.20802255218 120.117356220961 122.666275162478 122.695051481143 123.270218953559 122.213675616519 119.915035125304 118.399568080039 118.201867563876 117.614884985618 117.594529988258 117.105286565185 118.171110629111 117.637500844382 118.161867067477 118.149956831633 117.848598627967 114.342529634437 114.584553519607 116.0355202433
179.046745059537 188.852744708857 179.827162041994 189.55745556682 198.223520624998 187.621320508985 178.832018767539 163.397661556046 160.109226935095 172.83341116361 162.699032628248 168.843920523777 155.203172249648 140.996013925338 141.027264291006 135.876307770507 144.075743602178 132.652405968078 127.542157869049 125.898395122173 126.203163125708 123.91948062528 120.64663889953 113.703053749716 115.577213760432 113.591830607459 114.932872184504 115.078266565326 117.956513407184 118.073130276141 118.031575242259 116.673927377967 116.433296203613 115.666702270508 114.933296203613 114 113.885459481224 114.21076125708 113.436212194545 112.765902152404 113.390993380172 112.004638374999 113.345931812217 111.075537891826 110.1521548125 109.193550615383
202.016113205041 203.246547755502 191.868054083543 195.150004110153 186.469151875281 176.084027468696 172.251162886122 164.527201909499 152.55771916613 158.815905562499 154.071992072677 153.125509958228 149.526610267784 139.373456412552 134.221750709183 132.801246565468 132.832302138992 128.89238320594 127.822294507065 122.57393861652 117.276724881961 113.010440180419 109.569554740776 106.943945524059 108.543405514381 108.565152122032 109.004521186241 111.42729115102 113.674239631893 115.4375 115.444396972656 -9999 -9999 -9999 -9999 -9999 -9999 112.666702270508 111.818199157715 111.050003051758 110.421096801758 109.75 109.47576580204 108.605555476494 107.71479820504 106.762598240612
208.096545432311 217.078703244324 209.510977945162 191.942723485512 174.196452153846 165.193224849174 156.255934431992 154.462926879835 148.658519014694 147.591563062499 147.057859402717 144.637607354491 147.01701693695 137.08487304496 132.30209482138 129.414572624999 130.153808316162 126.684850890529 124.624021834277 117.647178377684 110.812881827067 105.898395122173 103.855102414356 102.599504270687 101.135447827549 103.869539749999 105.643589171279 107 110 -9999 -9999 -9999 -9999 -9999 -9999 -9999 -9999 -9999 -9999 -9999 -9999 -9999 108 107.538497924805 106.416702270508 105.5
199.608689147479 213.798329852846 212.964436723019 189.248356249998 169.850418135024 162.140626627401 155.289384275252 144.539296428756 147.460549740729 141.78002833004 142.47071815486 139.302118004447 141.298574098128 135.967037309249 130.018115996032 126.218612624717 127.739698956908 122.241189858947 117.984236478163 110.86568757872 106.046200419513 103.199984633289 101.547785669739 100.447866139618 99.3904120821189 101 103.111099243164 -9999 -9999 -9999 -9999 -9999 -9999 -9999 -9999 -9999 -9999 -9999 -9999 -9999 -9999 -9999 -9999 -9999 -9999 -9999
174.508629091918 182.787437970655 192.977032297385 176.050346687499 162.861529495345 151.23619830912 147.25154043843 140.346539497314 141.938851438201 140.84191069075 136.35609537886 134.016305817688 133.947017058113 133.331958405983 127.811657154156 123.668326419517 121.370929552364 117.484452034416 112.510410878925 108.608687650116 104.68592563208 102.49988604451 100.852895804398 99.9375 99 -9999 -9999 -9999 -9999 -9999 -9999 -9999 -9999 -9999 -9999 -9999 -9999 -9999 -9999 -9999 -9999 -9999 -9999 -9999 -9999 -9999
154.649102531009 154.619123687214 171.169420107881 158.414426187495 147.97830144499 143.907546627965 141.307948184097 138.400439275222 135.411180741745 135.076990249175 132.971753050353 131.010180924331 129.064833613006 128.218724466369 125.145784632263 122.707566345413 118.927347507568 115.307390544796 111.125 107.333297729492 104.166702270508 102.421096801758 100.400001525879 -9999 -9999 -9999 -9999 -9999 -9999 -9999 -9999 -9999 -9999 -9999 -9999 -9999 -9999 -9999 -9999 -9999 -9999 -9999 -9999 -9999 -9999 -9999
134.384025560004 137.86744294792 141.789138519681 136.947324580461 136.493450330038 132.48500227949 136.877241184531 136.043217385817 134.085726054747 130.489035527347 129.67537181919 129.019856018554 126.71854453125 124.93996258004 122.714302062988 121.0625 117.769203186035 115.25 -9999 -9999 -9999 -9999 -9999 -9999 -9999 -9999 -9999 -9999 -9999 -9999 -9999 -9999 -9999 -9999 -9999 -9999 -9999 -9999 -9999 -9999 -9999 -9999 -9999 -9999 -9999 -9999
127.481987124859 129.209845028481 129.66028187825 126.281757537182 126.60993123743 126.936706328136 129.109173580039 130.429613078318 128.172646520919 127.360784751224 126.926320028915 126.238925689182 125.4375 124.666702270508 -9999 -9999 -9999 -9999 -9999 -9999 -9999 -9999 -9999 -9999 -9999 -9999 -9999 -9999 -9999 -9999 -9999 -9999 -9999 -9999 -9999 -9999 -9999 -9999 -9999 -9999 -9999 -9999 -9999 -9999 -9999 -9999
127.38049341856 129.62263245723 129.4959899655 125.65495306131 125.641629418369 125.397272852379 123.868661065327 125.05839348769 125.639737 125.851898193359 125.64289855957 125.599998474121 -9999 -9999 -9999 -9999 -9999 -9999 -9999 -9999 -9999 -9999 -9999 -9999 -9999 -9999 -9999 -9999 -9999 -9999 -9999 -9999 -9999 -9999 -9999 -9999 -9999 -9999 -9999 -9999 -9999 -9999 -9999 -9999 -9999 -9999
