DATA/PredictorVariables/Future/2040/prec_oto.asc
NCOLS 590 
NROWS 274 
XLLCORNER -7.522276026 
YLLCORNER 35.996888128 
CELLSIZE 0.01 
NODATA_value -9999 
[rows 147 to 167 of 274, columns 414 to 459 of 590]
97.2842021561507 95.5267085279159 93.9791504496614 93.6832725625004 93.2445087932247 93.5838895901339 88.9186703751415 82.5238272669147 74.4265503183597 68.0876336441884 63.3851516075673 59.4727103748592 55.6889528720706 53.6014821002964 52.0718678093589 50.935318707863 49.5205252370608 50.0548307864801 49.5995204600393 49.726311507353 49.7153387921373 49.9662671401292 50.9572586411172 51.295131373953 52.5097979114801 52.8110697640821 54.1991816176473 52.8734297984887 53.6287393619901 55.9180144010201 56.3861358675061 57.5981459010201 58.5344106204472 59.060619421383 60.0988426994629 61.01039933852 62.2598255828628 63.3067017015113 63.9093604943427 64.8009417953108 65.6027842760199 66.1847567308502 67.01039933852 66.5138597822341 66.4189531445731 66.6322333532256
94.7824636888537 94.4763360511854 96.3653534621661 98.2973520624998 97.6530997302861 97.5629109375006 93.3746992864803 87.1065643257986 79.9711725899938 75.0619013987552 70.3376117498597 64.8042610511904 60.3248706423634 58.4112142326382 56.1190319188087 53.7512799826383 53.7943251995193 52.9941346249304 52.4430139490938 52.2490962949263 52.2776533925042 52.2397806370742 53.0997062673631 53.7833663378987 54.7577794375004 54.8710711373734 55.8226862675043 54.5125544620326 55.2465886250707 56.0450328750001 57.5155362935241 58.5540393125706 58.5495618740081 59.5860209824255 60.2645874254969 60.4785757499295 61.1366489200668 62.4730346881368 63.0701917949963 63.4752956453212 64.4031115001413 65.7652051789129 66.118312062782 65.4745177850073 64.6745279305971 64.6506170276333
92.8621155731012 93.5469057779161 96.8857000520397 96.8120890624994 98.7100645842582 99.462015701545 94.7826150625002 90.6549711922925 86.4514513385215 80.4415331416332 74.8885404010208 69.763013643918 64.587148263011 62.6466174244909 60.0073615661229 58.2164859244907 58.7427092526593 57.694543242648 57.0461575337514 55.6160239635208 55.0115187994907 55.6424695205753 56.0219181380106 56.103908934771 56.8377465625004 56.9935183813519 58.228630694853 56.1440853375576 56.1062229244903 56.5277036453632 58.83602567449 58.7609699666271 58.2803705449371 58.8106194213831 59.9741271324942 60.95900720051 61 61.3607410140819 62.9688327833726 64.7394949033049 64.8793376614797 64.7478156251409 64.6362675525967 64.3343047864797 63.7039298824939 63.107394979637
94.2364630158355 94.5069022197348 95.3890846996617 94.1779471251411 94.8975786134261 97.0777051850631 96.6078089998601 96.1948048904728 92.8028123125004 85.6628839749725 79.3668147502835 74.7528403489812 69.6922796872189 67.3015846252832 64.3898500497751 62.0966175002832 61.504882695096 62.1761272047932 61.9503645303036 59.9062525626423 58.9074802498596 59.0914519810797 59.0978451875005 58.5965409179579 58.8388387499299 59.3185267447266 59.3584019201377 59.6121959701238 58.3556246250009 58.1624412327084 59.0648474499436 58.5683182049332 58.3341699738391 59.8043626075671 60.8087002690468 61 61 61.050436600113 62.3099576702084 64.0675747491493 63.7263913750704 63.4847144240645 63.0176902672918 62.9223520624998 62.9376291316735 62.1956373924329
97.0552741322552 97.026649200592 96.9990861704514 94.6275645582576 95.7453284564449 100.273427509672 101.72805182098 97.9648880792661 94.9826680217753 89.8544570804914 85.6598789072394 81.19487191686 75.5842556988189 71.7170593011889 69.4175159747814 67.0247802822388 66.030919377803 67.8885404010232 69.2045889841687 65.4526230147093 62.6985860667492 62.0540168389708 61.9029766875028 61.7436262097594 61.5444345755126 61.354714935915 61.1962886744917 62.0867261143399 62.6894580822391 60.7401467457581 59.7394783058431 58.9953616250021 59.7362473590255 61 61 61.0225164375001 61.2701972500012 62.052163886909 64.3071499739808 63.9524218939172 63.0409927994899 62.8831423639542 62.1229815260199 61.9024278546367 61.3607410140816 60.8874178124995
96.1487949980158 96.1912811529151 95.8367552443004 98.0916035348662 101.082895371891 101.112769247733 101.212668559531 98.5381359832191 96.781698847226 96.1438869977351 92.3705369100088 87.2789335232169 80.7877038919874 75.9183602774933 74.7769325181971 73.1385497851499 70.3210397937939 71.9705260000008 73.8561908179713 70.4801783404172 67.3720997152759 65.5553067850084 65.6000295623596 65.0052434758231 64.9345002497184 63.842501529595 63.5043687497183 64.5757352216954 65.1778709068799 65.1984558470845 62.2616500698117 61.4481443751414 61.49963990642 61.3602630000004 61.3602630000004 61.768969562783 63.2745659997186 65.644729071087 65.2950328750001 64.2477062491495 63.0270199998589 62.5381335428162 62 61.4208017674331 60.9711789874859 60.3074506874999
95.0498342950569 93.6471908011866 94.5020536938903 97.3522077717739 100.692303941745 98.2286483496358 97.4376351467745 98.9815059832272 100.48324452602 100.793060016491 98.4024084290205 91.1689560765315 83.9379316423922 79.7759582135207 80.0632337267812 79.7822894261868 76.5514484295593 76.5409405842757 78.7755019946828 75.9491812386859 72.412228514706 69.9902843069844 69.2107280885204 68.2595663531423 68.4312790113148 66.9717937967233 65.8585452395402 66.64549796352 67.5741287341654 67.236140217766 66.4420080281645 63.3902581614811 62.9634962356362 63.3602630000004 63.6424702077224 65.482066594735 66.9110817613145 66.0780557922784 65.5750529592744 64.9464189764977 63.3706623385203 62.7233211313516 62.0675493125001 61.3175493125001 60.8327947276726 60
102.261671962663 99.2537876524939 97.8929506399084 96.5248760973674 97.462165465276 98.5371970440764 99.3109018476497 101.379150601246 102.441321625283 102.868343151021 101.562167065469 96.0403945000006 88.5764202502829 83.5301610623598 85.9391605190475 85.769616152776 83.8904733711442 82.6838536597255 80.4745177850073 77.1133635901337 74.1065408402751 72.3058635938498 71.0798323123593 70.9848627079091 70.6770309098669 71.1470108255926 67.3634040625013 67.3305132092751 68.7689617431683 68.5411759026342 69.2882101251415 68.6053488342748 65.7306820103274 66.0432597717754 67.0650377368131 69.0866893691407 67.6268135755923 66.5774324709093 65.9842058066407 65.192764779091 64.5401187092745 63.7128517602828 62.6902301250003 61.8051315000002 60.793995632494 59.9774835625
105.205099197839 104.597591570978 101.044000655028 101.5836256752 103.137384643942 104.562583249837 104.236713215501 103.771346153188 104.909332822962 105.624461455466 104.762685357461 98.8377465625015 91.9025100731041 88.8163527135251 90.2489105422837 91.2499750772085 87.8789740478793 84.4584089010225 80.5667045572704 78.3232853532303 76.2101266614837 75.2835821457046 73.9485860667492 73.8614001157567 73.679587147666 74.0154401148826 73.7205260000031 71.7410333476538 71.241267548644 71.3320166872208 70.8882085992635 71.1894487223681 71.0678713168421 71.6938174720879 69.6191499903043 69.6173958475089 68.8475350898525 67.6668467810115 66.6083900970854 66.0248575193302 65.6264029722266 65.1443682903608 64.1475164375001 62.7105621876415 61.11132124402 60.0506279376419
100.365616136599 100.420089684672 102.245210186594 102.532352013373 103.76697818453 103.853371815607 103.867974002966 103.419546760325 105.964243874999 107.539615262435 105.920776747032 101.307181062219 96.0619013987552 95.2283054375012 97.1522171791967 95.1165046526347 90.4857763418672 88.0057360407268 85.5130659670073 83.508560840134 80.5077794375004 78.4232109930123 78.6641325058605 78.2364630158355 77.3840814029204 77.8729524715546 77.7955789592751 78.2972967197354 75.608259712732 75.5317191770412 73.4489088648161 74.4560647907273 77.4526029815078 77.2320479270416 71.997185143636 71.8700609114808 70.9941899488154 70.2512456313063 68.4613045927663 67.6983614062467 67.7759582135207 67.1796503583686 64.4376351467745 63.4047193707546 63.362098288491 61.5299951614807
93.9015540449388 94.2580330540214 95.892000844735 95.5477764782838 96.3181036425409 96.3265287658356 97.2557277949611 98.4775588919155 101.21997166996 103.250342214897 105.47229085746 105.736131972 101.927887641916 101.773605857462 104.050983198244 100.339796124719 97.702622500851 92.8565408402751 88.1200858342744 85.2234674321865 82.7453616250005 82.921038267915 84.0817052152754 81.9018930068329 81.3615311595853 82.2258788518153 82.8547084097267 84.977389222227 83.2807859482433 81.06277612486 79.9955607821436 81.3115079652751 83.9485792977908 84.4435060001419 77.8042610511904 76.1450624373597 76.5000404723676 73.5461067582479 71.3811068399937 70.7940706672334 71.3049966873596 70.1873369249155 65.6714358472256 65.1239457340511 66.7507008201144 65.2149309373595
101.795306174065 101.789515815327 100.502224847226 100.507134956776 101.394183752686 100.98191665672 103.124246559533 104.629034867638 102.546866166993 104.518453953332 105.476730122033 107.048650264572 109.65469444796 110.194382604493 110.734394028 105.72632013208 99.6059854812243 94.4497522457544 89.8074911598667 87.5343348277781 85.8631282717746 88.8152010705342 87.0074787239802 86.5228205678753 87.9918707613148 87.6697003496365 91.069217985295 93.4410769227946 88.6983614062464 86.518454566746 84.6068993107722 82.7823143489801 85.5159197312242 88.0923600147058 82.7029707267802 80.0658066292459 82.7430424375003 76.7842581530231 77.4214312542462 76.1223379003645 75.1835732760203 71.5131443248865 67.8608395042459 67.5304677819141 69.2815555256009 69.0063070477947
103.418073884245 105.049150088518 105.509301672793 105.23008551943 106.978084989539 107.866953677018 109.892821274011 111.743351386883 110.728914496893 113.171955860441 112.555953375001 110.469647315328 115.160047299775 117.776401372033 113.345627140129 107.600648190185 102.100873200226 97.1059347226498 95.8556246250009 91.8072522653323 91.1171262222266 95.8246807269576 91.9184007498609 93.4646691316929 94.845701285009 94.3930912943585 99.384182409726 97.0971985975075 91.5779134169509 90.255013965417 88.3505816806151 85.2363545002828 87.9143029997182 91.0388567151344 87.0832662687654 82.7944517777757 86.6879109375006 82.0780617007955 83.6301501523518 84.1423938310671 79.5245659997185 74.3031224101493 70.9295504027759 72.3997827738961 75.5080895351493 74.547527347508
97.6027206630796 98.471347875002 98.9272984548273 98.5008417267687 103.93218314254 110.257964619487 113.078680463332 113.970001323219 117.27772307098 120.512580095563 120.205034691263 118.204324856062 122.33017656103 123.451418169962 116.02256271245 109.024761614542 104.56066493841 103.047304965501 100.410488580041 97.277555688573 98.6390947310616 105.693284070653 101.133347695981 102.562553596578 101.54963808144 100.23092182322 103.155864133481 97.9324175189406 95.4960362404492 94.8793127386861 91.2632777544442 87.9918949261862 90.7847220100452 94.9405059157264 91.8267520520412 87.5652052022067 89.6627995217747 88.3394574339113 85.9688082395406 88.6318552211803 83.5588739895407 77.6863528228193 76.1500809957551 77.1616201986172 78.2465333011857 76.7719399332541
104.400179893365 108.518699937502 105.262486247035 100.653465196229 101.553430940326 106.267134190468 110.311200809392 112.910146462099 116.504976434815 123.864214972118 128.5265197865 127.800707314905 131.521738163895 132.498424684532 125.497927300622 118.374594187784 114.663422940751 108.853789252686 104.35037719061 103.260920500001 106.539515815328 109.187875890694 104.372062184674 106.827087812367 103.312427122315 103.915819812493 106.177328497315 101.486963559674 100.993334915158 96.9264093402749 92.552328081067 90.9341887777753 95.276276544075 98.3115079652751 96.9863545002828 92.515248777352 92.3627574725084 93.1622606536034 89.0953911873602 90.5155369806712 86.0236079377824 80.9915979761059 80.6397774723672 82.9319550941322 79.060281652352 77.0261037845847
113.27402596959 117.230892169965 117.183540107466 106.356551598701 100.923742195984 108.105341294533 115.317582481058 119.993971552206 122.367708555427 124.502807180428 131.311776561547 133.466536149037 133.59956502828 133.460159830041 129.882686065551 125.576778965502 120.184722778004 113.786911882085 109.993009268946 110.381014580046 112.913930356065 112.569941688412 110.590586911486 111.633680096536 108.559990322966 107.14405805393 110.344657028004 106.978004723986 103.684488462289 99.0057138665271 97.6405858491499 94.4855166165259 96.307120919518 99.7072531439415 99.8844971979628 95.551370342768 95.7892719114786 96.9519470073873 95.7563152935648 93.012887843759 88.2025925947407 87.3181907593938 85.9410520000062 87.0840192596751 82.8267520520445 80.9618506770451
128.78084812472 125.003289159083 124.661499997033 110.498912777013 107.423648184252 104.423592262875 112.006213690467 121.631992609306 129.04713924689 132.616736747314 132.106102788597 129.595582809672 130.710579388428 134.134490939903 128.862874665157 126.995980252826 125.339185691033 120.881765940187 118.398812559252 118.564080440752 120.041700190187 118.152615490525 118.586384062642 118.034604141263 115.713703250142 113.806236887735 115.809713065328 114.591979125284 109.518553215214 107.218690627686 105.412456684675 102.702591127829 102.205027927183 102.281996434674 102.120958774745 97.1248247149918 93.8931476877818 98.8081863236691 101.288559127686 99.2010199581916 96.0248760973674 93.7269660748026 92.8962887502827 92.5746707980732 88.6978747498601 88.0693278751431
142.557644222003 137.123235203227 129.983211357461 115.472903249884 117.367146552042 107.100654448243 109.35275110746 117.784323891349 124.332587026019 131.9913515905 130.418026188453 124.519074661479 128.835144044535 131.466001059119 126.564935007102 124.767356901019 127.859600770778 127.556000472 127.8735497845 127.115929992779 125.570469927039 122.074386589591 123.71421070644 121.676243891914 119.188839991519 118.705339768657 121.83026783852 119.838374902999 110.630044846694 109.427859409499 111.927513679301 111.19285002602 107.60927522412 105.328568745753 98.5066906770176 93.7378829010199 91.0109945104592 96.7630793822433 102.159989592764 100.743704730849 99.794486790725 94.1127273957017 93.2829648636841 92.9025930960373 93.462501191745 96.0993175772054
154.304378059533 149.406016609872 135.60063862175 126.300454161347 124.346888499859 112.532970323102 111.938519996891 116.255464527295 123.227077750283 130.700946003532 127.777847811233 121.564273437359 121.938543737564 122.930063065467 120.613097375709 120.335697000282 125.392796100964 127.298095934532 127.558329372173 125.84465721027 121.61953975 119.200981050339 121.900313505188 117.653605028 113.930884940467 114.09290628125 119.4067931875 115.233697252968 107.781555356483 104.167359893806 107.401617683246 109.34183060746 102.859829554161 98.3708017441402 99.4561034974515 92.9024306032257 87.3571219374998 92.4132067082859 94.6549796119075 92.6784118871989 95.8177846308591 90.5842319521444 86.0227517558591 85.7326737988278 89.7178905494077 94.2753412369077
161.735530544961 160.562053038118 143.477963882083 139.543612972238 125.086549963522 120.7075378487 118.774728445983 124.081780496213 130.902894122453 129.30310677092 125.969063337589 120.648371481061 115.229995625023 112.187089062499 111.691026507384 118.3314173405 125.229099080086 125.309502330039 123.996558223979 120.959382971717 117.864347044959 117.790767742451 121.243369391182 115.244752565609 108.888509312782 110.813108211402 114.315499750282 111.237851812781 104.561996887294 97.7527654720835 99.8086300856924 103.63965899703 101.189072489673 93.1062057222253 94.2811845443557 92.0065112779155 84.7298027499997 86.3666641669491 87.8881337223648 86.6988721916959 91.9040277154155 87.3040689786866 81.9490605904155 80.914006432029 86.2021361601479 90.5782290347246
165.608687684533 169.279036496034 156.942627315469 145.610252786332 133.304725687784 131.636578451929 130.640075059816 131.208600934297 134.332141193954 129.567684125141 124.584822274177 121.995023565185 116.998453108962 109.129638374999 107.313418393798 116.981110520507 123.798697361571 121.202655446795 119.914018294959 115.788331191611 112.827569934531 116.882203546668 118.697135707107 115.203709723838 108.74884424292 106.435130731223 110.556027385459 106.450957090499 102.031898945674 94.8556799677653 94.3751050986964 95.269099584273 97.5524625666531 93.1778372352941 86.5737070757589 88.9157443011845 83.1397369999996 80.1423112855479 80.4867603124989 84.7930994665177 89.2234652822334 84.4267927247772 79.9613232604597 76.954300755317 82.0658502197332 87.1449518792449
