DATA/PredictorVariables/Future/2040/prec_ver_11_40.asc
NCOLS 590 
NROWS 274 
XLLCORNER -7.522276026 
YLLCORNER 35.996888128 
CELLSIZE 0.01 
NODATA_value -9999 
[rows 189 to 209 of 274, columns 188 to 234 of 590]
16.6801315000002 16.0002450751102 15.180704035456 13.7689594963144 12.4516933532776 11.8563469484467 11.2168878670028 10.8152301250003 11.9026845703054 12.7298102270966 14.5556547859794 16.2615461272994 17.1639542569232 18.3810327854565 18.2983973815483 19.6264135750774 21.8840057934604 23.9404859555091 24.8991776153831 24.4764205559603 23.7865135699211 23.5280066083227 23.7275703254656 22.8290728745119 24.3910154188629 25.2395201932616 23.5912069041866 23.7203614178582 26.5288757005098 29.9621379305063 33.6693166766524 38.036072969903 34.5381195813461 35.0173240318564 38.0837107304267 39.0748099321054 35.3514535657078 34.9116796818423 35.0882297743623 36.8643276193426 38.7271654895629 38.9902212497269 39.6118134887003 39.3053515595696 38.7726512501406 39.5438729500499 41.1458224771016
17.59006575 17.2621186627551 16.7210230704976 15.8538861128332 14.8833735016267 14.2177124775479 13.3909207892831 13.0230649267896 12.8457010585449 13.6934561850026 15.3863548059599 17.1466108250773 19.9010594425127 21.9914375248948 20.3995200406734 21.7379110304434 24.6942498308632 28.2676434085667 29.5192919811509 27.6728186064417 26.3636743749295 26.1015997550041 25.6645999608069 24.2808082677519 27.1864634352009 27.3704653065234 24.9852532415342 24.262424411913 25.6365173061723 28.0211028624228 30.8676978301695 33.1968915076538 32.3856969244898 34.0831579977005 36.8129662890546 35.6309621197908 33.0839510191963 32.3552608576372 33.3149864200485 35.0695134348972 37.5685765795838 36.744929165056 36.4596668713719 35.6368214753663 35.9365153068426 36.8865924540841 37.1477867499291
18.0931713115016 18.285207635711 18.2979471794323 18.1743463362213 18.3461040591658 18.6220891124241 18.5245332060524 18.3805116687937 17.6492819138769 18.6463706370476 19.0923193989035 20.6449732830695 22.7236156437086 23.7214614592242 23.1205256185311 25.0309581684339 28.0872900186383 31.6329670436922 34.0334646088836 30.8600239929596 28.314631825511 28.4649479441812 26.6175934197947 27.5495673255423 29.9632436329974 28.1079575190012 25.2646018437854 25.0196247145445 25.7348491062018 27.0473262984662 28.0221292116031 28.3717237812849 30.0496712499995 31.209283768778 31.8849459772147 31.2775721989793 29.5738851929018 29.1092888950598 29.2491878834649 30.8970944139624 32.1189060137804 32.5897761245583 32.0490375137806 31.676493350813 32.2357185567505 32.739925180567 32.00349158622
18.6526974965259 19.7754709249937 20.3659740380462 20.8394150541206 22.1996658795115 23.9930697814986 25.7200701186339 27.4705260000008 26.2266125684643 26.5998200542495 26.6169142986954 24.7498123793724 24.973823341455 26.1515391653943 27.033462701535 28.2951330918212 31.5669510130107 34.9295332005108 37.5149638966948 34.2162368275497 33.0263670123738 32.2063721466376 30.3781205613375 31.0689964146026 29.7439075232881 28.8517879872676 26.5808968122175 26.3425715125071 29.035297744247 29.3771154478849 27.5385928225696 26.3095511934735 27.5219579186759 27.4950618890778 27.2890755545024 26.6829685187708 26.0609823478371 25.4097212070211 25.1341415937848 26.3999839772668 26.7765822770437 27.1963308731053 27.4590329645436 27.5314056968778 28.5792350098795 28.9569099799283 28.4205299454971
19.4257101279136 20.8859717873299 22.1025321057923 23.3439591768696 25.1853812181571 27.1217475074665 28.6440421988959 31.0952529578632 30.8307616641936 30.0198488507789 30.1841715755103 28.4203062607112 27.5872868693929 28.3644862498506 30.0937985125773 30.7018228469919 34.6410269540046 38.5802401671375 40.459396558943 38.0283787274824 37.204499352225 35.6935060001419 35.1647396756234 32.1329145937146 31.1358751297473 29.6717138808713 30.302882696511 29.7488565252419 31.1956422103509 29.948226928157 25.8619047746614 24.515021278938 25.2387641509036 25.5402404478983 26.0253326954968 24.710413064917 24.2736888362203 22.4392770713639 22.2950586390336 23.4017214023562 23.2900291688614 23.5308600132038 24.1621526391302 24.7662581264111 25.6453623270364 26.1682107579973 26.2339440545022
20.2571894562197 21.981615015645 23.2297038887349 24.5067733262101 26.7026479375001 28.4290849280416 30.7372830377552 32.7138478398609 32.7319871248589 31.9473469185087 31.6913223124296 30.490945216919 29.7395799364977 29.8454916213303 30.9840617639637 32.5315830116674 36.107163619526 40.6357327047922 41.4762773070145 40.3720467327079 40.6594840619909 39.244787869343 37.109473596321 31.5969975484657 30.8239450495167 31.968828337577 33.4373225199948 32.9321372276722 29.6695949071471 25.946086758353 23.4295589645443 23.2078588479556 24.5248356249999 22.7870730093879 22.5173779187211 21.8712864182328 21.7959384874227 20.0576661634549 19.018987593848 18.7614429542768 18.6335128932044 19.6311903591135 21.7500190987918 22.824924210571 23.1932635873945 24.7742003250062 24.2004686687362
20.81350923699 22.0956119067383 23.7424939482107 25.778636274399 27.6655296562148 30.1207428067388 32.1011385708232 32.4148977588476 32.2948845708137 33.4224122052037 33.6039314083728 31.6456948428931 30.1882579324065 30.4677066687213 31.3870847193442 33.9395138981743 36.8964965426098 42.0421925260189 40.687793120164 39.67205134898 42.8863523595389 41.6564368750941 36.8226862675043 31.9249800562509 31.4669585685664 33.6585071173474 34.2055654244893 28.5177927164857 25.4260914244901 23.931442368956 23.7121112625064 22.5614973624232 23.545032875 22.1865659458239 20.9410993929808 20.0785156451217 19.1999940992564 18.1800985760229 16.4980287778829 15.4527830937144 15.3766371909115 16.5440758437847 17.945493729541 18.8317475816757 19.7912442635331 21.3366255377545 21.0076896015975
20.8164571250705 22.0717999063481 23.6747193827619 26.4092393615923 27.7354869669312 29.5255284458635 30.1100241728399 29.9459785144375 30.4698749613645 31.8266909062848 32.7096704606213 33.311577667483 30.6563536837596 30.7165132522993 31.6697373592608 34.5846199740816 35.9001645317257 36.7953057383154 37.0801330258791 40.2049773663065 42.5910319693436 44.7509391103004 39.8741009869909 34.3662468795538 32.4562455438632 32.4819871248588 31.085697687429 27.3570207246963 26.0150103857107 25.3296862756947 23.7480908315548 23.9976747639613 24.1745950895886 23.1914046606571 22.081968904048 20.7369534869193 18.488916662734 17.2789593742999 15.7284271069673 14.081987162755 14.2891486021671 13.9030024515343 14.5844036940195 15.3611686124227 17.2271486876942 18.8668594007767 19.6157139440527
20.4573614953135 21.5697482145919 23.3143421176079 25.8604701051803 26.8586492643991 28.1325928624932 28.9842414628788 29.1893824859656 29.3242569747312 29.6928484622448 30.3811144695766 31.4040174561372 30.190975674033 30.7555066658706 32.6092024229699 37.285219917063 39.62670017479 36.6027249886616 38.1506851713832 40.8359608899533 43.401520732707 44.5544705614359 41.9632871873571 37.222314128286 35.2979503619892 32.4646002285577 29.5674688442816 28.3500981837573 26.5411649562087 25.1378509321159 25.8265943470586 26.1305412842573 26.0257257070483 24.180704035456 22.277599450963 20.3764475022992 18.211091358548 16.1830086178074 14.8628473938338 13.8739079843572 13.8551974196609 13.9541966687918 13.3491462786086 14.1488528297508 15.7316281198245 18.4000145272218 19.9751643750002
20.0076704481992 21.1722156308419 22.3336778947123 23.9474610732105 25.0346499710608 26.360288764033 27.2946501999427 28.2766982686369 28.4570879611245 28.7245473827685 28.8672205624983 29.1527835130793 29.2157385734732 30.5505173875254 33.1674232468443 38.2141508253835 41.0956078300701 39.4755119568994 38.9180279366611 39.1922671850708 39.0918111818417 37.0660689953041 34.0973805509058 32.0278886522558 32.2342831281792 33.1803770134257 31.802010202293 30.6516865196395 28.9747558330761 26.6385646012796 26.8826864799006 27.3343063502539 25.9528412076467 25.7540466749242 22.5428710816185 20.5925715125089 18.0330803204262 14.7249268413082 13.9483415109531 13.3515556381795 13.4127672849448 13.8901860177049 12.4099342499996 13.4002522434681 16.4611978312104 19.2362794817332 20.8573953232101
19.727487540079 20.7281143342284 22.2735473375207 23.7878887374936 24.0976513689699 25.0064504624681 26.3476920871973 27.2608624817951 28.3057909119889 28.467997488653 27.1024835625 27.6775101056622 28.3416144812917 30.3206362165632 33.9016430739095 36.6697795578757 35.7939102864791 36.3333818027277 36.5150179548218 37.1211446793662 37.2189878981735 35.0540393125706 33.2786662760226 33.4672405931576 33.8930565510216 35.247107056843 34.7274690352673 32.3840948593923 30.4213629247654 26.890058731221 26.4320629063485 26.3687647609465 27.4323965655424 27.2690464802257 24.3620096682335 23.5602669969897 21.1611095801487 18.3322883718563 16.3718131048787 13.6823625784384 13.6493586714606 12.7034872403821 12.307724073211 14.5334718768944 18.9376375517895 20.2572710223275 20.4770270186379
19.0508215606728 20.2286997835921 22.6005838101528 23.9728709515341 24.1013181219416 24.9223595596391 25.9509204500767 26.0253261122728 26.5801022812141 27.2281869945443 26.7673295732105 26.9482758973501 27.9024281982106 29.7908764132048 32.1771363980992 32.3814080956121 31.8247802607104 32.1941948253708 33.2368472872371 33.0734955290582 33.9215635251769 35.478630694853 35.9136391682302 36.2350752047917 33.9063315375422 35.9136689199257 36.2764833916377 33.3347847318232 29.6295346934765 26.621230892981 27.8988339745334 27.6587048793795 28.1621182812855 28.1756370229322 27.4477854262663 26.3043805311239 25.7052502691772 21.7551555589019 18.5796422112217 14.4766603448886 13.5551154907996 12.6698366031638 14.4904015187796 16.7160300247388 19.8373836833973 20.7468346505948 21.7975203415462
19.1069356301031 19.8391857448359 21.7444045937852 22.8916684063481 23.8860303640603 25.0466055533208 24.4555396604557 24.2443444510812 24.0294482359657 24.4882518453388 25.3596675724448 25.819271957919 27.1307915062646 28.2132436329975 29.5404477836791 31.0809168130314 30.5138719142122 32.1117974067726 32.8258321629829 32.0465831700668 32.9763773003558 35.8133664942511 35.7388944344995 34.55543221352 33.4707354244881 35.7309550835494 35.3271752829398 33.4427697156436 29.101338910657 28.6792397353898 28.956622423644 28.7177730672646 29.5709895247452 29.1662661852008 30.244789433118 29.5985559133407 29.3733164560673 27.535449155641 23.0456681749937 16.6148756109659 15.1789043942636 15.8678627912758 18.7304624973281 19.5666706691372 20.5416312585365 21.0032309468174 22.3996478566647
18.6847698749997 19.5921608012654 20.8903095354554 21.7708957663108 22.7563842106096 23.9411772707719 24.4169818282868 23.6177930979554 23.5871720270318 24.1913414112212 23.6335368824204 24.1801925277986 25.4688131711233 27.4835355125769 31.5920650431705 33.9354039547921 30.9354586456291 31.9849896142893 32.4346495895918 31.6275922296373 31.5564033703045 33.4091494692724 33.0015917450313 34.2150657500001 33.9908375614783 34.9551257036114 33.3132973073518 29.9718401543484 29.4480353265343 29.1843011903704 28.4254657891932 29.9441046432048 32.7285757499295 31.0362787187931 32.0505414482193 31.3808916178038 32.7020672859615 32.2342801885622 25.4956665825457 19.641329331209 19.7538414895829 20.9817168124305 22.5647627382887 23.3447555437926 23.1217521062921 21.5317433772997 23.2244770954906
17.307899705206 18.2293671685974 19.9723272757705 22.1805334425123 22.9070460720467 23.1425505224519 22.9004066589468 22.3033093829975 22.9600061432246 22.888188268708 23 23.8055880438622 24.6735087558355 26.5629367015342 33.0891688614887 34.6281687338832 32.1104074178862 32.3001319637656 31.3739078125704 32.0411072111195 32.8633396687008 32.22338888564 32.9579289556771 34.5664571250705 36.1657197573524 34.2637792342198 31.7943991387811 30.2146638941338 29.6096277000064 28.5513240941696 28.6125821875001 30.6205855919314 33.3718191568338 32.6184482118003 32.5387201595235 33.06515681585 33.8036748080956 31.2224114422643 26.9110557550562 23.3054048857113 24.2678631916943 26.2320721273002 26.7209855092706 27.3827794375004 24.8339505015824 23.4664793250775 23.904149086221
17.6546330742331 18.7383493908862 20.8603769258543 21.0774911874931 20.3796191941899 21.4677066687213 22.0489429003906 22.269787955515 22.4925302431601 21.9474610732107 22.8012337566965 23.2387544995746 24.581987162755 26.1053206617297 29.9496708685298 35.0685410887426 33.9459516021385 33.53290295227 30.6709045602006 31.1034715555294 31.2338944808986 31.9488347067046 33.9540634199263 34.4044758368913 34.6036245625937 31.5712337295669 29.9994274645442 30.6146327854057 29.3631644028139 28.5905457003576 29.3042309936726 31.306140995629 34.1981900989552 35.3415546337411 34.8873004832939 35.693420654127 32.3270316939218 29.4630714762786 26.1141889184217 26.169576331138 28.4648470684739 29.8291966687918 30.4582367443019 29.1850432607108 26.3564443709626 25.7589766226572 25.2461320812087
17.6022166910596 18.0822863124987 19.1474292251384 19.7110460441361 19.8397173507793 21.8065790022998 22.3492829434739 22.6294840123725 21.8938724856394 21.6557929454973 21.7980985618711 23.0044736524212 24.5150103857108 25.7553415329959 27.8504635247448 31.8738429804362 32.9248064062106 30.7820953943359 29.9152079249928 30.1420385395482 30.5778883992348 34.2050656239544 36.7407509213844 35.1284487368251 35.221352747672 32.6040163117266 29.3360190750762 28.646403748907 29.4300082618065 29.5291304344435 30.6027529706337 33.6922762703615 34.1418135464524 34.501003994541 36.0874440120879 34.3512035798589 30.3107715941274 26.6310519500764 26.548359234923 28.53691849419 29.0872846325955 30.0385984291765 30.6273191874989 29.2089812922343 28.2882555053822 28.0282093709315 27.8140031249324
15.3321610011789 16.5644646031001 17.832293809639 18.6960560695685 20.5996930685368 22.4769044438202 23.5267881388704 21.8667608693921 21.2853952563386 21.2815712205809 21.7072605484661 24.0079355812358 25.3699050811385 25.8452316127772 27.5574506874999 29.3835457234121 28.581987162755 29.150072380708 29.274290449731 29.3122291804827 31.8805129156077 36.1608768629268 37.893280332397 35.9638049271142 33.5367450223268 30.3452766604554 28.5200878578197 29.0028676767898 29.9933337014109 31.7323081689331 32.7135361995181 32.221119263852 33.1389504596159 35.9023968380084 34.1526929692849 29.468283950509 25.4683789756522 25.7764797664212 30.1081203146152 32.5431861385309 31.022399108294 30.1828861705436 29.1906439523303 28.1327801720648 29.203220472956 31.1445649154141 30.9815236380101
13.8714013624524 15.5038425013859 17.4805583444697 18.3699937558004 20.5473520624998 22.9020946697955 23.5386514126142 20.467323650091 19.6155366749938 21.2743130312077 24.0251395882709 27.8543044321005 29.2292044505103 28.3301299716298 27.9601342737949 28.3951691423804 28.7777033017896 30.2029058504265 29.8472052339296 28.9323965655424 32.8074806083219 36.7869803953621 35.6332751063647 34.2882488802086 30.4946506193092 29.0198755187789 29.8688546559953 31.9510792610376 32.7775742241482 32.7020741818429 32.307390544796 32.4168383709808 34.059425554249 33.1065049452678 29.1945951142887 24.6037105625701 23.2432404573898 25.3247559434663 29.8314146272992 33.0004780140815 32.5306207887787 29.7085589280411 27.3843068174501 28.4144101247873 30.6403722999936 31.7475649075523 30.6135563833231
13.6420304234657 14.4323357716593 16.3798249500066 18.8042243942594 19.8636743749295 20.9532990753164 20.9259869426756 19.9001383312122 21.4079703935587 24.7066205659287 27.8405930089295 29.394127644047 31.0151761999437 31.5561819979555 31.7726005962298 31.4413088108761 30.4064360643665 29.6131547229558 30.1417898526498 29.7792036875707 31.6444654997244 33.0658233888519 33.1524423628329 32.5065401760196 29.6206226788397 29.5197598869477 33.5797767618103 35.0995213255234 34.5354055564633 33.3383960076657 32.4751643750001 34.3568673927229 33.4617114444928 28.984392951227 25.9547197854678 23.0161571744901 23.5611900494901 25.8447916096039 28.9148943562211 30.5172475250281 29.7043318250063 27.6702807501934 25.4324711886634 28.3801941686668 30.4977065765341 29.6958950900173 28.1506222001953
14.0434841437085 14.5304515442982 17.617194798466 18.8573615307182 20.9382216866569 21.2828023720718 22.3998870437928 22.4032870504046 24.5125781882142 28.1886422558351 30.8975164375 32.2575063953629 33.5413318692591 33.7996435786173 34.4986027923108 33.6366489200668 32.1267130683957 31.0816942688499 31.7950466504054 31.6789594448535 31.6663962169356 31.1327854860394 31.274736763735 31.5877465625004 30.3745191557279 31.0387793701654 34.5450220232208 36.0509732723182 35.3527566046375 33.9482746771486 32.7269350732099 31.534909046689 27.211154231291 25.4641500646851 22.8648186831991 24.2305684436867 25.1552958750004 26.1357023225806 27.2864638004819 28.1155830405843 27.2050457273603 25.0160520058496 24.6414836682327 27.4349042966494 28.2223450437207 28.8976968656119 27.5172771087971
