DATA/PredictorVariables/Future/2040/prec_ver_11_40.asc
NCOLS 590 
NROWS 274 
XLLCORNER -7.522276026 
YLLCORNER 35.996888128 
CELLSIZE 0.01 
NODATA_value -9999 
[rows 105 to 125 of 274, columns 470 to 516 of 590]
41.8937770755097 41.0923849374998 40.8724077703627 41.0198692629393 41.8048584578626 42.0207862200374 42.7494262443427 42.7192460173625 42.1195120786171 40.9601543328631 40.0414091610299 38.3543068997042 37.6753675959244 37 35.9587017949257 34.6618672201233 35.0416215000708 35.8705565048485 36.1673903925038 36.8993775173627 37.7180136380806 39.6617953298625 40.4156440678443 41.0142788923625 41.6782704201376 41.7339200949822 42.1152246699963 42.9639735625705 43.3506224826373 43.1782704201376 43.4422485989803 44.3602630000004 44.2377735250285 44.1350986250001 44.0720528748589 45.4279471251411 46.678141321331 45.6715951213531 44.7679057338828 44.32794865102 43.8435320698529 43.4405308385201 43.0540393125706 43.0525392703629 44.120088582863 44.2852072921374 44.7326707703631
39.9992346498865 39.9201676876407 39.8788694825664 40.0558957003687 40.7335374199255 41.8588767689208 42.2751589199963 42.3296949756795 42.404972580004 42.228899044926 40.9200121304154 39.567091204863 38.2005060128139 37.2431772501414 36.3856723806574 35.0410912984433 36.0311672166274 36.2789741994631 36.8337064869903 37.5167309301475 38.1302414656395 39.5490729505101 39.9436466977101 40.5964250130099 41.972159962032 41.9272009023837 42.4815236380101 42.8540385496312 43.161081382353 43.9681214664862 45.1876378953631 46.2777036453632 46.0069022109459 45.3729538546378 45.0184518181579 45.4647650364803 46.6128376522962 45.6813732619324 44.316780420067 44.120088582863 44.1962839824259 43.8546679373591 43.4837334495184 43.4462839824259 44.8419987201235 45.6403710797921 45.8742311075669
37.2720733628116 37.4416997661167 37.7523191874997 39.0697606715943 39.7754093806571 41.3903055578765 42.2765565130101 43.1565705607722 43.6062229244903 43.8931787760203 43.0498696222004 41.7268852630106 40.3648716333873 38.9774558911178 38.0137355377966 37.4791098209311 37.6312291424338 37.841008362927 38.4702529578632 39.1609761845705 39.7065915619889 40 40.3281993686086 40.1925493125001 40.4439731048069 41.2672018698634 42.3322863124997 42.9090595238951 43.6006224826373 44.6444658432979 45.9531060451373 47.4891324825668 49.1597569871865 48.4860318924335 48.2236140799336 47.5528123125005 47.7326205175042 46.141377763365 45.2071514998591 44.9500780324119 45.1656952135203 45.4237677522264 44.8670842593847 44.4832445260204 45.9570312144512 46.2407509213833 46.5952529578632
34.7445736934088 35.172028767502 36.1439660800246 37.3941089513046 38.9186173925731 40.763972799631 42.6925493125003 44.3570203811231 45.1711250624302 45.1801315000008 44.9614969809542 44.4357265626425 43.7215069745482 42.3767255800767 41.2636977951405 40.946365943965 40.6789044999318 40.3530575750862 40.3403890449976 40.3745418923639 40.2849798654719 40.2701972500012 40.9593431427297 40.7476808125011 40.4036900746179 40.6570413068431 41.0975721453633 41.9907654486158 43.118367694852 44.0886911909803 45.368367694852 46.9873091453617 49.14550003375 49.6299114171366 49.8258721045658 49.4099342499996 49.368367694852 47.370897711556 46.5883203181591 46.7551771912654 46.7878022703646 48.2326166484069 47.8407083931791 46.5322057675289 47.8179065509089 48.1984676701392 48.5617593700121
32.0540597247309 32.8181476119895 33.638492422588 36.2063401033149 37.4243705364798 40.5519627661171 43 45.0544976016389 45.95900720051 46.0525392703629 46.1441050625707 46.0496435786173 45.7468768815881 45.1021828489802 44.7961800073531 44.2969891360457 43.5092272833732 42.4295425299631 42.0617638051476 41.9465951958106 41.6377750509074 41.7101543328631 41.9327096549226 41.9500557078629 41.245977062485 41.0397604202081 41.6242311075669 41.8087002690468 42.3742311075669 43.3711805133648 44.4350931699962 45.549994544996 48.1202285177875 48.8431538299329 48.7102942677876 48.6847698749997 48.2714745029294 47.8440083539389 48.6583839549332 49.2477062491495 49.1500234202085 50.5545539450955 50.4484676701378 49.527686246844 50.3528623628127 50.3337064869903 50.8415512649751
29.4049453064627 30.2061941250701 31.7604798067384 33.938181249929 36.4043391873586 40.244464317419 43.0180128751412 45.6978936575528 46 46.2481389201374 47.037772762089 47.2360318924335 46.2921736183263 46.2139735625705 45.9587017949257 45.641997957184 45.1478397324965 44.7167788183958 43.9409990174334 43.3735772439178 42.9505693208163 42.8978397324965 42.5443573060382 42.5273426077082 42.6180547839566 41.8221600161173 42.0075063953629 42 42.7124735203628 43.196769816122 43.816402180147 44.3464250130099 45.8785368581177 47.3747269578625 47.0286475866964 47.084878542137 46.9440996075667 47.1817048513583 48.7448127921369 49.6942346016385 50.9567125568424 52.1843011903704 52.0808384666269 51.9091494692724 52.8070181898036 51.7826150625002 53.110958771061
26.7658291874293 27.8631804869898 29.2808504663675 31.5987442005099 35.1553235463828 39.6106331856765 43.0219426818428 45.7487325822391 46 46.0785192791271 48.1224018854351 48.635098625 46.501157527914 45.830838466627 45.9803765056571 46.4267882229328 46.23152363801 45.5200894215947 45.0825593546372 44.803230183878 44.0825593546372 43.95900720051 43.967204509388 43.67205134898 43.201165378727 42.9459104345703 42.1767703779297 42.0720528748589 42.481626087204 43 43.2608675174332 44.0100986250001 44.4143188325806 45.7537346699257 46.0690710433674 46.2642788923626 46.40993425 46.5807360174331 47.3431538299331 48.2799886325243 48.8124123574961 51.0322785686777 50.8881867049331 50.7083784999294 50.674521675497 51.9686119375704 52.98703738249
25.4298035129392 25.6723520624998 26.8946502378395 29.7928488437145 33.7009223574253 38.3348995436494 42.4835374199255 45.1507958549612 46 46.2338475175743 48.1093203870735 49.2680128751412 46.2201207434673 44.8273246425037 45.2068282048626 46.3276338627853 46.3975164375 46.1483286559945 45.6459661424334 45.201747087599 44.6279532672922 44.0180128751412 44 44 43.8087002690468 43.5559003924333 43.0003232949965 42.6377750509074 42.5760976424336 43.3152301250003 43.8377465625004 44.722572145363 45.2252257463722 45.9728728588827 45.8854594812238 45.816402180147 45.9219435205745 46.0375264796372 46.0698684999998 46.3722926827353 47.18649076301 48.6120084318428 49.8198684999998 49.7788757005098 49.6558941744898 49.4734434869899 50.638021873863
24.2240175862208 25.1402854892897 26.1713528326695 28.8620096520443 32.1079711403093 37.1935357417544 41.4953892963827 44.196310460945 45.9849899578628 46.2869527239799 47.6877727080037 48.8141075364794 46.131178834898 44.9861343416273 45.3381022209436 46.1605080056572 46.4324506874999 46.4863749124431 46.4624735203628 46.1224018854351 45.4105080056572 44.0819855989799 44 44 44 44 43.95900720051 43.7704378208161 44.2124735203628 44.6149013749999 45.232394979637 45.1066260872039 45.0766060029296 45.1120861583824 45 45.197821767292 45.6807523809663 46.0897424550036 45.2770199998589 45.826092950369 47.1565228750706 48.5609940198974 48.954967125 49.0216155875988 49.1080786251413 49.2826150625002 49.8633510799332
25.0238353829983 27.7797988045034 27.7277635476243 29.0217459812919 32.0217459812919 36.7339506539153 40.6565731279295 43.4592117199362 45.677860635719 45.9729800001411 46.2186345190467 46.3074506874999 46 45.8633510799332 45.9726745945568 46.1708017674331 46.1024835625 46.2732853299331 46.2391324825668 46.0156519246157 45.2406702674329 44 43.9855891501694 43.9369542498588 43.9279471251411 43.9459606874294 43.9855891501694 44 44.0341653575668 44 44.4422260175036 44.733656180046 44.7177082324963 44.8963913257008 45.0780564794255 45.4457180463832 46.3381022209436 45.7136179041273 45.5635047522261 46.591713516638 47.433597819853 48.0836038563652 48.6599342499999 49.2004583648606 49.7095778286172 50.0900657500001 50.1260921874296
29.0300994313802 31.9500070187798 30.36968456272 29.6531118437154 32.5450328750002 36.3696849062936 39.9350931699958 42.539377745151 44.3698415128965 45.6518540989791 45.903930645433 46 46 46 46 46 46 46 46 45.5616587341198 44.3025392703631 44 43.934409018776 43.7130472760203 43.6720513489803 43.7465336801474 43.8683618099248 43.9324506874997 44 44 43.7909927994899 44.0854571166126 44.966513595873 45.3224783069794 45.7275463270391 46.7541425247038 46.8045523651307 46.3757688924328 46.3099070905705 47.5607887532791 48.052178232708 48.2260906615511 48.6102630000016 49.803241855939 50.3509332674338 50.6621186248596 50.8837349753979
33.0993003013841 32.988453529127 30.2637341361639 30.5571515377552 32.8100429171372 36.0896095223732 39.3539314083728 41.7870730093878 43.1855546557272 44.4707963124291 45.1799609070565 45.7298027499997 45.8498913328627 45.9474607296371 46 46 46 45.9855891501694 45.9279471251411 45.7291818690336 44.4711196074256 44 44 44 44 43.9658346424332 43.6993861370736 43.6925493125001 44 44 43.795032875 43.3008739631654 45.0431717951374 46.6043446423626 46.8312968311918 46.4422260175036 46.0546601935367 46.0391584540959 46.5025320869333 48 48.2621170989801 49.0161571744902 50.3625821875001 50.9316394885769 51.1125821875001 51.5005737556573 51.7704378208161
33.3706655372663 32.6347753300037 31.2549132378399 31.6531115001413 33.2844761423628 36.1669624121018 38.8506224826373 40.8270739249151 42.280430687641 43.0270746878546 43.6813585000704 44.2478156251409 44.8268225201794 45.3375587672916 45.6541478498303 45.7572130494344 45.8423849374998 45.7362646436346 45.4393805786169 44.6438849039152 44.002892943157 43.8498913328627 43.8949242078627 43.9924936046371 43.9939963954334 44 43.9759814588508 43.9774835625 44 44.0600429171372 44.165121457863 43.9473352464487 44.9884535291271 46.3997806800763 45.6906479963779 45.7309498823528 45.9939963954334 46.3433511568433 47.2852946005077 47.9099342499999 48.9843357937851 49.8919213748587 50.7534113749293 51.2303173825246 51.6925493125001 51.9658346424332 52
31.6503480177516 32.4185850291273 32.1473360093882 32.6246992864802 34.3666222630102 36.3704362949372 38.5484991948528 39.9067033031825 41.6293376614797 42.1607433786925 42.6558941744898 42.9543933693427 43.1455000337504 43.5103993385199 43.8854594812238 44.3545607244908 44.7422205624996 44.5697606715943 44.4006045174328 43.7652083064631 43.2732853299331 43.1366489200668 43.3596289202079 44.0198739550038 43.9006217196979 43.8198684999998 43.7105481129263 43.7173849374998 44.0270199998589 44.3885693799897 44.9677082324963 45.0810046244338 45.1211305174336 45.1281992928163 45.3074506874999 45.3416160450668 46.0375220445004 46.9316817950669 47.0546601935367 47.4639735625705 48.8429277897987 49.3639750884494 50.1564679301471 51.3422698498724 51.902427854637 51.9819871248588 52
31.7920658061114 33.3080847672935 33.3026209749731 34.1316872500717 35.3456608126421 36.686462198811 38.5972111077082 39.2459599244897 40.4583784999287 41.6558941744894 41.9459606874292 42.2211196074254 42.4372596554428 42.7444049373583 42.9063315375419 42.9639735625704 42.972980000141 43.0186337561071 42.9909935624294 43 43 43.0060036045666 43.2846335364807 44.2984991948528 43.5819855989799 43.0450328750002 43.2641936454346 43.4503287500019 44.4400126636766 44.5992522513636 45.5392473676486 46.4993032015578 47 45.771354777915 45.0075063953629 45.0600429171374 46.4212453478377 47 47 47.2984991948528 48.4561431513764 49.0038573602706 49.7406702674322 50.5753611134474 51.4117953298624 51.8891933885059 52.0180128751412
34.4119883228518 35.2782774010205 35.1219238713536 35.6062229244903 36.497107056843 37.2217039400751 38.87701847398 39 39.5739085755099 40.6997799171368 41.4012834708726 41.6102906713826 41.8018556248586 42.0329157760199 42.3815272341193 42.6558941744898 42.7169015087412 42.6558941744898 42.7788757005098 42.8198684999998 42.8949242078627 43.1173911554433 43.959878542137 44.2166160450668 43.656112958851 43.5808943312153 44.7644874321559 45.8962894374299 46.0842355712513 44.483359807293 47.0322917675037 47.1885779997006 47.0630457501412 46.50036009358 45.2503232949965 45.6065283300746 46.5883194253405 46.9639735625705 47.0432318623448 47.419263982567 48.2007222768365 48.262221214924 48.7680128751412 50.837521281561 51.351612220873 51.9228604776727 52.4047221193431
37.3028716925607 37.4052958750004 37.4911989746727 37.2341708125708 37.3510917382338 38.0182718425638 38.9729800001411 38.9135369624576 38.8919213748587 39.17241144256 39.7369481077076 40.1040338575666 40.6730354510763 41.2388091875703 41.66433441909 41.8739078125704 41.9397856650084 41.8558949374293 41.9099342499999 42 42.3596289202079 43.3811132374857 43.3149068300038 44.0236086249296 44.4951562127573 45.1570722102013 46.0143211988524 47.3487442005096 47.3150224233472 44.85854211199 46.6408841323527 47.1445830766522 46.9867326411167 45.6309382640822 46.3741286583731 46.8845248693428 46.2096960437948 46.8510357166272 47.2448055241261 47.9174406453628 48.3607410140819 48.793885742647 48.801962766117 50.8249551474682 51.8690438997038 52.287989966486 53.6490667325667
40.0512441812193 39.7603716671373 39.5547156988527 38.6887822791273 38.3603180015469 38.700824600296 38.6968869739799 38.426331995306 38.2904221713829 38.2826845346565 38.1968869739799 38.9873091453628 39.362596714733 39.8008183823527 40.2646716595153 41.103354904127 40.9930773768939 41.1264478458729 41.4024278546371 41.861898541996 42.1045020364799 42.8448026239529 43.6634005698528 44.4313035551471 44.795393731224 45.225290624256 45.2811466965922 45.4422762703627 45.8337341583727 44.8623091453628 45.622884054449 45.7999992370605 45.6515612050744 46.59006575 47.1366489200668 47.0341653575668 46.83602567449 47.005272454792 47.1393769064197 47.3720467327079 47.6397369999999 47.8341473923625 48.3611667050742 49.0802392743205 50.8161338300742 51.8958841808966 52.9819871248589
43.3557098719297 42.5350230455861 41.8191382430423 40.7090118925746 39.296657311989 38.6276424824962 37.9909935624294 37.8703051001128 37.6490667325667 37.4213625811919 37.3468884998587 37.6130402951372 37.9018540989797 38.4114845450666 39.1808617569577 39.9546438300035 39.9751417935235 40.4779416701371 40.7046438300035 41.1696841433544 41.9313585000704 42.6817271004122 43.0251589199962 43.1708017674331 43.4099342499999 43.9242131423624 44.0516783620452 43.9531060451373 44.0069540201796 43.699694670208 44.3595522742635 46.0041479039156 47.1795577443429 47.0300228328629 47 47.0060036045666 47.2026479375002 46.6454979635201 46.3630581313513 46.3117883489796 45.8198684999998 46.3712606380097 46.9041732864795 47.7053279812237 49.1241504536166 49.928886555841 52.5577514010197
46.2785281186091 45.1394930362669 43.5847385317159 41.9745906193429 40.104848365471 38.5415665551473 37.8088985333727 37.1815264711799 36.857394979637 36.6110894133032 36.5179057338828 36.6558941744898 36.837881375141 37.107394979637 37.7154815511473 38.6558941744898 38.8060028416271 39.08602567449 39.6385649448529 40.7695208637179 41.0184763619899 41.6886896651018 42.6963163458726 42.9159378545665 43 43.1489642833728 43.5635144347705 43.5184763619899 43.2836014917545 43.7944591193428 45.0581952704548 46.9993791190339 47.4816260872039 47.1366489200668 47 47.0273254054432 48.030430687641 46.6745364373589 45.440250869585 45 44.9567681376552 44.7534113749293 44.7173849374998 45.6397369999996 46.4974930172915 47.5331539819293 50.4325855001405
49.3136018510157 47.949543969273 46.0002187843612 42.8869219622044 40.369978693016 38.8982853299331 37.0916160450668 36.6072375855197 36.0957460595702 35.7712119110296 35.7515502950667 35.8713337593821 36.0669755568428 36.3757688924331 36.8357749569014 37.8919213748587 38.6904250048483 39.1599342499999 39.8540338575666 40.0673240315607 40.6813585000704 40.9639735625705 41.4711196074256 42.4372596554431 42.8108620624292 42.6614845450666 42.8904257677878 43.3795035623589 43.4260914244901 43.714296857567 46.6298636022433 46.9875108291508 46.9096109550034 46.9639735625705 47 47.0300228328629 47.6645449536172 47.1131559431574 45.5205456492216 45.0300228328629 44.7371829750271 44.16397432551 44 43.9624735203628 44.1403107556569 45.086855215343 47.073933119342
