DATA/PredictorVariables/Future/2040/prec_oto.asc
NCOLS 590 
NROWS 274 
XLLCORNER -7.522276026 
YLLCORNER 35.996888128 
CELLSIZE 0.01 
NODATA_value -9999 
[rows 84 to 104 of 274, columns 46 to 91 of 590]
166.916676027115 167.86502268081 168.913064875795 165.820968508798 160.566501413614 153.585462421807 150.535526996682 155.217395374206 163.148248399885 163.315046254035 161.943201612838 157.143648943094 154.164683594454 155.62670027489 158.437714888407 163.239450947543 168.591137127428 177.906961366686 186.898908047791 192.238455056909 199.315647846863 204.65287230362 212.81137012856 213.176523501416 206.996711677947 212.277891928344 222.361786464595 233.06591567687 228.102635097114 211.75364753418 196.171026020643 195.283641558971 201.339735037752 208.853578837283 210.834197607463 217.789902346437 231.01884327984 246.395876680009 247.468249530848 253.085744785562 252.572051500565 250.40357811454 243.661791513008 232.008755913648 217.18166624596 208.692389068455
170.000430036027 173.755621284852 174.854630061104 171.651249905616 167.316994982459 157.683774497369 155.801941617616 154.225889313616 155.290819847497 156.979248419959 157.676221952025 163.264028701978 162.502917940986 167.280895221404 169.435089400353 175.952340470804 180.81550709785 191.075040689433 192.738741781566 198.699504531076 202.889043377107 205.317023304374 201.240573064467 198.174633263923 200.315847378532 210.33616621812 236.104443974413 252.38794605113 255.102522866903 244.421744377403 223.476819226748 211.553633517435 211.080467567437 221.268615178345 220.493100621467 222.702275476112 235.984417618598 249.123910580038 252.904744824994 256.281450128207 250.253556628377 249.576558517539 239.364832974882 219.634152351614 200.041069937498 192.230272204123
175.750690830987 178.711592527405 175.300198666581 169.784264822426 165.742837472252 164.06325642067 161.424317418175 165.26727663546 159.058980404862 153.812574350625 153.770044813477 154.848636493577 158.34410269796 160.83933246273 170.57306318116 180.248203813476 191.342246466697 202.78067685408 203.935988308433 204.821451920326 204.856293102859 199.901791670501 195.470173695884 194.71709047908 198.815798246804 221.439334597877 240.260873357681 242.4855957322 243.579838872893 239.427348543021 232.03802576155 218.207504943374 214.291011753532 220.465148781883 217.148927967728 219.54012695504 230.25362914672 240.050560877402 236.416810454475 235.137763579132 235.626419309531 240.094081360427 229.234103065185 209.296120197547 189.215011305435 182.250233719527
187.064996911921 182.58875301095 180.518145607461 177.505487224145 173.599023527261 168.612501840608 169.58809863209 171.825477531427 165.891470228616 162.638845997935 161.290367586542 164.479147704302 160.730830194918 162.632442850625 169.294241698442 176.695663461542 185.606441620682 194.347285670906 198.403940506827 196.095198494605 195.592432034499 195.088037871901 188.801919659042 194.151196750563 201.269189971038 216.421557100958 229.217015323454 234.981134583228 231.752595772422 227.702545211744 224.364330655577 212.777030397377 212.095558363616 215.390080277403 220.539129138968 220.484785119812 223.465020205749 229.483402109703 225.704333040984 230.471179489777 222.591563062499 220.64978075919 215.263057578716 198.290880395507 181.051752307877 169.796608190468
194.422330256056 187.096703787146 182.645858880956 180.438372185094 176.143658416426 173.294981506377 176.640445216261 178.172441506697 173.839796124719 174.150867124598 169.871568596447 173.712305891199 170.498517667803 170.191235602022 177.378937886353 183.613058514572 186.878340172927 192.519988580313 191.984457612289 189.140072435195 189.255587816948 189.205867826288 185.716741163262 189.18301269088 198.339448885147 207.858546127617 220.120998952507 229.856219979208 224.939435163458 218.009070552802 215.009871840604 210.040965618377 206.438763020553 206.492000114538 211.134537443669 217.443292567157 216.62507225813 224.123045595844 219.057826817601 226.369382708827 214.013010481717 204.03510007929 194.884234180662 190.578807190183 180.518568854146 165.982612598317
188.093744109778 181.075812565186 173.528425084785 167.346531363967 168.495847520507 166.764525871428 167.999314311934 170.359625480437 176.152699978253 180.73227582372 182.272618076605 180.796182559248 177.675255982275 176.186253193236 179.049854035803 181.431686022231 181.883523309532 186.451452210662 190.238875186132 184.415583977232 188.091293338041 192.156799198323 185.962099975921 188.70404410987 197.663819184533 209.899085246765 217.435793917518 222.834804063415 219.132303110429 211.858627558403 203.173609332656 204.275484149038 201.49351774417 195.371653367582 194.658290499997 197.222268104642 201.135172635458 204.560391424893 201.459345485516 201.515475395405 197.94295717062 191.078255005223 183.181304449605 176.127390974774 164.290041395123 149.628419869391
182.874659266625 180.17281938292 171.21027590858 162.294703746795 161.687785714471 159.75546114088 160.143677184683 162.388438383143 163.394359020032 168.602139567684 172.10856828593 172.863319801471 170.353109995785 168.244600413867 170.297137872593 177.425060835444 181.439677875275 181.311067056667 180.615525882846 176.063924434812 175.67588492744 178.110819561219 179.453931588562 183.756937267333 197.41197081305 205.61836330563 209.554863756671 216.324219899697 218.708707702336 208.641323756686 195.528196631721 192.305459309239 193.890412437488 185.207273412512 182.026065392531 184.492311267715 190.47325308003 189.12609229108 183.947220336738 183.149040663451 179.097046449651 173.415515607448 169.400914828803 161.911011159659 149.762759367913 141.774124017825
174.534112374999 171.255084846846 165.655281091689 160.344436580039 154.649103293373 155.13230519075 157.146512693847 155.884367993331 159.986570770508 163.559005064796 166.135020622031 167.170968184119 165.948763002967 162.938004248764 165.492515020919 170.948188148582 172.788703652999 175.546530187499 174.618985419959 172.427062367636 171.276560173218 170.909016463364 170.597767184531 172.792981161238 179.659543020353 183.350426020238 185.878178716832 190.81699706278 196.074651480488 191.670630309528 183.362765829769 177.382476748463 176.988663437214 171.967710688031 170.298858258588 173.502100646749 177.17446662853 172.876807876797 171.388794403683 170.168875020504 165.233405510464 158.870689434247 158.295681399038 152.092534026161 143.584406389574 138.408597662897
167.340215322233 163.297146492583 159.467336053756 155.982605752685 152.797997359565 152.520533355263 152.628063059532 152.111777163742 158.037870691031 159.94189817311 160.797997359565 160.088767547927 162.637894824416 161.82485450325 161.963208899604 166.413638985496 170.038561208007 169.068314926216 168.093128809532 166.571768129112 169.637485213873 171.130814254934 166.208246454757 164.980618113509 169.463681871619 171.467989779966 173.00079480168 178.781043242635 178.341225100537 172.751959649602 166.087804746466 159.869377028753 157.408622301756 155.752592441977 156.847424589805 160.955506375562 164.620980944075 157.912987864059 154.518151316978 150.798929458288 149.749940392705 148.750250850197 150.363708734589 150.086281899246 150.365652735146 145.099342499999
158.779543494453 157.517731724174 155.519658061607 152.24596305204 150.535231162331 151.216682426681 150.836194805435 150.703467061798 153.162464864037 155.589998416412 158.203787113403 157.281390323875 159.471606228508 159.247002067337 159.379339755623 163.788305264137 165.70995312825 166.724593689995 166.83988097332 166.013993127968 163.102067410217 160.623298066032 160.136127342338 159.00866600357 162.205166235427 160.633473953666 163.808947999999 164.988105611572 164.048902194274 160.662541105315 158.057695479644 149.609059370216 148.346070902153 150.359251583008 151.050881811836 150.229963101806 154.14028543032 152.139593540534 150.183473753249 142.268446929519 138.754191768386 146.61313061782 149.568107834426 149.303351563064 148.316549707885 141.033359619377
153.155233698523 152.658751178023 151.662382589759 151.192739539336 149.297383754249 148.776635950508 149.51085481617 151.468516111427 154.23735093396 155.863319303344 155.269767245269 156.083527429916 157.08490241233 156.618645854095 158.658513859383 162.743655636352 163.900205645195 164.708366507805 165.838903769279 164.385647100219 162.834962523574 157.756046943657 153.697491755233 153.153383689155 151.157673246466 151.357676922942 155.136786164335 155.608619249998 154.269814400839 150.810783372313 148.606651045806 142.607529611335 145.554069054183 148.888156578154 142.932508871466 140.912204184514 139.542553260029 134.881496543722 136.817068992917 137.904377198965 133.215080046302 136.697804941031 139.812829101883 143.135439856446 141.172365593103 142.439434604059
147.664735461791 148.067954892356 147.838348659607 147.310461229851 147.855150719002 147.533029806328 149.564717072876 151.274285071259 153.672670601868 153.841483400451 152.797391736145 153.901303749534 153.50407637162 153.405932385116 157.475398953475 160.815506784957 162.245729473114 163.274846213837 164.31179460408 162.554711046066 160.453391809532 155.991277664238 151.731657150833 149.512977592697 143.154656553496 144.350081217673 144.337103562384 145.799116919959 146.079363041145 144.455672783623 141.76796985189 139.278165461297 143.015558875001 140.576858125396 133.103414127489 125.915441536314 121.918470857936 124.258049062782 123.804153334277 128.277454020719 130.12004780509 131.639358101243 138.522021317337 148.690552136186 148.529402430735 150.650469056681
143.670056621124 144.74119300611 145.963123707077 146.463232522766 147.388350951484 145.904180211646 149.487891063331 151.65986483789 152.577569934531 151.930623126044 150.738095397902 151.235663762229 149.950180653419 149.697612831763 153.25040343885 156.933900029701 160.657308497444 162.699528353081 162.8198685 161.024190626907 160.399568080039 155.530282692619 149.372335264571 145.315516573034 137.450871139998 136.285560683288 137.926446711127 139.843719134826 142.902473321525 143.321186937613 136.891144868301 141.631370282752 145.569314169959 138.885426736877 124.340723116 115.791323228888 118.312955612048 120.177295997664 117.694855454295 117.433512595736 123.95040675297 135.463403789018 141.48114924692 153.849415688408 158.753329888352 162.293979360794
139.795241347599 140.595867555416 143.746873084788 145.193040394554 145.335895722025 141.864573327784 145.679042080034 149.614329234782 147.725894257064 145.649467246243 145.581292487668 146.693846494169 145.287788466732 145.354750769605 150.195884247769 154.369906634831 158.673473145718 161.099075949389 160.191480949371 156.663598736568 156.112760241082 150.556769822302 141.960222753527 135.352817444576 130.265162328587 131.266044770504 132.62376479025 137.007637067434 138.434769874999 137.485729408246 133.72292553439 138.154147968439 140.15911169015 134.007978547921 118.790120952633 110.190634406547 112.428218124713 112.665314403946 109.918052538119 112.109543305444 130.647834473702 142.246736768759 151.522747135401 154.686345190466 158.081372551098 162.835747873578
135.603416806755 136.798363479492 138.05561630207 137.243119080894 138.520244346999 135.275652620681 138.465819190467 142.957060465483 144.764963824644 140.980966180419 141.540379336326 143.083670048018 140.869539749999 142.611795780548 146.80947541658 151.030767852661 153.803417154967 153.432093564748 150.065814157766 150.516234312498 146.902264789083 138.396670939337 134.558014771201 130.378511827911 126.455710997032 126.608294895366 129.332580770919 133.534704437789 136.121858937499 134.232763421722 130.121141586174 132.39145476046 134.39423154692 125.310625949717 110.024474487331 105.353103653316 107.15821648954 104.501889710289 103.151058767722 108.835624722454 125.874093712047 138.174314161665 150.791836373578 150.324569113645 152.443007763632 158.678199585906
136.834905823724 138.12732954403 135.746077075042 135.290461930228 133.13559600891 132.018631502967 132.129370830039 137.020891404654 136.715366138389 137.760842497032 139.642369946724 139.685218587029 139.448563892542 143.313814419465 146.653387422668 148.545781481047 145.75625340473 141.198684999998 139.590735103491 140.195277945653 135.862405495818 130.326090664566 128.3764502155 127.133647470798 125.237027857459 123.559326716487 126.31467579496 129.510333391196 130.607391562781 129.304293235617 127.387206385963 131.074239330039 131.372781797103 119.915207077831 108.443999528 104.440894321803 104.234493790606 102.186091013644 99.7621053115471 108.092351768941 121.064039604098 128.023686731558 135.390206756109 138.905830839476 143.201549866255 150.337547903928
140.684560250403 140.372033812094 131.911340924789 128.093201933181 129.523312337429 129.036106701844 128.632035565468 131.334788895923 134.770459915641 136.871171169112 140.185387128531 142.374815690154 145.001891977378 145.365698118308 145.344676912985 142.08918960459 137.143238649779 132.718058031074 130.923442373344 129.40004018171 130.758628225961 129.902975799424 127.616609686389 125.970139990536 122.453391809532 120.9122534375 123.852959889572 124.713907551726 122.367024947676 120.34776157213 122.601044822645 125.464591503249 125.44465568439 117.754015063414 108.593825440327 103.212141791784 101.629541691188 101.354982356063 104.577390505274 110.343745114616 116.676779969836 119.840791087569 125.178440652999 130.766783898409 135.980141600622 139.354782497626
133.49833580212 130.715399632076 127.965850158179 125.186611182309 126.468059558982 129.781250292111 129.211370357453 126.59366530965 130.699331586577 132.12523637359 135.6873814406 138.830243321244 140.246445489113 138.670516690184 138.741675253883 136.540374740782 131.698717778761 130.912146833501 129.005866062214 129.738652045654 133.798379166348 131.151945048477 126.015314578401 125.674741909791 123.039160515537 119.446637837986 121.599152958008 118.582832134021 115.397850319576 113.139658199872 115.478227434532 119.739842389529 119.38852669583 113.109179479766 111.595119177816 112.399507815761 115.29224670699 115.988399297198 115.54798446028 113.473112831648 113.575681791023 116.609289111572 121.202016268152 124.390566020981 127.633368588135 133.607389482459
128.793426151191 125.996410228114 122.211975227352 121.581948317444 121.130219696346 121.443809036403 122.133255764572 125.467117392539 128.330450411712 133.327763169746 137.381251219031 139.305977197006 139.719374045227 137.150704597 137.459732507178 133.964672917624 129.283842749717 128.170942750427 125.20250161665 126.151172796177 129.660418569778 130.529473999999 127.388116362106 126.875099421264 123.425919894131 119.585469093063 120.122342752684 113.567968870887 112.288622213422 115.209678688409 116.164855955465 113.037094849295 112.208746960837 120.732334753109 121.723385826016 122.865394902858 123.516652984077 126.101923747886 129.403730127967 128.269648774781 122.571017436228 117.978572982462 120.494366033014 121.742298565469 128.458045062577 132.809167559883
124.928565817727 122.349373704522 120.215809622032 120.042342114189 118.806583461422 119.061967855866 121.726295482792 122.989157502968 126.59825818504 130.461980339821 133.598034729492 136.759814060035 137.559026002968 135.235739327072 132.743231979492 130.006690078224 128.696291802041 127.549455730333 127.313044076818 128.678861762704 129.539867996865 127.298130534309 126.033381514255 124.982711703025 122.857391562781 117.959941260326 113.855321408759 111.487771729491 115.577214656878 117.461180815467 120.744658594867 122.70112908216 121.058900903 120.537222349261 121.281565984931 119.025866641827 121.73499545504 123.951078936439 126.304341723213 131.558455348305 130.280112871407 126.246927372034 128.636775543562 127.558651604121 131.559215644136 132.852277168313
128.007647815872 125.194009591595 121.298185242478 119.480479068051 118.131568877518 120.6521548125 121.2682617057 123.161726197941 127.444651494892 128.747910764137 131.353363621467 134.672501366104 135.916246515434 134.356378065468 132.213222889572 131.009614809815 131.5132396875 133.274075635598 134.869011511368 134.470322499337 133.967621286988 128.757005246529 123.774684499649 121.125163775494 116.042639500019 114.139668292118 109.714911220398 108.531039747032 110.27911922995 114.28501701828 117.285678122032 120.133042881874 119.16177919075 115.235258722706 116.801721516758 119.536799270012 122.260919631729 124.431833358933 125.937302026695 130.540876013626 131.980878083038 133.242235237312 135.903730127968 136.336222821914 136.8074506875 135.558249332092
