DATA/PredictorVariables/Future/2040/prec_oto.asc
NCOLS 590 
NROWS 274 
XLLCORNER -7.522276026 
YLLCORNER 35.996888128 
CELLSIZE 0.01 
NODATA_value -9999 
[rows 105 to 125 of 274, columns 322 to 367 of 590]
97.5992684895412 96.8648941393675 96.1317291593721 95.4306526614816 93.9246573822457 90.4960082149935 91.5948778454934 91.2741958755457 91.8077607851488 91.9803845821995 93.1751830273519 94.5361677790267 95.8318784543084 97.5069980348669 99.095987420689 101.196291802041 105.253128615589 103.06639355542 101.778227843079 100.283354136162 100.664525528001 104.018909420079 105.561160008481 105.460250911973 104.196434247033 103.400309871751 103.917569264703 105.355015565609 105.878049490807 105.36524900325 105.20531475325 105.881004548641 106.965365414356 107.340606192589 107.377141185914 108.655864133481 110.513597803925 112.439929411481 116.618444795102 120.337145135461 124.465333294961 127.305863831627 123.82506120504 117.066499313595 111.746517382081 108.501643903619
103.59539118736 103.774776141775 104.756395473806 104.626999070975 101.838970795103 95.7863243834813 92.753141062501 92.3092682099077 92.8567963011861 94.1376203163725 95.9664890520408 97.6431986461758 99.3098057223395 99.7736079377825 100.748042009476 102.738809874717 104.153046739391 102.979184122174 103.690973997032 102.691479290299 104.751305690186 107.56926707296 109.768354389572 109.880443860619 108.258603392822 106.961296347001 107.291904858204 108.007478723981 107.424217082513 106.654694447961 106.889689903001 107.731613882409 107.244214040769 107.401664556988 109.616568947007 111.145941122032 113.120971287903 115.021424937218 118.958957158229 123.731030437217 125.496511309249 127.559713350112 124.803159940751 119.508116487341 117.22838344047 117.679418044967
109.850172853284 110.912774598981 114.174982928904 114.686751836743 108.125443158512 101.641302747033 97.2633745001417 93.5518266458898 95.4633931524933 97.5220208441323 99.0180128751412 99.054965725311 98.7927891075897 100.54906982296 100.048973077263 101.053137948814 101.014148460182 104.734129106502 104.5473520625 105.479893980942 108.3983854095 109.238328118671 109.763993127968 109.560861375282 108.681757688766 108.728227434532 108.906105840355 110.918941374718 110.590674809392 111.504368749718 111.505511162487 110.555473014431 110.904295998413 110.749523672928 111.546392766064 112.577915482461 113.828616412575 114.65357811454 116.811188432911 120.425329201927 120.32334344458 123.565813509507 127.8065817155 128.325836584275 129.578333625567 130.914641059534
114.103920811303 116.17244431904 122.415728382078 118.444600955038 109.353057575086 105.242263965693 99.8671873939411 96.373647895705 99.338314820982 100.751047259105 99.2170842239805 99.3453667637198 100.207756600687 101.729533124721 99.564011631695 99.6217645972288 99.4057770166319 101.691244498477 103.917713687501 107.139217492351 107.640748416992 108.889157201113 108.15774987514 108.281191760458 107.67067366241 107.949774419959 107.689684288864 110.076256327207 112.302558695977 113.163544007218 112.443817343061 111.226849066458 111.114022690329 112.548095934531 113.578383573669 114.990645247031 115.133632685524 115.0574506875 116.814886188118 118.914543570535 120.414300051129 126.493880138999 130.303157860437 133.561475924393 138.789843946262 140.165662044964
120.348219089429 119.276321687536 120.870845440186 116.01276544075 111.444553259247 107.684045379177 102.131069309392 100.022883060037 101.354318934814 100.098029760949 100.923863080182 105.846833770508 105.482708837306 104.357990909499 103.606198697956 103.436027276161 99.4826762675402 100.539961054161 104.889737 106.083111191379 106.931010184673 107.182934502685 106.866593698811 106.8028123125 107.667362100682 107.847226559675 109.947139809439 110.12480871844 111.082262490495 111.239411119489 109.975679701519 109.600994875549 112.445686701217 110.97980275 113.153370712284 113.71479820504 114.443433410526 115.00519270504 117.317516143941 120.220303471718 125.672231616169 134.119754546372 139.907131247315 142.849148627229 143.582139986932 145.318023559251
126.664629834732 125.090116289853 122.283024888409 117.102811469018 113.99075641856 109.602737179021 107.983798856061 104.600895019059 101.70668488546 101.986715740044 105.771932814758 105.772042190749 101.974891075935 101.17978387175 102.737771059368 103.412661549206 100.894453377968 100.378003464153 103.09989683004 104.69716719043 105.553101924275 106.133935194581 108.666022901185 109.282882607461 111.71961766763 113.98728147398 120.98960066148 121.878456962732 120.882373890155 119.041158191036 113.294492250143 110.584929627302 109.938908963319 110.695690375001 111.856434590355 112.350648190185 114.158071463231 116.35283119075 119.980721910453 121.622934611289 125.992437567607 134.834180386978 141.898966653 146.43301269088 147.291448014206 150.691653427041
126.793521237232 127.176371809673 125.133305881329 121.177564283913 116.759085127686 115.354363265271 113.129851190609 107.991486139538 103.5730095625 104.012668968078 102.873924410034 101.356244719734 99.8346511154708 100.70324936454 102.5583196595 102.447108903469 102.59006575 101.40229580827 103.035147065609 105.673236472313 108.246691171131 109.612795003109 112.173917809532 112.256204122032 114.301213396908 116.163870097019 122.001349114559 129.099565028282 133.523369975761 133.685468065315 122.64202301894 116.75403694796 113.506690677017 115.93817848246 113.460935490776 112.8891086595 117.292867141468 116.911786823101 117.218698606461 119.490942001984 125.054995313065 133.934393458 142.25812706575 147.000607685097 149.109829451645 155.263375874436
127.955608009053 128.19803499915 128.614874461541 127.160691868203 123.214169864541 121.325614936288 115.140258161481 110.191567296178 107.162501299916 102.63011262175 100.665862678914 100.270507347649 99.4911569594428 98.5229299212564 100.853362247173 101.685921858738 102.80486395504 104.108305373265 106.800192411481 109.188178482461 111.626765516938 114.217638554021 116.600431919961 115.290394500001 115.208852059533 119.005737150785 125.72372232308 128.476633988261 129.523607937782 129.332105188639 122.539088809814 117.801584625283 116.796611864252 120.837262747315 117.71354695942 117.742558622316 115.652498807313 115.858181643517 118.007569673478 120.79352311559 128.24306935096 135.29885830661 144.182582775962 148.73036475338 150.192163623138 156.591268604079
130.139854188759 130.689430068832 130.740645247032 131.134611906814 127.244404937359 124.07562946352 119.998389637726 114.466908610428 109.170902445793 105.246517382081 104.564406169678 102.714196778 101.638678368137 95.8397800486108 97.6466696397052 100.050825650363 102.030779690186 105.582101739052 111.000673093574 113.528855372173 113.700332708568 117.569259440608 118.696840059249 117.704967125 119.095701288422 124.201302638429 133.714721183982 136.432393400618 129.758675322959 123.654413857295 120.899772742496 121.7367132155 123.719166355965 123.9416803405 122.551001240777 122.61661913546 118.420369526635 118.136914212255 121.675762750282 123.29147776442 128.384489565609 133.100924073524 140.270045512565 146.975086372031 148.372159047508 151.612718374435
129.31870506958 129.662820920479 129.75 129.340415594292 127.04328194598 125.415394500001 121.338994283074 116.205576184391 110.140166589787 108.278595315327 106.726509674072 103.580018037487 98.9294849100072 96.3341699738391 95.2354807631565 97.439115356094 102.12069550708 104.669530525352 109.786055333221 112.946332643939 112.308558089309 114.55427645644 115.51579074868 117.12972114328 120.568657411544 127.178600799773 126.952704747172 127.554702513724 126.426033749857 119.67480606264 118.579811437789 122.187572877685 122.716711762591 123.764262753249 125.042368139571 122.630408732845 120.902657162147 122.602802917346 120.374131028 125.095166625305 127.20207967902 132.76558578846 139.297890491014 143.775925044961 147.646157452943 149.58431104158
130.867434752405 130.089723734575 130.074237249719 129.758747713106 129.076204243661 127.664840169959 124.563135228755 118.068117570981 112.349175117594 107.893178776021 104.98007029496 102.129091320462 98.2147650364815 97.3759843590239 93.3974622106122 95.5055653486951 99.6503194401833 102.695612372031 106.495857634615 108.62014880939 110.454149527293 112.738460872171 113.704824789827 114.769912579656 116.579611022648 121.829626391625 119.128783331436 120.290302127121 119.364929799426 114.776586554017 113.596334768609 117.352817444576 118.081329624855 117.283510947957 118.699207210642 118.599881101987 119.835089315182 119.449446391542 120.650319440183 122.199684041667 127.264666221541 133.491340503533 143.976189136728 149.883523309533 150.804451399924 148.495094080041
132.954940211541 132.702030608934 132.861953847002 132.104634494294 130.976319462747 127.463354247598 123.70884382367 119.529812059815 115.238312490807 109.567414499859 105.56488249675 102.193776999717 99.2998083688043 96.6061871441872 92.0676141903837 92.4532493645397 96.3813313023214 100.629362584273 104.156612759387 106.842418106059 108.211115858203 110.004070116519 110.731553679019 111.033510947959 111.725783002826 113.574124199943 113.553961996749 114.320202738928 113.361574040633 111.299062190608 110.611455640411 112.556841628108 113.402460270149 113.97980275 116.258315903202 115.437416750164 115.71076125708 116.290543839874 117.87069550708 120.616467057273 125.164331208362 133.945162958419 144.770014788115 150.214243874999 149.152890225044 149.736702128533
137.634208997599 138.883513095864 138.944384684815 137.218648530473 135.626685076799 132.118891225961 128.002709051641 123.744760197961 119.237817162695 113.477065435331 106.596394972001 100.74596305204 96.5344430374793 93.6432296493188 91.0409755972249 90.5372534374996 91.6812187229876 95.8260446598654 99.1850395002809 102.037872065325 104.227438095565 106.176994313357 106.978504547927 107.531658374858 109.24307560606 108.808798660125 107.277756239539 106.789873338519 107.009264962566 106.806595643939 109.670691704944 109.91917783144 110.830001666847 112.427564450084 114.412997309532 114.05710305925 114.424884065609 114.970194198242 116.174884065609 118.295032875 123.72915440823 131.591293437217 139.204147473182 144.576826062499 147.819643298164 152.197482145919
146.92837431588 143.433709509819 140.192390718842 142.838490434532 141.058633759476 138.609382941033 136.782658663897 130.382373625284 127.4823734737 120.648927995683 110.003265438436 101.046393294537 95.4979195089527 93.3007108933748 89.4355189190783 88.6172205624996 88.9561346695133 91.362036103225 92.3413694902373 95.5895445885186 98.6024657674622 100.025602648436 101.689060621749 104.124670176047 108.609924940184 105.418997959975 101.854544514476 102.140964687217 104.018875088088 103.858957309814 106.244677145115 107.860739327072 109.696651221798 111.177364339428 112.39492970504 112.757978506939 115.43188242902 115.917119084911 116.799931690971 118.24480729496 122.367687176898 129.217718819579 134.544252361212 139.875136186935 145.06488249675 149.187335550621
149.543457559533 144.752371182454 144.717375897542 145.320957919966 145.387956241017 144.374064690886 146.611688525229 140.480105966247 136.168582659501 126.382420722285 114.626093293066 103.069769337675 93.2419104648488 90.1533399034508 86.9104697984563 86.4652005626394 86.8280580270098 88.0425384024907 88.2276759506865 89.0080490627796 91.4751239026294 94.2637775549776 96.7107530113129 97.9741475446534 102.440009677034 100.412237048114 98.3872394730303 98.8660488863147 100.503460417348 102.414525528003 106.141988021753 108.22428569033 111.120845440186 112.17269969075 112.255944065187 112.565495791714 114.393496690326 114.705328262669 114.646423503618 116.491872934247 119.748951598958 123.330988110424 127.374732455038 136.336075899035 144.009878177033 148.585739815263
151.323938896058 151.004040288721 152.647290413615 154.056291434817 153.210586735996 153.8873500601 153.822914736779 147.234652179489 136.274487996749 127.915453329623 115.433272463324 100.632675169799 90.1391646479221 86.4145726249994 84.6725324906116 84.2892719114796 84.7376423302041 86.1605107542458 87.1565578691405 86.1708990154304 86.7748356249998 90.2141563933371 95.0555777845839 96.1982537511327 96.1599342499999 95.9785750627824 98.4718029960021 99.9021952848671 103.371504138486 106.612392645509 112.406659985905 112.440396025879 112.0334840345 112.43416844796 113.896066222 112.867428563549 113.54328194598 115.701484507081 116.436935608532 113.851033347 116.42401254243 119.281039747033 125.838241682663 130.718396354492 135.946229625563 141.317024192451
156.58586986339 160.305415434343 166.122814919114 168.943324090503 169.356317050623 168.264946346216 159.969877475963 148.367128509508 135.439334239541 122.796292148056 109.131609934249 98.4236207520439 88.0766304830129 83.5428485001409 83.2521843748591 83.059635062359 85.0792582997743 86.8678453426063 87.187129534867 86.3557692100795 85.8550785407258 89.4743645757598 94.0531379488139 95.3016150540428 96.2174112279134 97.442215430421 99.6900047408961 104.345793544961 109.69088467532 111.418061315751 115.809286059814 114.795524926048 111.992829621891 113.943123325085 114.714581934815 115.197638070523 116.403170710019 118.26740381575 116.745294927009 114.158358934532 115.238126880272 120.64492970504 126.064684446243 130.540718854633 131.43069350338 137.724730330367
162.17935989183 164.080025308967 169.53407171537 179.671744377403 177.603641755264 175.331621447006 171.384490939903 156.990053388427 137.682858580039 119.972165271125 103.68769048954 95.16801440102 88.0105886982425 83.3100152457545 84.3219443593063 84.1431787760202 86.1245013168299 90.3918890270044 90.489766562359 88.1530606268426 86.4984622151337 89.3627402687645 92.0093172223664 95.6792045263024 98.5637227213365 101.79468524675 106.486929243305 108.440152122032 110.542727667518 112.964232773254 115.378769403 114.274373124695 112.13049341856 115.678994384247 117.10446886792 119.896872663262 120.719207298527 115.96364244796 114.077358701958 114.581058625282 117.194002009758 120.001575315468 123.146907378109 126.095090758625 131.544954872032 133.638431309814
154.893363425459 154.843587791579 161.003695716514 174.21107797936 174.695249479078 171.420882485509 165.683774649036 146.30845669941 119.879975752681 105.331917164445 97.9792287374146 95.2680128751411 91.9846050480731 87.7050075973676 86.0117599920371 87.8250632946233 91.2832834835341 93.6273980244455 92.4532244417461 89.8572733111459 87.3025365217743 89.7974289985695 93.0484974708825 96.7938853636855 99.3270285663717 100.778302323814 102.657523127017 103.658977562358 105.655630113929 108.603891396384 112.679793440184 113.571935866516 112.133263252686 114.133406301189 118.92445843439 120.739079499999 117.293342027999 113.344704125 113.704323316345 114.516187215499 116.04343469572 118.735346031883 120.784079206439 121.448998759223 125.086657142539 127.095197652858
147.492132345862 148.706194812217 156.707536939605 160.830999197394 160.678757375279 154.421677538348 139.541399827066 112.113827369079 98.0272101552639 93.8747242092739 95.0027754063377 95.7447851207547 93.6498708449101 94.2008748342756 96.4832532231572 100.412713342336 101.468950684533 97.7615000327113 93.9894550904161 90.3036050770683 87.7683243470843 89.8333201239892 92.7307783328432 95.6450219649921 97.7747388405757 99.1213533255916 99.6637541668545 100.267902985294 101.69804273106 104.30022558004 107.446291802041 111.970868214898 113.073878534501 112.961086819359 113.246038716331 114.316994982459 112.682743165157 111.391921374859 112.065073834278 112.70531475325 113.486535426525 115.673652027545 117.549323621749 117.099881465778 119.063664377967 121.182852541148
142.418507330085 145.364948471999 151.063613288457 151.02138777319 143.444120635456 129.040991589006 110.304928252825 94.8332328369405 90.281077277634 92.5419322848667 95.7568156652194 97.498127097084 96.0730821399086 100.635933881887 102.771028727853 105.075716580369 106.152976687501 99.8867894720013 95.5346086136865 90.7126864197964 88.6258772177656 89.7933151145398 90.1394964291838 93.0825870260194 94.9455211425279 96.540354027633 97.723317471561 99.7267021598664 102.291969815468 106.043771515271 109.177947125141 114.131117883201 114.86236937189 112.743148130916 111.165900053161 111.073199104492 110.333502212284 110.93301894598 113.206465096977 113.50403694796 112.646066222 112.472054400738 114.1732210345 114.066065867755 115.112027857459 116.819410936153
