DATA/PredictorVariables/Future/2040/tmed_inv_11_40.asc
NCOLS 590 
NROWS 274 
XLLCORNER -7.522276026 
YLLCORNER 35.996888128 
CELLSIZE 0.01 
NODATA_value -9999 
[rows 140 to 159 of 274, columns 92 to 137 of 590]
11.8490469141345 11.8343993575921 11.8677806276922 11.8829805430999 11.8968545460682 11.8845375560012 11.9003135993185 11.8870842299824 11.857383032321 11.8395788623042 11.7845081380229 11.7507832259502 11.6994921466522 11.7215745211277 11.7642229311976 11.8183161802754 11.8360526493554 11.8092978701096 11.7555397382827 11.7094674943538 11.6989032059426 11.7303840151219 11.7629501013894 11.7760773439088 11.7613699173651 11.7679554014888 11.7483407654905 11.7655570486832 11.8479707901773 11.9638741434293 11.9501196003375 11.8819317548966 11.9384738045287 11.993547220644 12.0602369639192 12.0972137906299 12.0439360615368 11.8589134488349 11.8297304446788 11.8307753088846 11.8245280304132 11.8194445672059 11.8396347294331 11.8406530165839 11.8390619922915 11.8548483343687
11.885366277349 11.8698548789101 11.8710119892397 11.8638695698695 11.876678384037 11.9113172149892 11.9259910225406 11.91392597963 11.8845127721982 11.8401477137518 11.7799835278411 11.7667260789952 11.728310995266 11.7281256007075 11.7315284167204 11.7341574977775 11.7232265602694 11.7763058899307 11.7929588617473 11.7566018049192 11.7263971194501 11.7059620475874 11.7285239232907 11.7634661646876 11.8215728950581 11.8042611103272 11.7931147079802 11.7713882275553 11.8241441976085 11.8923042936368 12.0028273272791 11.9524359911933 11.9704419771624 12.0364833602996 12.099411403265 12.0911472612252 11.9543050756259 11.8591286747055 11.8631105435691 11.8772240166316 11.8642708334561 11.8666900898805 11.8812904558349 11.8753011080094 11.8790691323514 11.9109561610832
11.9119114814558 11.8659582306223 11.8950216567216 11.8723594504113 11.8437461399836 11.8439004694281 11.8910422855182 11.9465801101031 11.898499232749 11.8738566940336 11.7995150919032 11.7407388257713 11.7303411940732 11.7235379294672 11.7180553461904 11.7185041573148 11.701680399384 11.6851680279088 11.7219220996961 11.7637413997803 11.7657235084429 11.768475856637 11.7626453422108 11.7482957573528 11.7698971619835 11.8148085304069 11.8541218344083 11.8308338504863 11.8430261711946 11.8627300079365 11.9724429266882 11.9855956364698 11.9805051172123 12.0680739993339 12.11008705653 12.0572056985273 11.9396724563804 11.8958210683947 11.8893692035098 11.9092061877055 11.9291797165175 11.942609455204 11.9450336445503 11.9428496271901 11.9504340311113 11.9528417437439
11.9122760642791 11.8971207087097 11.8838380449715 11.8575513840785 11.8055222994504 11.8204982500276 11.878775960175 11.8892990022302 11.882467265398 11.84848667976 11.775305542891 11.7511956469846 11.7159939289846 11.7087059701505 11.6884748386674 11.6887949045944 11.7004023612399 11.6815132870026 11.6785490456557 11.7107487676163 11.7339962264337 11.7494860593939 11.7890144537296 11.7856035896888 11.7910404806843 11.807642613328 11.8689242644401 11.8772754974475 11.8703094003782 11.8619504674091 11.944194118577 12.006782420939 12.0069072450204 12.0987226962733 12.091411983099 11.9916889794307 11.9728185856238 11.9643456906614 11.9568492499976 11.9624186102343 11.9672577662678 12.0052544423966 11.976476313158 11.9700060975037 11.9916690474281 11.9650521983705
11.8790774228386 11.8833982662596 11.8677683816146 11.8054723198719 11.7510030584964 11.7707503958682 11.8347654639634 11.855335907083 11.8289471008439 11.7982061653609 11.7478125873298 11.7041234632802 11.67548622789 11.6747277089901 11.6597388905902 11.6281875457621 11.6526061593885 11.6834251347241 11.7118125316624 11.7058817238765 11.6981903384347 11.7197623795362 11.7489879540519 11.8009213839812 11.841747023942 11.8378686269937 11.8891219182248 11.8883728946185 11.8845627714539 11.8745836388297 11.9274763721552 12.0223589120693 12.0209474500079 12.0949090066962 12.1186001257239 12.0431778129282 12.0204423063641 12.0054346855011 12.0164880724921 12.0181431918578 12.0277413976254 12.0275183063769 12.027154929749 12.0190096470037 12.0184352757015 11.977408776587
11.7775054770512 11.7957544816327 11.8100822290139 11.7512289331222 11.7069904171853 11.7059865625644 11.7306606168427 11.7711754751258 11.7593071574039 11.7077383863663 11.6741008605733 11.6478275148277 11.6377953792558 11.6504653928742 11.643440069963 11.6190613361611 11.6171483967128 11.6299224252405 11.6868102611432 11.715032193203 11.7262831759863 11.7386394008679 11.7304310905843 11.7594622232843 11.8010955266385 11.8748015817213 11.9038375490608 11.9101028312101 11.9111245879073 11.8993743490033 11.936932294672 12.0067966344953 12.0523538869328 12.0519506895814 12.1669253808036 12.0831961083136 12.0487004894171 12.0166848134255 12.030344758636 12.0356576246257 12.0264217620587 12.024653131052 12.0526743432059 12.0505285419745 12.0365650294743 11.9859146099382
11.6749024144425 11.6571075064611 11.6845442815904 11.6889126724524 11.6957889274254 11.651944421484 11.6643109249849 11.7166226491618 11.6590389307976 11.609818808228 11.6060214148402 11.5923969070201 11.5750764683289 11.5993982981806 11.6267817030821 11.6182109306416 11.6001654956198 11.637708641747 11.6833942067084 11.6902836653385 11.7188040574207 11.7397518001275 11.7547711782665 11.7790912923727 11.7752597364588 11.8257742797027 11.8931717826037 11.9335711144342 11.9337478330393 11.9387430898728 11.9584836435318 11.9947970381017 12.0327371429906 12.0902149341135 12.1352429372678 12.0582874976492 12.0665005666976 12.0125832705932 12.0291743841796 12.031865441793 12.0521306625404 12.0476617072258 12.0488387089863 12.0426310724697 12.0161836663089 12.0144545392113
11.5645454086132 11.5674912031817 11.5190302010961 11.5197106796527 11.5817920583253 11.592331326529 11.5970991469603 11.6129803970485 11.5337434762993 11.5102187353988 11.5186921595612 11.5186420589738 11.5111338062048 11.5199432619925 11.5561855766749 11.5708564593821 11.5740428305402 11.5923785953841 11.6480465466666 11.6772384427223 11.682009190217 11.7407717856898 11.758788065393 11.7652291077104 11.7971445094318 11.8339474296961 11.879595414144 11.9381558303866 11.922313385046 11.9606501349521 11.9830318027029 12.0117339578991 12.0440619166818 12.1515001760983 12.0869286556478 12.0513158637581 12.0493639017839 12.0340190803051 12.0388811285582 12.0542805371485 12.0477705979543 12.0591214653187 12.0773684793773 12.0549496836844 12.0236417657838 12.0328856025362
11.4155772616076 11.434269827044 11.4337530788212 11.4362280287828 11.4500155674848 11.4588407431683 11.5015566234808 11.4681597352104 11.4546605939546 11.4481555297017 11.4627414838748 11.4607815860677 11.4551165373215 11.4686539215808 11.4822804208779 11.5223527697091 11.5295799616461 11.5671822524242 11.6160738687367 11.6527099006886 11.6805669577169 11.6968295812325 11.7410632009888 11.7565082600932 11.7951150343161 11.8149672099614 11.8691563438449 11.9481923669705 11.951363024116 11.9711411549215 11.986958716372 12.0012297936912 12.0592817040367 12.1388163591881 12.076000213623 12.0842421047688 12.0585850791335 12.0478570467186 12.0606809361591 12.0623507023692 12.0558819335594 12.0737676382656 12.0951080500174 12.0593493902526 12.0043575279927 12.0136107419062
11.2806890046325 11.2823868916559 11.2886987975249 11.2771910269179 11.2717185089001 11.2963464050431 11.3271033099088 11.3503689658241 11.3755684455232 11.38880666887 11.4014376762457 11.3956610467691 11.3649931411042 11.4258308808331 11.4511030614214 11.472134716126 11.4861525559716 11.5172757459297 11.565589417449 11.6014951908321 11.6431257977204 11.6852293198581 11.7122585502086 11.7433661376224 11.7604865750189 11.786627004005 11.8295041382303 11.9077584943757 11.9570204290218 11.9643759341669 11.9816019507656 11.9924497386374 12.0109994234838 12.0451707488446 -9999 12.0916700363159 12.0907402038574 12.070380736516 12.0661572983246 12.0657590529575 12.0697997350063 12.0781250481529 12.0771602919326 12.0438789622173 12.0363139187441 12.0354104338908
11.2358932547431 11.1907726070733 11.1592111604385 11.1399492725777 11.1214867376065 11.1423180610161 11.1737826065244 11.1909245750289 11.2357219413781 11.2821741772122 11.3034598698563 11.3229622788696 11.3286665838633 11.3498753626542 11.3711983596167 11.402555867434 11.4542930258446 11.4796642470946 11.5015005575681 11.5590173329883 11.6135893644075 11.6618264559317 11.6965251352315 11.7209749508767 11.7357071988645 11.7719880855269 11.7988396085157 11.8495885665817 11.9089895566335 11.9300971094089 11.9693512865076 11.9920031550007 12.0040190736279 12.0224438182435 -9999 -9999 -9999 12.0822200775146 12.0548848024516 12.0543819982271 12.0732921696491 12.0911777603011 12.0652845435591 12.0423203694735 12.0672056727452 12.0724601745605
11.1294803841523 11.1216962307734 11.0913936917481 11.0656606534276 11.042944390768 11.0581330535903 11.0791786536345 11.0867735696759 11.0985971123943 11.1094427932968 11.1678697238859 11.2625554441852 11.3034351805067 11.3162744197073 11.325096785285 11.3477485989489 11.392548752263 11.4334682701744 11.5043457506728 11.5355474270544 11.5762996099162 11.6020582710027 11.6349066840558 11.6837478330393 11.7192193057012 11.7634779451046 11.7906048129682 11.8576656974778 11.8854252471366 11.9066178995757 11.9258386022072 11.9654465845022 11.9988701304107 12.016744094027 12.048150062561 -9999 -9999 -9999 12.0667314171328 12.0491964103527 12.085885487607 12.0978721751647 12.0713700057369 12.0740240700173 12.1000003814697 -9999
11.0423986642599 11.0310312801704 11.0370316441498 11.0326375149054 10.9988885395002 11.0012425664797 11.0073180260873 11.0366017312069 11.0585689723825 11.0644672522664 11.0875705999894 11.1578209952998 11.2475322633753 11.273647048356 11.296996090312 11.3196140661545 11.3291277342944 11.3635277022529 11.4750688092222 11.5006968965835 11.521208391058 11.549734864934 11.6022156047268 11.6594645924525 11.697189075851 11.7302239145737 11.7504163611703 11.7801962804151 11.8531236909122 11.8897745843134 11.9189134969745 11.9233482876677 11.9728237164736 11.9953668296981 12.0461020205088 12.0604315225959 12.0678700049062 -9999 -9999 12.0530030237389 12.048636975884 12.0809497833252 -9999 12.0666704177856 -9999 -9999
10.9897265653152 10.9700669203014 10.9682010748448 10.9828476743188 10.9916394456625 10.9762623479452 10.9864295819731 10.9839137400684 11.0153602311211 11.050637044189 11.0835118818903 11.1039625527096 11.1816812848105 11.2295297526626 11.261459760436 11.280745381505 11.3094491558232 11.340951280407 11.4108449499488 11.4121770222759 11.4893651382241 11.5269703975153 11.5767862654986 11.6214046187639 11.6524485932145 11.7036344280462 11.7275476015487 11.7431832779984 11.8016265288925 11.8340853987002 11.8943069960856 11.9048502784681 11.9458680214128 11.9495842299824 12.0292976685743 12.0469556635389 12.0741314826765 -9999 -9999 12.0666704177856 -9999 -9999 -9999 -9999 -9999 -9999
10.9646043484626 10.9718653530545 10.9647948308592 10.9601538787899 10.9717125868521 10.9725379896917 10.975233259439 10.998573505898 11.0040654472732 11.0230732618914 11.0394269729018 11.0617851649642 11.1255940897713 11.1779256853146 11.2160199028935 11.2439962236466 11.2996862099466 11.3334666202841 11.3431459677343 11.3695156839137 11.4717806237202 11.4982244813628 11.5483424203548 11.5868930880442 11.6153353403802 11.6647145287719 11.6959269910765 11.7310924176846 11.7747073616281 11.8206500795927 11.8701206932425 11.9004161514873 11.9356737987447 11.9576634269586 11.9952402114868 12.0520801544189 12.0777797698975 -9999 -9999 -9999 -9999 -9999 -9999 -9999 -9999 -9999
10.9863326059532 10.9799382502871 10.9456753750682 10.9257426995292 10.9264852076664 10.9540349726276 10.9604590653257 10.9543767974262 10.9592225077228 10.9719369996915 11.0050727153396 11.0233442029748 11.0842204386153 11.1465262336182 11.1914219797234 11.2187108633232 11.2687704922857 11.3090247817278 11.3173413778381 11.3678062533889 11.4198537636799 11.4586382839345 11.5224621656189 11.538410771605 11.582277643055 11.6305796951504 11.6704391917076 11.7273515622864 11.7574698374405 11.8181559035716 11.8549815602341 11.8768977889847 11.9058799743652 11.9166698455811 -9999 -9999 -9999 -9999 -9999 -9999 -9999 -9999 -9999 -9999 -9999 -9999
10.9996253330216 10.9870827204561 10.964887594358 10.9390176814904 10.9293175652938 10.9275847729139 10.949406187664 10.9480345288954 10.9454068477168 10.9543717273364 10.9918044815946 11.0182908130007 11.0781182047787 11.1158694813023 11.1456971401091 11.2227344222307 11.2760062611876 11.2847483076658 11.325357472549 11.3470912299266 11.3658203215971 11.3999035961847 11.5065592544999 11.5374243490105 11.5705833891153 11.614284582036 11.6587135419693 11.7229033936601 11.7621118227434 11.7933301925659 11.8625001907349 11.847620010376 -9999 -9999 -9999 -9999 -9999 -9999 -9999 -9999 -9999 -9999 -9999 -9999 -9999 -9999
10.9938923233519 10.9890734688692 10.9974383309622 10.976329118639 10.948193889566 10.9608322289443 10.9662483553686 10.9674877414131 10.9691740250053 10.9697917457752 10.9960166923943 11.0431684544902 11.0688969675469 11.1206935816159 11.1166113271651 11.1935872774501 11.2626509402561 11.2810783542914 11.3125300291705 11.3437579362965 11.3696674967322 11.4304989788513 11.4997136314292 11.5372273142304 11.5499101942334 11.5969561287608 11.6333303451538 11.7054589699745 -9999 -9999 -9999 -9999 -9999 -9999 -9999 -9999 -9999 -9999 -9999 -9999 -9999 -9999 -9999 -9999 -9999 -9999
10.9739587918825 10.9670086478434 10.9869891742887 10.9886264727693 10.9812389466863 10.9724202088685 10.9747343130117 10.9744987276368 10.9850683157811 10.9824798929453 11.0262269717607 11.0234226762123 11.051712198452 11.1387107263536 11.1229890099182 11.1751536798477 11.2472295945163 11.2697944518914 11.3075753148723 11.3587155159636 11.3773716929212 11.4601873225808 11.4971960359173 11.5115900039673 11.5357103347778 11.5963001251221 -9999 -9999 -9999 -9999 -9999 -9999 -9999 -9999 -9999 -9999 -9999 -9999 -9999 -9999 -9999 -9999 -9999 -9999 -9999 -9999
10.9584127609153 10.9506599061513 10.9504161704354 10.9597605301638 10.9661890333176 10.9721299569468 10.983962413682 10.9877636854219 10.9795995641565 10.982765441422 10.9955913800993 10.9839479453158 11.0695735442233 11.1518009747591 11.1235864128542 11.2006114500461 11.2331375743437 11.2649650112457 11.2998030396814 11.3358323874755 11.373330116272 11.423810005188 11.4916696548462 -9999 -9999 -9999 -9999 -9999 -9999 -9999 -9999 -9999 -9999 -9999 -9999 -9999 -9999 -9999 -9999 -9999 -9999 -9999 -9999 -9999 -9999 -9999
