DATA/PredictorVariables/Future/2040/tmed_inv_11_40.asc
NCOLS 590 
NROWS 274 
XLLCORNER -7.522276026 
YLLCORNER 35.996888128 
CELLSIZE 0.01 
NODATA_value -9999 
[rows 140 to 159 of 274, columns 184 to 229 of 590]
11.6401906129465 11.6308390919514 11.5913540090008 11.5615048811178 11.5389918146882 11.5287314867468 11.5306387519083 11.5270865447655 11.5198941606073 11.5097546572199 11.5076717114224 11.5177006837473 11.5226852753696 11.5176415371675 11.5168191921921 11.5194004604254 11.5028405298648 11.4533203072085 11.4915931331711 11.5003139807882 11.523050053978 11.4842309599786 11.5848860568705 11.6329159954281 11.6721697234464 11.6756123388467 11.6396767517757 11.647034713201 11.7047889267158 11.7303977067995 11.7435159030361 11.7851791745801 11.8131108588934 11.7449919459448 11.7972876038456 11.7921530547581 11.8021819108095 11.7246318384461 11.6946284593096 11.6884905375175 11.7025239004025 11.7034494629674 11.6827203215213 11.6600827042527 11.6149729167695 11.5883688039527
11.6196824733071 11.5822721243687 11.5484370160661 11.5319686974921 11.5291684381156 11.5219097315903 11.509673240366 11.4786714093117 11.4712691204014 11.4594745159569 11.5007668265972 11.497441119586 11.478058228209 11.4672430471635 11.4468941103478 11.4576214799552 11.490945845324 11.5121448198666 11.5210904089823 11.5368335551667 11.5610400821509 11.5935891584535 11.6252705330858 11.6297636705227 11.661019908041 11.6917383759027 11.6098178506484 11.6125444782085 11.6841053204851 11.7061222083354 11.7665717681294 11.830028240622 11.8223009319954 11.8225595509329 11.8308955727167 11.8171467990208 11.8283612591577 11.7685184428926 11.7271593218169 11.7080447022972 11.7428293000136 11.7617384047785 11.6927544423966 11.6693103951697 11.6169520440998 11.561030132751
11.5585962742767 11.5291898102016 11.5296691965942 11.5270865447655 11.5070226662836 11.4720745360918 11.4548890424752 11.3812963454585 11.3662941893034 11.3509427137918 11.4087861450176 11.4266479399662 11.4492566970548 11.47059318503 11.4699492726221 11.4660502852054 11.4726617410884 11.4776399773841 11.5151962685308 11.5477201716113 11.5743548633537 11.5939174900899 11.6222476321287 11.6262819548693 11.661155965591 11.6814206197128 11.6068929028235 11.6088544194827 11.6328048013372 11.6725790230498 11.7889013313141 11.8130487696514 11.8194762947879 11.8259501750402 11.8225216227946 11.8333458337159 11.8327302749653 11.8014443743339 11.7865954545074 11.8103739365006 11.798095850708 11.7791780694294 11.71516776088 11.67620166751 11.6637920313926 11.6318446875811
11.5306828423047 11.5121110057735 11.5060504599552 11.488517540688 11.4557305004578 11.4097110413809 11.3766029379501 11.3433731895318 11.3225591787987 11.3034657978816 11.3512532813282 11.3513056831555 11.3667575817766 11.4113683290634 11.4493774631648 11.4555692846274 11.4732292908158 11.4703207032852 11.4732651335416 11.5026578473983 11.5456134704394 11.5742735458059 11.5980620917168 11.6276076725473 11.65341939571 11.6770289277558 11.6397972437654 11.6203392153106 11.6251674921155 11.6323628190327 11.7372545810871 11.8005471869082 11.8015933017592 11.8099624919419 11.8125825076537 11.8279603859172 11.8273483946776 11.7934255532246 11.8092860910339 11.8333301544189 11.7673907008276 11.7221966913137 11.705028240622 11.6809694706073 11.6751458610964 11.6589500862718
11.5235440283074 11.4854712032728 11.4478758523683 11.4336873237857 11.3880265623045 11.3418472383995 11.3294879711828 11.3067550175715 11.3029170281334 11.2855067854558 11.3372453890028 11.3485009134569 11.3465674794316 11.333667088871 11.3659454948654 11.3807603499369 11.4492566970548 11.4081484919276 11.3871943303972 11.3979487495017 11.4954603950791 11.5119087815537 11.5346172830009 11.5744587610354 11.6020546253009 11.6684563018145 11.666511987586 11.6669482005424 11.6288804422798 11.5950185599418 11.6959738495416 11.7819267915988 11.7874514920068 11.8303601605945 11.8312894842839 11.8238205998607 11.8152799606323 11.7964697074084 11.8137837699208 11.8315793035049 11.7781543437882 11.697691938078 11.6882992347841 11.6709170975146 11.6671294386043 11.6729323557072
11.5125258038258 11.4563082813272 11.4241361925535 11.387526309885 11.3643904526925 11.3414454656296 11.3156424980764 11.3246180434184 11.3017123308148 11.3293275223255 11.3176745692315 11.3149909038424 11.3173063176351 11.3111138515768 11.3361740801048 11.3490517113962 11.3636448052301 11.3822206598182 11.3950116128955 11.3721761039147 11.4311516648106 11.4350062898331 11.483633086307 11.5251412899942 11.5799999237061 11.641397745306 11.6276951317711 11.6250722680917 11.6367908048978 11.6182453299389 11.660193586555 11.7705517800012 11.7887815995855 11.8322394213128 11.8245617250595 11.8045051655674 11.8131705906978 11.7967580438247 11.7971886010237 11.8025456384072 11.7879217532892 11.7496769920187 11.6893162562242 11.6439400492368 11.6526331655564 11.6848466377082
11.4781048129682 11.4411056804104 11.384673416204 11.3569696391034 11.3634670338111 11.3507152189455 11.3273763773212 11.312527592761 11.3127574676952 11.3068567891941 11.2586365249391 11.26211295475 11.2880127649856 11.2573401415419 11.277652648623 11.3120062440839 11.3253205157366 11.3200548803463 11.3213438383384 11.3465188065991 11.3727508283582 11.421532813601 11.4697754260306 11.5501220524769 11.5775988598103 11.6229986839533 11.6375361181846 11.602051191494 11.6143212412205 11.6226010810595 11.6792531161742 11.7609860884385 11.7725240640812 11.8327302749653 11.8103986430874 11.7980028108697 11.8025268761287 11.7834269397039 11.7088886953859 11.6920179407439 11.6709065656204 11.7070123747931 11.7290185014234 11.6629698412366 11.6718203104668 11.6634403559399
11.4312659793577 11.4086169350343 11.3644931643195 11.3579071125464 11.34296572192 11.3183558633895 11.2990579973907 11.2952825820417 11.2932451907701 11.2813883794417 11.2411303241668 11.2055244722748 11.2461579736361 11.2051214883804 11.1983860683007 11.2953309041252 11.2820826813545 11.2941499034944 11.3178683665977 11.35078360742 11.3935882587552 11.4389124160328 11.484646400455 11.5558561125684 11.5656687290416 11.610386274518 11.6299365254269 11.6064807363291 11.6264407906814 11.6356058236084 11.7003611567001 11.7513891530204 11.7800107482471 11.8265971710663 11.8226800053511 11.7994914380064 11.7956778820367 11.7623964734464 11.6614803011909 11.6240006851702 11.6381666355681 11.7018194990263 11.7174732490487 11.6634918162007 11.6691499034944 11.6557879883156
11.3782630321507 11.3512341739345 11.3543957999597 11.3365267676759 11.3131179178472 11.2949410279489 11.271318492033 11.2657980792127 11.2548443029728 11.2417188915944 11.2261364940448 11.2166952920976 11.2177989894562 11.2272776535907 11.2486814602098 11.2738961125593 11.2610265697012 11.2789788330822 11.3063420496092 11.3622826799073 11.4282784534197 11.4450534967508 11.4838569341798 11.5188661226959 11.5615094624825 11.5940566885271 11.6148822599497 11.6101332560182 11.6240111396546 11.6395447872524 11.7024813297458 11.7527635190978 11.8058978262167 11.8082077204723 11.8111655102563 11.81406109028 11.7918651251917 11.7669642977328 11.6521324070778 11.6192725105515 11.6221209183927 11.6350436565676 11.6657076827121 11.6712712706003 11.6616704145994 11.6374173016114
11.3460951912503 11.3338728978867 11.3227852316055 11.3031174757018 11.2934506477652 11.2865131033592 11.2624913073449 11.2268496334758 11.2246529403172 11.193802022428 11.1510372301688 11.1522321354709 11.1326146331692 11.1524844571047 11.1608585785232 11.1945762747698 11.1850294779248 11.2343147716193 11.2881787740755 11.3095990389757 11.3457450772839 11.4076932266273 11.4550425315881 11.5007672569547 11.5559244837088 11.5900925279598 11.618420677547 11.6084067237372 11.6193709099846 11.636333006371 11.6798087524376 11.7590106861486 11.7793690789037 11.7822756573329 11.7786038725271 11.7912938140001 11.8181085369248 11.7664350089779 11.6872533565803 11.6347450616455 11.6242709647875 11.6030942271719 11.6527536207557 11.6610062753677 11.6444815631475 11.6082014401879
11.313166826303 11.2892877750249 11.290395846879 11.2848342465134 11.254905732871 11.2336168799324 11.2138656215906 11.2210485471964 11.2427205849771 11.2173889879608 11.1955974293227 11.1543840164704 11.1134462848878 11.1533015323272 11.1973544414167 11.2144114859986 11.2217429073801 11.2522129791894 11.27556113868 11.2901028080892 11.3161246724086 11.3670257165356 11.4058674150338 11.4764547219253 11.517215680634 11.5713429004564 11.6198354170065 11.6110679430838 11.6427220152616 11.648499232749 11.6908698755984 11.6940444916997 11.6956479359789 11.7199723443642 11.7439410381246 11.772459184701 11.79751560885 11.7851457318878 11.7760356319685 11.6982952728205 11.6454572247648 11.6297512461672 11.6435156384969 11.6539934579062 11.6432458457522 11.5546743912735
11.296519511806 11.2724661461534 11.2512266905197 11.2423525490841 11.2186660113735 11.2209134284063 11.2477466171293 11.2417410249433 11.2245783466968 11.1873906592369 11.1653124004654 11.1720400063085 11.153499389738 11.1558002362456 11.1167001360006 11.1343406783838 11.1644157978501 11.184683610414 11.2159937721123 11.2476678133039 11.2845061878018 11.3255258613872 11.383227189569 11.4537077122106 11.4882363425641 11.5339921097798 11.5932424563704 11.6107327264996 11.5977908178754 11.6366102472949 11.649966758429 11.657697382246 11.6823165390625 11.6961973087764 11.7236566079182 11.6905269939346 11.7049810457621 11.7575989931993 11.8089012237239 11.7911690871024 11.6911628354163 11.6357229637904 11.6381520860314 11.6352716220732 11.6442692988352 11.5279304923277
11.2917793014698 11.2516585735068 11.175189638896 11.200250235631 11.2356298017058 11.2458476206078 11.217300475142 11.211691608777 11.199251880897 11.1341034135904 11.1222352111402 11.1247876567159 11.0801277120557 11.0865031908493 11.0705516042151 11.0902977319007 11.1066444643674 11.136521889883 11.1633384448266 11.2189804587207 11.2678909904995 11.287875185864 11.3518342872066 11.4178564223609 11.4580961252074 11.5322719336338 11.5906244272542 11.6124056515388 11.6106911296849 11.6101735616856 11.6035880221453 11.6321115904178 11.6473386516013 11.6690279489374 11.6264779191346 11.5965793374791 11.6874795660372 11.7287556715474 11.7925904926329 11.7857881027565 11.6906287103138 11.6426110189051 11.5813228305941 11.5840179268465 11.5844712194419 11.5761109399581
11.283556737155 11.2439203269172 11.2057169047685 11.2106913393679 11.2337960349469 11.2213425189867 11.1597998875942 11.153997630713 11.1585639143381 11.1490365169015 11.133634324934 11.1119423531251 11.0687802360468 11.0309493195415 11.0232487676163 11.0228753484764 11.0395339739757 11.0880663851952 11.102166618958 11.1484170221629 11.1620746237788 11.2396101078386 11.3078247646165 11.3786592677321 11.4429834794393 11.4774368788981 11.5061598790059 11.5539848679962 11.5909937721124 11.5884251589289 11.5746708144274 11.565098624239 11.5693000676179 11.6083836736216 11.5349937265816 11.5186335587616 11.5702266018057 11.638713978806 11.7521536781568 11.7677668303733 11.6118893503709 11.5673557339329 11.4992778505368 11.4389660030846 11.4705791080322 11.5085924948392
11.2721681562571 11.2350241107702 11.2037564044027 11.1999998092651 11.2020561390471 11.1780456723165 11.152376302763 11.1098063270669 11.1220191836081 11.1308398933225 11.1110679430838 11.0981301480412 11.0715813969784 11.0384255126057 11.0177818444228 11.0121081180372 11.004731902369 11.0437459492488 11.0617684116411 11.0906921717901 11.1332381655178 11.1790656773353 11.2625588586817 11.3161525760803 11.4059285134935 11.4540882084193 11.4797176792521 11.4783983176122 11.5358904831385 11.5405768313961 11.4952378141618 11.5021846032691 11.5109039688625 11.5067966963539 11.4207204321861 11.4660677778458 11.5718437011165 11.5679765761337 11.6784515806885 11.7399918736853 11.5623124610467 11.4773689956813 11.3741716306458 11.3359975204945 11.3198078464074 11.3664907180719
11.2385965794525 11.196819928997 11.2070977505059 11.1997782043123 11.1846091570654 11.1542587852692 11.1246396652436 11.1338460581666 11.1334664967905 11.1214365804071 11.1113326059532 11.0937082897186 11.0743262332807 11.058413142385 11.024329943645 11.0207357136512 10.9992751017308 11.0128282006869 11.0402351799259 11.0631705702395 11.1173363657536 11.1537314867468 11.1938770402798 11.2940823544736 11.3634748745827 11.4377881597972 11.4667769980626 11.4753902398977 11.4749935379019 11.4512786268077 11.4108643111777 11.4209048311996 11.4159919051799 11.3472630120968 11.338471824222 11.3669341824969 11.4026734566965 11.4248428989511 11.5806861143622 11.683632094201 11.5612018963919 11.5184668446063 11.3457011415609 11.3065718275804 11.2384486675396 11.2192355074644
11.208914258954 11.1959003729386 11.191670145545 11.1884228513288 11.1757788353205 11.1267581821356 11.1320802527184 11.2370241408687 11.1798326968837 11.1053104223423 11.1216982579899 11.0876491294246 11.0716332295942 11.0233825624723 11.0020858725433 10.9956500985408 10.9759530489755 11.0013690850673 11.0128566111989 11.0552292654929 11.0820012808628 11.1371448553633 11.1660820366573 11.2492091706843 11.3180914919743 11.4105042524705 11.4428413377523 11.4780675486121 11.4522706670756 11.3960823584365 11.3512168578148 11.3064947798991 11.3083930560741 11.2287109743204 11.2150033901954 11.2663316565366 11.3449832036729 11.4390406899834 11.5461180506311 11.6195903134179 11.5150861101612 11.4023951630063 11.2207275287633 11.2350447998113 11.1937003637595 11.1369229218483
11.1951941567807 11.1987569318748 11.1670516114278 11.1414900423903 11.1596645522704 11.1241158387074 11.1224563679872 11.2072953512749 11.1727389104314 11.1170793041272 11.1040674662704 11.0813508549843 11.0681259884553 11.030446123312 11.0000905223346 10.9980764884524 10.9996992013392 11 10.9980603073411 10.9906054617839 11.0227117947888 11.0459252085013 11.1118953783374 11.1667437539577 11.226112978075 11.321182550075 11.3940557080998 11.3667780988578 11.2411705941424 11.1314071116318 11.18074371316 11.1975129070234 11.1596008031631 11.1922215263453 11.1830717630587 11.2475683393335 11.3063513518496 11.4314378772902 11.586666059052 11.5406318834839 11.2929759436817 11.2536767195325 11.1835168866157 11.1023403297433 11.030888185244 10.983417294176
11.1960193655705 11.1897243652582 11.1782415557575 11.1512622280393 11.1342844954643 11.1086622208772 11.1061318307772 11.0862360114031 11.1060481907773 11.1176440471158 11.0905000335302 11.083145854248 11.0444402694702 11.009255165379 10.996520079721 10.9966337707877 10.9986309149327 10.9956515611081 10.9848723339119 10.9594487743535 10.978903250896 11.0094480875521 11.0165893394241 11.040390891818 11.0440120740285 11.1396501892958 11.25181319455 11.1759064294472 11.0436958321085 10.9891575747232 11.0891565720372 11.1095815405312 11.1889523746085 11.2640026891885 11.2393596427059 11.2836151808395 11.3161775000787 11.3611900572925 11.5390682974234 11.4954663794956 11.3625585370913 11.2565409209676 11.1095940976162 10.9554044458709 10.8260723860946 10.7602332998772
11.188852003963 11.154480936707 11.1571863656268 11.1742717626705 11.153831425106 11.1014403902636 11.1133298873901 11.1215193210711 11.0924719833379 11.1252123419428 11.0835401400719 11.058727356895 11.0384364931169 11.0060845298123 11.0011399920206 11.0009101170864 10.9957975798755 10.9626397899794 10.9113491586141 10.9344232597656 10.9573598195333 10.9733840107779 10.9932378221951 10.9943102044349 10.994096222158 10.997019708487 11.0697323427815 11.0098844149771 10.9404028748217 10.9960786428299 11.0695726076827 11.0814226573186 11.1882762655692 11.2729341238966 11.1849670538502 11.1671410608077 11.262448541954 11.3656549757766 11.369952208754 11.4435501147417 11.3704354938058 11.2998567861914 11.1272204279289 11.1165785853424 11.0202359305768 10.7618213001175
