DATA/PredictorVariables/Future/2040/tmed_inv_11_40.asc
NCOLS 590 
NROWS 274 
XLLCORNER -7.522276026 
YLLCORNER 35.996888128 
CELLSIZE 0.01 
NODATA_value -9999 
[rows 240 to 259 of 274, columns 184 to 229 of 590]
12.2864200057135 12.1280609033128 12.1840395987983 12.0382104971934 12.2973283620829 12.4928043069953 12.4634861587857 12.2782949424199 12.0576658538089 11.9264130133014 11.7329912751614 11.844487063911 11.4444112183129 11.1309394616237 11.3207820438461 11.6299653673458 11.8691276961474 11.9076622947079 11.9175248306823 11.6910843412094 12.2014396207133 12.5155742271443 12.1764722786422 12.217961898964 12.4554638066873 12.5296864963531 12.6012492448372 12.6935330675259 12.6869692123508 12.6564534899306 12.7157199050641 12.6636841694322 12.652203584322 12.4779535651179 12.6934773346123 12.6958643736582 12.7197786426687 12.5357860936566 12.4910890594068 12.4379721864844 12.2590382001601 12.1347532906408 12.2673318288112 12.5473266450944 12.7903352569947 -9999
12.4411936069061 12.5022188871232 12.4518663579074 12.3245865691606 12.123149325343 12.1161802030995 12.0942899535247 12.0431133063189 12.2299814461799 12.277269128072 12.2887781863336 12.2191241808392 12.0349861754133 11.5341760743675 11.3088780549458 11.4609746618427 11.8605073766084 12.2416792673131 12.1268105981252 11.9226486988648 12.391454258399 12.6238818694273 12.3541980228144 12.3952576097939 12.3877657366993 12.3552654696705 12.4192276168867 12.6501935530424 12.692971719163 12.6601803626604 12.5914829278441 12.7070031719555 12.7602728875632 12.6950744397239 12.5500001907349 12.6623895040948 12.736205445451 12.7419076406703 12.762941636212 12.6523725018001 12.4586652714288 12.2539179415276 12.4044954028844 12.5668345172059 12.8222198486328 -9999
12.5818673882356 12.5966742855778 12.5292228428216 12.4360293357472 12.3850219357295 12.3439160895748 12.2396652156825 12.2477593105331 12.2958406117044 12.4660360695267 12.2783164323225 12.2639841237158 12.1939273346729 11.989635754795 11.6811611799002 11.4586935482379 11.9286236519714 12.3199018219576 12.4141964144335 12.3439678390246 12.4746189639607 12.661355322628 12.540350114172 12.7213670536151 12.588356888001 12.5738464766842 12.5258681560407 12.6247850996166 12.7190049121089 12.6604931369342 12.5944781167378 12.6117504686021 12.678984242414 12.5642804750857 12.4817501599383 12.4017647235723 12.5129304619413 12.7708609636245 12.9090550945764 12.7573472379227 12.6693566107965 12.502030080143 12.7733297348022 12.7799997329712 -9999 -9999
12.4742820176406 12.4876975590524 12.400710713922 12.1561039616031 12.0945255645537 12.1655385538978 12.3419288315821 12.5699256313582 12.577234236928 12.525423247819 12.3130913775334 12.0439412288594 11.8873713585715 11.821158073576 11.8083575042454 11.9389054912482 12.0853368913823 12.4204340821462 12.5268541745143 12.5813863446383 12.6695042749972 12.3968279314403 12.589465424706 12.8154691770754 12.7574871738453 12.8574541310568 12.8574154012299 12.8130050306406 12.7376879233713 12.5469192752061 12.5118863932724 12.4437920540352 12.475298023057 12.3007375705605 12.2477236236287 12.4677064969345 12.6483374759994 12.8519868196874 12.9920951390247 12.8982496261597 12.8333301544189 12.6933298110962 -9999 -9999 -9999 -9999
12.2408861374879 12.1196754333668 12.1841539565258 11.9991944657407 11.8221621052303 12.0665454366193 12.4464339301233 12.6126047150006 12.6767352870154 12.6065505696225 12.2722991412773 11.9771214764304 11.8323064482312 11.9905299763684 12.1487191651397 12.2551167280564 12.3562538269553 12.5155714997902 12.4396857540479 12.4287660296945 12.3776840772633 12.0032733283725 12.5376612644439 12.7732257951326 12.8629148119488 13.0778772348647 13.0643496816793 12.909477245429 12.7329196546898 12.6894096243072 12.6926620670247 12.5269269288435 12.5047094369955 12.5755010149241 12.6430299106698 12.7411724634166 12.8425980932231 12.9083486853924 12.99579338903 -9999 -9999 -9999 -9999 -9999 -9999 -9999
11.8449995853252 11.9051024835572 11.7491333714561 11.7794162773975 11.9626579856309 12.3645325773124 12.5745986425909 12.5491939954223 12.5096123817033 12.6900891061507 12.3833670066829 11.7513796531931 11.5195547699037 11.6239484675993 11.8397738726715 12.023211857324 12.1242242076987 12.2597379478831 12.3499015745296 12.2260759058685 12.0616696402674 11.8744605909853 12.4576519788866 12.9034803930807 13.1416702270508 13.2099059862871 13.1222028376212 13.0215449530311 12.7849135548358 12.8032470755644 12.7467837491474 12.5970976821957 12.6761889535799 12.7639360342078 12.8657146665964 12.9454390842138 12.9778258746839 13.0276237265844 13.0903980246253 13.1786773982878 -9999 -9999 -9999 -9999 -9999 -9999
11.8791476973339 11.6036803785243 11.5669793506474 11.2557470673556 11.6171052393184 11.9423434823199 12.2403088928829 12.2132058312002 12.3753617919833 12.8404557679324 12.6720122717915 12.1906493192669 11.9084016803171 11.5332574520442 11.4660578261344 11.4759954210927 11.5500712109132 12.1476034902868 12.2726617590603 12.2036335130133 11.9459038260288 12.1152717646027 12.6258269853921 12.9081308419022 -9999 13.2610178516155 13.1821145912109 13.036303487207 12.8173903648038 12.9255194550724 12.8331766653061 12.6990774073343 12.6231885592017 12.7503773762651 12.9206952184415 13.0287855206122 13.1045381533971 13.0945439701553 13.1782434854727 13.2555473014431 -9999 -9999 -9999 -9999 -9999 -9999
12.238436302382 11.6137023879328 11.190683508028 11.1795452964206 11.7193885308675 12.129866768713 12.4321306230397 12.7032209356193 12.8909038710417 12.9101905244937 12.9370926706819 12.8031551302104 12.6485370445185 12.4279071163555 12.3268555694982 12.1505194063593 11.7742038508063 12.0570101033974 12.1167795579153 11.998651818193 11.9804321198937 12.5193933022638 12.6784115222713 12.8988737800137 -9999 13.3924801103692 13.2630461219521 13.1202911477466 13.0438558521243 13.0436563801537 12.8593066384678 12.7154578126765 12.6566579548716 12.8782166229376 12.9568738018618 13.0673164164143 13.2141459451785 13.282656800847 13.329783933815 13.3794857261448 -9999 -9999 -9999 -9999 -9999 -9999
12.2508399319945 11.8357577351222 11.3617054346943 11.3682712196813 11.6086788903499 11.991977724308 12.4102105694041 12.6267721462254 12.7215349716687 12.7758479761052 12.8548985865803 12.8494343765774 12.8815821701765 12.8927362554498 12.8837175709524 12.5781707350922 12.3456130514431 12.4464444802785 12.3522232470813 12.352820862722 12.5302701066985 12.7831228042278 13.1870252360821 13.3068206189571 13.4950745524411 13.4224890880418 13.2780024515343 13.2172968069086 13.2670647655416 13.225367481873 13.107395709537 12.9277526358714 12.683211071867 12.7263737376275 12.9867910094309 13.098420319283 13.2009414570022 13.2897416328569 13.3961709875302 13.4833297729492 -9999 -9999 -9999 -9999 -9999 -9999
12.4462301496639 12.161717835642 12.0735728634234 12.087807438159 12.0446367770773 12.1589524432202 12.5118799991503 12.5261989472261 12.59992438829 12.7300395360403 12.764366315456 12.594687220438 12.6150796627651 12.8323435919957 12.9974933986487 12.9272291599875 12.870034189014 12.8014128394876 12.6320989506303 12.7786013744798 12.9601379087229 13.0816987850843 13.1658360154734 13.4215590583124 -9999 13.4614963832908 13.3107837022281 13.3162377948241 13.4104774363775 13.2873593137121 13.2223874622135 13.1090063683977 13.043632589427 12.8696062446008 13.0126210251398 13.0894336747165 13.2942124233637 13.4156904220581 13.4266700744629 -9999 -9999 -9999 -9999 -9999 -9999 -9999
12.5542003642073 12.5979779075275 12.3612724289941 12.0378711290879 12.2275249834956 12.361926504259 12.4546068881115 12.5166084516215 12.6611043091768 12.829760006114 12.9234576297722 12.7242732575685 12.8508250071588 12.9652524929734 13.062669029605 13.057011410923 12.9824619109717 12.9396163302203 13.0140243128429 12.8466893177643 12.9661257329035 13.2290231023412 13.2270196373372 13.5001453004956 -9999 13.5390634996505 13.4069562377367 13.3151948582111 13.4396524473076 13.3099368272848 13.2936278901301 13.1765182409434 13.0249859874396 12.9377260110397 13.0167617426839 13.2393557022047 13.4770555602317 -9999 -9999 -9999 -9999 -9999 -9999 -9999 -9999 -9999
12.7500851228046 12.6022855525841 12.1149217494472 11.9415128518815 11.7789233928962 12.0437170077524 12.1614974246687 12.2150358411989 12.3206010539599 12.7621606131717 13.0050327952624 13.1520196562853 13.1724049006791 13.1552388864937 13.251218171267 13.1760991308923 13.2562383114796 13.3312902651 13.2223315959625 13.0194540093961 13.1125796170183 13.3114063224488 13.3517601652966 13.5590571910133 -9999 13.5757887078638 13.4673923429418 13.441090213645 13.5233006582346 13.4022992557182 13.3578104895711 13.0807370703196 12.8463327693944 13.0479212393437 13.149205352285 13.3595307592163 13.6444396972656 -9999 -9999 -9999 -9999 -9999 -9999 -9999 -9999 -9999
12.743309701793 12.3167849267765 11.7128216917759 12.0159190034394 11.8768113986169 11.8787662084619 11.8629292249274 12.0611227039573 12.5986289411619 12.9780977400441 13.0928102254121 13.2112024729907 13.2092075703003 13.2334407913464 13.3395193627087 13.3785756090585 13.4473403406225 13.4019504487186 13.2506918435594 13.1253862898184 13.2888735247292 13.4135080029254 13.394036302983 13.5112242683872 13.5088300125423 13.5993756002332 13.5888346536128 13.5853304182884 13.5867140524764 13.4823900126696 13.4321676101514 13.0272039380509 12.7463484554945 13.3934089085923 13.4757239534413 13.5323443199293 -9999 -9999 -9999 -9999 -9999 -9999 -9999 -9999 -9999 -9999
12.5615961816063 12.4854416577555 11.9498813747465 12.0700409954506 11.8998651824169 11.8821060011276 12.1377234289282 12.2688618937172 12.3490624383406 12.3221809474033 12.6544268280132 12.8500687347144 12.9631797621794 13.1110673776551 13.4640501575565 13.4715943305101 13.5233700414934 13.4691667090922 13.4433555134707 13.278243771494 13.2504000353012 13.4165127282939 13.5687067409144 13.4445253768149 13.5838212394023 13.7820278243947 13.7547597885132 13.7180253726301 13.5848905617032 13.5958340392323 13.5795169903097 13.2305750053144 12.8623185602551 13.5196995442472 13.7040383052488 13.713574242909 -9999 -9999 -9999 -9999 -9999 -9999 -9999 -9999 -9999 -9999
12.5479329584895 12.8503386013112 12.7212698972154 12.3476021856127 11.6941008258796 11.1925358987989 11.3031264488167 11.8212194300335 11.9136238805383 11.7418173746586 11.9214166049844 12.6186258246361 13.1235240094328 13.1988155735129 13.3196221053433 13.4023972112412 13.5657090145683 13.5314205535674 13.5720277862477 13.511222511878 13.3826717855635 13.4716295494395 13.670014738226 13.6315138175683 13.7583326664376 13.8302724054508 -9999 13.7128185517664 13.6515410862055 13.7370255056443 13.7087541974425 13.4958031572977 13.2459278017817 13.6748534289928 13.7623083513675 13.7428598403931 -9999 -9999 -9999 -9999 -9999 -9999 -9999 -9999 -9999 -9999
13.0393281794396 13.0537082082744 12.8257230709829 12.4653009479799 11.9639957088876 11.3750017294469 10.8964129096628 10.9662800212364 11.3198697794137 11.7338156272398 12.4190091841235 13.0114178906965 13.1924869365077 12.7670532015805 12.9598333879237 13.3086431724834 13.5036404683456 13.5349337786593 -9999 13.6397660614238 13.6229558204532 13.6438904401336 13.7507487102556 13.7926090547862 13.834971721231 13.8502726914277 -9999 13.7472200393677 13.7875003814697 13.8266696929932 13.7893292132115 13.7295872181649 13.6419959269848 13.76679278971 13.8175301436114 -9999 -9999 -9999 -9999 -9999 -9999 -9999 -9999 -9999 -9999 -9999
13.2357093652048 13.1768995768485 13.0414006182666 12.738168712133 12.5030207712642 12.1887605004202 11.550603714214 11.0153863386403 11.4773392334095 12.366622147245 12.7713420273337 12.7762997717799 12.6251179840696 12.5185768903569 12.6123861907815 13.1676073635487 13.4427434645175 13.5621721371689 13.6825864700041 13.6360610678902 13.6984442379618 -9999 13.7833299636841 -9999 -9999 13.8666696548462 -9999 -9999 -9999 -9999 13.8545503616333 13.8217897415161 13.8057108339214 13.7897278887901 13.814391215632 -9999 -9999 -9999 -9999 -9999 -9999 -9999 -9999 -9999 -9999 -9999
13.3121421222081 13.2339455474525 13.1240134583254 12.9835336719966 12.9143380316067 12.730469957192 12.2415594150186 11.6799285751316 11.9343147173477 12.5447536879525 12.6915091088228 12.1726053662878 11.869354374681 12.0576650231866 12.2367520918216 12.8713695406159 13.1769506715631 13.4168188107223 13.5901747418637 13.647760373611 13.7054118175659 13.7678188194947 -9999 -9999 -9999 -9999 -9999 -9999 -9999 -9999 -9999 -9999 13.8190498352051 13.8093841781878 13.8136675847816 -9999 -9999 -9999 -9999 -9999 -9999 -9999 -9999 -9999 -9999 -9999
13.2495634188351 13.25620085151 13.1566521626525 12.8196581790075 12.8420081034778 12.8071638096013 12.5284035985299 12.3072434888149 12.1639362947984 12.4799254943214 12.7122275449767 12.4568026652384 11.8804222421542 11.6382705142365 11.7499115436487 12.3831772273245 13.0772746858644 13.3404541294508 13.5271767130537 13.6428401905093 13.6616058273101 13.6646971744728 13.7268451653843 13.8061890085053 -9999 -9999 -9999 -9999 -9999 -9999 -9999 -9999 -9999 13.8119992415214 13.8030030237389 -9999 -9999 -9999 -9999 -9999 -9999 -9999 -9999 -9999 -9999 -9999
12.8792978042593 13.0160810164136 13.0791584306397 12.814763835012 12.3820198998737 12.5831564274158 12.5098319815759 12.360236654129 12.3930490635614 12.6007185556164 12.6670272162137 12.518695707519 12.1742270277767 11.7840776755691 11.8080661846142 12.3350795447407 12.6939827155657 13.2314163300247 13.482764955378 13.6243504326158 13.6778420271997 13.5446499996781 13.7096135735636 13.8186134673052 -9999 -9999 -9999 -9999 -9999 -9999 -9999 -9999 13.8222198486328 13.8067677116785 13.8136675847816 -9999 -9999 -9999 -9999 -9999 -9999 -9999 -9999 -9999 -9999 -9999
