DATA/PredictorVariables/Future/2040/tmed_inv_11_40.asc
NCOLS 590 
NROWS 274 
XLLCORNER -7.522276026 
YLLCORNER 35.996888128 
CELLSIZE 0.01 
NODATA_value -9999 
[rows 180 to 199 of 274, columns 506 to 551 of 590]
12.6215883925414 12.6555595397949 12.5574556162005 12.494860473444 12.4442490733572 12.3241139900361 12.2999328751675 12.2916108344407 12.2390267428636 12.0598585697508 11.9360443304878 11.7730575039417 11.6964952597139 11.5541292265144 11.9851624440777 12.0958222971204 12.0817084149617 12.1689935649502 12.1240740287549 12.4030403019453 12.4431294209225 12.5410344337521 12.6155744368273 12.7365512874795 12.7798518957106 12.9107523985945 12.9703496391684 13.0408556686202 13.0991191847153 13.1667242693291 13.2134481526533 13.2236699842687 13.2258443325229 13.2131970197568 13.1922796784787 13.1646462201266 13.1385658940553 13.0560730612834 13.0145797754859 12.9928774319253 12.9186895737176 12.8578505839022 12.7675455751456 12.611980538761 12.4178284018758 12.4434968159723
12.5823867511458 -9999 12.6050482941866 12.5725081263147 12.5124236203003 12.4283233037596 12.42702611765 12.3079576854272 12.2297493851805 12.1203085232086 12.0370845096612 11.9900907406331 12.0577986116992 12.1788098841801 12.2952721889062 12.4535356332426 12.440597101985 12.3867822415824 12.3405295157047 12.5112117500706 12.6476634542523 12.6606444997959 12.7330878663979 12.8825625648823 12.9337666701432 13.0082168124738 13.1063411708326 13.147437907795 13.1698386475668 13.2148230078225 13.2785377064939 13.3038026912236 13.3058086874776 13.2533051732039 13.1795435232601 13.1177510834164 13.0080297438387 12.8695815183353 12.9163959785328 12.957240923428 12.8928589898958 12.6843671938529 12.6235799595833 12.5058882138438 12.3115756455336 12.4595002525865
12.4221035390758 12.5713226017122 12.6557328027935 12.613138935966 12.5616258414984 12.5094709817004 12.4205999557476 12.2946101990461 12.2837549429512 12.2004624820013 12.1551175756545 12.2088085450254 12.426229984426 12.5158563441572 12.5239217369161 12.6407052337909 12.5113731345907 12.4980922443304 12.5209983872915 12.6287603946638 12.7511799846072 12.8395472490464 12.8793046793533 12.9878675448766 13.0575838946929 13.124897619618 13.1703225572944 13.1971961764274 13.2388734317875 13.2993451257591 13.3253564386311 13.3163057542825 13.2894781238141 13.2023284072585 13.1072547390585 12.9500540817527 12.7893553094692 12.6971547927795 12.7863401683831 12.8479153310446 12.7933234450817 12.7317141182351 12.5777765709329 12.5418619079661 12.6234911320739 12.9432540498553
12.2138000055046 12.5061613422575 12.6529456275306 12.5939086393223 12.5299257477927 12.5177164391127 12.4325367043953 12.381124268343 12.3359801621456 12.3326345250607 12.3031657378554 12.3616841251702 12.4562988236814 12.6469367034092 12.6674681433134 12.7395379357352 12.6735341863089 12.6788586766038 12.7288208217793 12.8063089379206 12.8708955127225 12.975818160562 13.022420514391 13.1149896865487 13.1559994733262 13.1862584094849 13.2108546759138 13.2522130361204 13.3206338744626 13.3250218258772 13.315314455502 13.2744257347088 13.1821805425901 13.0810030008764 12.907033655622 12.7428881354618 12.6882369293766 12.7509267310443 12.6214941073265 12.5927340925498 12.6249385152454 12.7074837886591 12.629284868504 12.5430544715071 12.8620715428691 13.1868047005453
12.0294998520288 12.4583301544189 12.5981985745983 12.6308462104492 12.5448103540125 12.5097302402077 12.4922528798685 12.4916349043584 12.4541630880266 12.479117757617 12.4892429869089 12.5463411195689 12.6578356188317 12.759658419198 12.7435362034884 12.7965671137858 12.7830859121776 12.8753676469374 12.8819650021706 12.9436171517263 13.019014735672 13.1062997702174 13.1506031614833 13.182068999701 13.2341644589396 13.2574640483947 13.3085280582256 13.339247503614 13.3460365917921 13.3228159063735 13.242126654221 13.1455019603428 12.9860544915904 12.8259864878649 12.7836383838745 12.8966448515044 12.9490135397344 12.8895116544485 12.7397437453876 12.6835256204748 12.6222838464775 12.6119360731063 12.5884876207957 12.8086256205497 13.2083133441663 13.3826985613547
12.0740855178862 12.4598324298549 12.6375344831462 12.7322382397165 12.5714509943557 12.5694208960023 12.5907432647982 12.5986128500877 12.597906317966 12.6124063122731 12.6667712467299 12.7109982396727 12.7822402066884 12.8258829947391 12.8677267478447 12.8642205804143 12.9137833137212 13.0000682131968 13.006508356545 13.067842644084 13.1219719532514 13.1838239830928 13.2354920110288 13.2651937322073 13.3270101733995 13.353434531961 13.3681634856801 13.3666995477962 13.3158253562827 13.2125076732702 13.1061162899184 12.9701286409001 12.740204916596 12.792128029893 13.0005539766679 13.0661395312939 13.0246096833496 13.0031698378801 12.8920306208115 12.7337920158882 12.6462332127228 12.5727840415979 12.6777010740581 13.0967059148298 13.3400891750536 13.5460660626559
12.2882661922656 12.4753758470125 12.6435794636726 12.7279617399397 12.5692053908615 12.6011038874407 12.6857309357815 12.7019443982506 12.7096752931605 12.7429584146624 12.8194543570032 12.8585084571328 12.9302141702047 12.932344813797 12.9976128413153 13.0114419734378 13.0758075459695 13.0793376777659 13.1365431803637 13.1530858564711 13.2115305097599 13.286373104651 13.3259390184703 13.3554912516255 13.3932164006381 13.391379470778 13.3869563237481 13.2929202911086 13.1746114078459 13.0568095432863 12.9399578839941 13.0025939215766 13.0784417987452 13.127060151495 13.1539746578627 13.1065999637542 13.020456286005 12.9348689471159 12.8751235177498 12.8070701085396 12.6471120360741 12.8424322385874 12.9131590541902 13.2515770798798 13.3402214678693 13.4379904046688
12.5368945922313 12.5475735227976 12.6056947586694 12.7386067380171 12.6889138013363 12.7081946051269 12.7722214500513 12.8050828694906 12.8294651156569 12.8745179632297 12.9303759082804 12.9983749465952 13.036451849472 13.0361685239205 13.0856029400921 13.0991084783244 13.1454142826104 13.1975280963998 13.2108354883513 13.2108120275569 13.301835928319 13.3806870850353 13.3728231782284 13.3691738153224 13.4160621621938 13.4549184688663 13.3509965182075 13.1980272367582 13.0247539277134 13.0235966559491 13.1384923355022 13.2241743702374 13.1790264020743 13.2060399717541 13.1852713031611 13.012819700108 13.0056316478958 12.879835843234 12.7287341042366 12.7932783596802 12.5757702790289 13.1264889176164 13.1626903192148 13.3912736219974 13.3251907772913 13.4176364960456
12.7259419119587 12.725512353035 12.7246563293295 12.7836458931313 12.7881763520966 12.8173344931603 12.8541854463697 12.905568530026 12.9396097003017 12.9861097335815 13.0466808983517 13.0971407812224 13.1154187407546 13.1313568366461 13.1408606168304 13.1717652970014 13.2491881865044 13.2616477444677 13.1965371278897 13.3089882947731 13.4123546123896 13.4220454252949 13.3310035856185 13.3860685152884 13.4036574810133 13.4382984774756 13.3562581342488 13.1975127865067 13.2052076247211 13.2256953673816 13.2973802330527 13.2688392299471 13.2752974319043 13.2421734964032 13.1626015911531 12.9371448743114 12.750273027863 12.6045244299807 12.5055272787942 12.6519293912467 12.7294823644084 13.1746846707506 13.4713787333355 13.5116896126437 13.4959566295862 13.3317496634369
12.8721957821312 12.8725095070586 12.8166704177856 -9999 12.8481502532959 12.9025602340698 12.9187498092651 12.9814796447754 13.0238103866577 -9999 13.1125001907349 13.1599998474121 13.1800003051758 13.2114721070123 13.2428551586237 13.2764428243818 13.3048639750676 13.3154546872492 13.3286842697249 13.4232735013881 13.4324716893821 13.3920928874536 13.3673363823066 13.3892044224844 13.4526500903311 13.4413365642691 13.4538609264698 13.3783989309268 13.3749185267549 13.3813597605362 13.3552865732479 13.3116662687349 13.2604765920019 13.1450318556151 13.0321487100959 12.8342159736481 12.6611818828879 12.3275239004026 12.1666403030133 12.3224546178188 12.4156209245991 13.1026096150875 13.4402769364328 13.378482220468 13.3893898738771 13.2581388453446
12.9428596496582 12.9266700744629 -9999 -9999 -9999 -9999 -9999 -9999 -9999 -9999 -9999 -9999 -9999 -9999 13.3000001907349 13.3158702850342 13.3408362062082 13.3686985050163 13.4223060538244 13.4557329935284 13.3892813504982 13.4170759447818 13.4218397918267 13.4336561405187 13.5077742419648 13.4746244470725 13.3956088802476 13.3304723669767 13.3783781839323 13.3826981141744 13.3317824019909 13.29164225282 13.2198070562558 13.131262940752 12.9242132432828 12.7366120335994 12.7748807016015 12.3528189143028 12.2125578249355 12.4512137024708 12.5029072926336 13.0095918431921 13.3560986413121 13.3311100006104 -9999 -9999
-9999 -9999 -9999 -9999 -9999 -9999 -9999 -9999 -9999 -9999 -9999 -9999 -9999 -9999 -9999 -9999 13.375 13.406060218811 13.458760633697 13.4708113003449 13.4800482941866 13.4788508520212 13.4973403595705 13.5190255022626 13.5479909772553 13.4515671209741 13.4064884937153 13.4201245680318 13.404574498867 13.3673169009466 13.3402731265488 13.2941111950035 13.1166567840929 13.0418375324307 12.7398741685638 12.6506534189415 13.0027082927356 12.5151417945034 12.7417318363458 13.288488049028 13.3547457187791 13.4973118864189 13.4333295822144 -9999 -9999 -9999
-9999 -9999 -9999 -9999 -9999 -9999 -9999 -9999 -9999 -9999 -9999 -9999 -9999 -9999 -9999 -9999 -9999 -9999 13.4733295440674 13.4921226548395 13.5299384606991 13.5436404301987 13.5633613240261 13.542076745883 13.4877764786415 13.418045051209 13.4608542455564 13.4397094684362 13.3846649337401 13.3255064180131 13.2602129039001 13.2010959654073 13.1581254596095 13.0990718180685 12.7345442896815 12.6021095737168 13.2014264212518 13.3230212084265 13.3112136161743 13.5523061271553 13.6039199829102 -9999 -9999 -9999 -9999 -9999
-9999 -9999 -9999 -9999 -9999 -9999 -9999 -9999 -9999 -9999 -9999 -9999 -9999 -9999 -9999 -9999 -9999 -9999 -9999 13.5033302307129 13.5375536391578 13.5428028350391 13.5731418432231 13.5520929066525 13.4785620265131 13.4596899183989 13.4810459894309 13.4277885949182 13.3384687850332 13.2013338531699 13.0398681009063 12.9583046681146 13.1223312908024 13.1485047933468 13.1700263651648 13.1983463815513 13.3054805311189 13.4591635373463 13.5055785672683 13.5951147778706 -9999 -9999 -9999 -9999 -9999 -9999
-9999 -9999 -9999 -9999 -9999 -9999 -9999 -9999 -9999 -9999 -9999 -9999 -9999 -9999 -9999 -9999 -9999 -9999 -9999 -9999 13.5388898849487 13.5565597393022 13.564222340045 13.5664288855658 13.5556222012415 13.5262823552871 13.4508681358538 13.3444347464943 13.2478609696131 13.0143817421608 12.7922414866762 12.7605836328158 12.8922916192751 12.9542743041363 13.2562096630488 13.3910479973493 13.2864158703308 13.1092933274369 13.0637369711618 13.3362867717962 -9999 -9999 -9999 -9999 -9999 -9999
-9999 -9999 -9999 -9999 -9999 -9999 -9999 -9999 -9999 -9999 -9999 -9999 -9999 -9999 -9999 -9999 -9999 -9999 -9999 -9999 -9999 13.5611095428467 13.5309288997884 13.5535616415553 13.5768634321361 13.5356232060452 13.4414160320973 13.2796175216522 13.071246414308 12.8290097018537 12.8182315496869 12.3981220359096 12.6077310445156 12.8409556460205 13.3570097695422 13.5233424487324 13.2124340543237 12.6494576108428 12.6291392532241 13.2480676757689 -9999 -9999 -9999 -9999 -9999 -9999
-9999 -9999 -9999 -9999 -9999 -9999 -9999 -9999 -9999 -9999 -9999 -9999 -9999 -9999 -9999 -9999 -9999 -9999 -9999 -9999 -9999 -9999 13.5200004577637 13.5 13.5871668175306 13.5261206933765 13.3695168336892 13.0892519142618 12.8214200249124 12.5275282333694 12.616356434781 12.2926399051033 12.5366028778898 13.0969524619928 13.4342423921299 13.5974090892334 13.416818676383 13.0661513071008 13.3576366177178 13.5047597885132 -9999 -9999 -9999 -9999 -9999 -9999
-9999 -9999 -9999 -9999 -9999 -9999 -9999 -9999 -9999 -9999 -9999 -9999 -9999 -9999 -9999 -9999 -9999 -9999 -9999 -9999 -9999 -9999 -9999 -9999 13.5606647517776 13.5067332184157 13.153994530591 12.7734517331013 12.8440984442095 12.5295631518063 12.4907957109986 12.7056589468866 13.1123094714718 13.2975919686776 13.3157232869368 13.6052811341209 13.4466695785522 13.3166704177856 -9999 -9999 -9999 -9999 -9999 -9999 -9999 -9999
-9999 -9999 -9999 -9999 -9999 -9999 -9999 -9999 -9999 -9999 -9999 -9999 -9999 -9999 -9999 -9999 -9999 -9999 -9999 -9999 -9999 -9999 -9999 -9999 13.5333299636841 13.5153821697359 13.1014190192489 12.4829160830324 12.4122593542376 12.3584420550349 12.7008070350814 13.1629401421429 13.3668804389396 13.5516855384707 13.5137300491333 13.5222196578979 -9999 -9999 -9999 -9999 -9999 -9999 -9999 -9999 -9999 -9999
-9999 -9999 -9999 -9999 -9999 -9999 -9999 -9999 -9999 -9999 -9999 -9999 -9999 -9999 -9999 -9999 -9999 -9999 -9999 -9999 -9999 -9999 -9999 -9999 -9999 13.4837878062691 12.9994018183212 12.8423304653535 12.517595805367 12.6626694525514 13.2755683560696 13.3157803854752 13.4596276690908 13.5381002426147 -9999 -9999 -9999 -9999 -9999 -9999 -9999 -9999 -9999 -9999 -9999 -9999
