DATA/PredictorVariables/Future/2070/et_ref.asc
NCOLS 590 
NROWS 274 
XLLCORNER -7.522276026 
YLLCORNER 35.996888128 
CELLSIZE 0.01 
NODATA_value -9999 
[rows 126 to 146 of 274, columns 92 to 137 of 590]
1138.20482293471 1138.77611654926 1108.30615412979 1126.18339911771 1164.93437451617 1172.32200861693 1160.39267978357 1164.28050623158 1179.29211329937 1178.22320492821 1170.57454335485 1181.59096938866 1172.7330203256 1173.05789345587 1182.10355023621 1182.28228186646 1189.70462692127 1187.96489722858 1186.78644030256 1185.20320057074 1180.51615014252 1175.48256832404 1171.19118885486 1167.13636289978 1161.37132367963 1155.74123559332 1152.27966237982 1149.82509006836 1148.65396782177 1143.15009363171 1141.47007666925 1142.62913219678 1140.29828064148 1139.83873769677 1135.90979648865 1137.75310577777 1138.58491752667 1140.18540883264 1146.24576765686 1150.79130779327 1150.83038118298 1152.02186843444 1157.27003127551 1161.52222387195 1159.19132709674 1164.16931900384
1152.03315981024 1141.39574988324 1145.12192948304 1159.12665115021 1165.50440668909 1164.706610875 1167.25684962341 1177.54905040558 1177.39776703205 1168.03930500452 1165.2264500647 1178.54537938856 1163.19949980097 1178.64765909296 1192.69389107099 1192.87646445081 1192.17484410352 1193.55910415601 1191.63698960394 1186.91107265961 1182.4175327959 1176.9741250766 1172.1716305625 1168.09856402386 1162.72335136572 1157.21508856458 1151.69370191333 1148.79872403577 1145.29318458099 1142.49883451978 1139.70837953088 1139.8493425 1134.88178492566 1133.92565244909 1135.35292438183 1136.94490970447 1135.82889149933 1135.58532531958 1141.04065007172 1143.60386633746 1142.84173693445 1147.69551130444 1155.77792871594 1158.90163334857 1154.19972762402 1155.00065093054
1145.17212679358 1147.36622563422 1161.97698479644 1166.80074373151 1177.36020253436 1177.33686161103 1177.80114574073 1182.93602503327 1194.88924656952 1193.45129329242 1199.02149628833 1204.48679135791 1207.08072886298 1203.94723206958 1201.14226128156 1198.70410668048 1199.91533493695 1196.28525372882 1192.96622843793 1188.72010405652 1183.65220279602 1179.24303708697 1170.02596822681 1168.04375195074 1164.06407385406 1157.54102279657 1150.85512721075 1149.06810725629 1143.10879527637 1141.55428462079 1139.13114684582 1135.1852859884 1129.33147426074 1127.02660086743 1126.4270485368 1128.75694417389 1128.10101865442 1131.84799824652 1137.40448488971 1136.66990003082 1136.5633786701 1143.31333080328 1145.25158064465 1150.0416047381 1154.75850409363 1150.20641035364
1151.1397066972 1163.27818547082 1151.97729347833 1177.10013646655 1184.04688030249 1192.08836497669 1199.7428714978 1211.37273184021 1213.27906701361 1215.55851311713 1216.06805549072 1215.15321724213 1210.97406677734 1212.30387852417 1210.03708937207 1202.09584170874 1200.34578983844 1192.66066071521 1189.85409055926 1188.42984233594 1183.6663570119 1176.41537800244 1169.62905518164 1164.647831737 1161.38104495514 1154.97404802539 1147.28456231494 1144.11607920868 1141.98333895465 1137.97344096295 1136.60632513147 1132.63768258154 1131.9848970014 1127.68644648669 1125.67045651086 1127.18110080292 1127.86574775696 1128.38061594397 1132.79946535419 1131.36661400928 1127.67658971619 1137.64350900598 1136.48904798535 1137.74026111572 1143.05638488031 1148.20623337274
1152.55917565607 1153.05866401539 1169.3573625849 1190.86885092389 1196.56098998914 1207.21255912525 1213.71366338526 1216.21051223566 1217.88526849823 1218.38243923377 1216.50437699548 1215.96528107178 1214.49340872864 1207.97945757629 1204.66308463373 1200.60281539477 1188.72976627014 1184.77320785138 1182.40628830914 1181.99689836157 1176.20127550219 1173.30650175287 1165.59521985785 1162.72855723914 1157.17914736865 1149.13999837952 1141.64847398419 1138.30491617822 1138.25970377539 1133.29897034625 1133.48968605322 1132.1506799173 1127.52302261572 1124.29623933105 1121.74030254163 1122.83486727679 1125.46178003516 1127.28693395868 1131.33602010626 1125.66435898364 1126.06240645166 1126.82634302746 1127.59822999719 1119.44842362048 1125.74884858234 1139.88338977277
1179.96439794135 1185.40053810919 1191.59507583142 1203.82434146253 1212.34514141895 1216.22175221448 1221.66651316791 1221.47398654132 1222.13348772949 1221.96728563373 1219.59947031421 1219.13389216895 1214.83585440039 1201.10377921131 1197.25910370868 1197.36931517176 1199.21530346515 1192.96842793012 1187.11574649793 1174.61813495502 1165.0778794643 1164.6588227417 1164.99304621954 1160.59813604395 1152.88728503308 1143.60149859332 1143.60861902136 1136.20704151379 1132.32882955322 1128.80263347058 1129.87599113428 1129.0801323736 1127.19903017371 1121.19619655322 1122.761187716 1122.83447481024 1123.83500457697 1126.74781150226 1127.67720575928 1122.49518617261 1118.00649164617 1115.91587946801 1116.263915125 1116.35304285809 1124.51696218231 1138.30694450928
1185.17979129627 1190.07577128974 1201.0899251131 1214.08182619678 1225.67643820154 1225.6061594256 1227.57966135144 1227.68824533344 1228.70333719696 1225.84577997931 1223.69808486853 1223.94995326154 1218.14132643274 1212.34573964136 1211.20089008331 1212.12923635382 1211.22860985925 1208.16625285486 1204.0633845946 1193.38236537952 1183.60811971021 1171.46353412403 1162.45054407178 1159.91044868298 1153.25546108783 1146.27753525421 1138.07583492822 1130.97916379236 1122.79315594666 1120.4822223125 1124.03729284961 1125.73288949524 1124.5520211615 1123.92729703693 1125.3547564469 1123.09907781897 1122.61546147321 1125.64538226898 1124.72047168274 1117.31319101617 1100.20036816211 1105.61498260553 1111.48793316901 1120.58971001996 1131.14650261731 1138.63169618298
1189.51318560365 1198.88431903047 1214.99075853474 1226.35844999072 1229.1177305108 1229.55198631012 1228.57009145062 1227.49811755639 1227.2806066018 1228.24244204937 1225.54125494452 1223.98020309076 1217.07085670679 1215.96463464917 1214.81755016706 1208.60839019904 1207.19905879608 1206.6273191875 1204.85253557343 1202.21979660254 1195.42037765143 1185.68568669776 1168.83649404872 1158.07615271467 1147.54212744995 1143.17307053027 1138.55267084497 1130.38727053716 1126.34463378417 1122.39128862976 1124.15045430304 1118.95973738965 1115.13799030414 1118.07498804901 1122.38743863739 1125.11719555829 1124.88978802771 1126.43765406592 1115.37228084099 1107.67327251538 1105.28800777527 1113.70208999372 1122.03181462635 1129.61053928467 1136.76609780298 1140.89524043219
1202.30922099988 1214.53444761353 1220.96832576996 1225.14431356952 1226.58504038287 1226.52971649237 1220.15088655096 1220.48642389081 1223.58503130224 1223.75938090704 1222.5747417218 1222.66066025793 1219.11947211279 1218.28944193524 1217.9365505318 1216.09237122028 1209.69736652942 1206.7609205 1207.71162427643 1202.74765768127 1196.82030327094 1188.91095667029 1180.59361883276 1166.03354109454 1149.6904829859 1137.1583872616 1130.43581899188 1122.06053783002 1114.51597896942 1123.84825720776 1123.86070888928 1121.97894039642 1122.58655937958 1117.4907348656 1120.43181172986 1125.20588027765 1126.42372388385 1129.8410123783 1105.55661644708 1107.30893563458 1112.86879726123 1120.13160160382 1129.76945051715 1136.41359091669 1140.73379662818 1146.55730108191
1210.49120843469 1217.30788003119 1215.53832011121 1208.39924363159 1214.45831273151 1218.55369183673 1208.95399383533 1211.09967964758 1214.53360986688 1216.99593870129 1216.22807471808 1220.28990977258 1221.78712432819 1219.35259849732 1222.97683241528 1222.94174063354 1219.33580286347 1213.80900980548 1204.8752870744 1199.7778347627 1196.48619218817 1184.47990837079 1178.89495853967 1168.6734452522 1160.30939206824 1147.96188820764 1123.39445439197 1124.79215732416 1111.56038044367 1119.80904865558 1121.93411324859 1124.20658179059 1124.42905782336 1122.82325904584 1123.15457605542 1127.17096043555 1128.7792527298 1132.36090603308 1116.03683915088 1115.44685306293 1120.74483766608 1128.19753286121 1134.76340398157 1143.35106454828 1148.0137744881 1150.9598428985
1208.41462694226 1215.38344492786 1222.1583730943 1209.85127309577 1212.40220404785 1209.44525549213 1207.65469914502 1215.20214175928 1215.75275381781 1221.12006867889 1225.59914817175 1227.10877562268 1227.13535237567 1227.17141123004 1223.05083382599 1223.23220860724 1222.63549776587 1218.73717058844 1210.75572491907 1202.04581732758 1190.43079111865 1177.61308458368 1173.90108363086 1166.16135816553 1158.50927466034 1153.21936972906 1146.80713120868 1135.57239538043 1125.12749802942 1117.59085877399 1115.26126238416 1121.16084692212 1127.03927596075 1122.56652955585 1127.22251621881 1132.4024418869 1133.82658172583 1130.39159439136 1121.50518103308 1118.095975888 1126.76313168366 1135.5829795874 1139.7772467041 1147.58980228082 1153.93269548621 1158.05376696692
1217.86903237665 1218.89603488471 1220.09595482251 1225.6041273125 1224.76087735779 1223.49828736572 1218.65971056153 1219.83964504639 1228.34431513599 1226.36931239142 1228.14683603003 1234.04670948669 1231.01955829236 1233.62763488428 1230.51697652545 1224.51762563495 1218.43273753327 1214.55134740442 1215.5450787041 1207.78104069879 1196.70664903528 1185.42803344208 1168.39079755664 1159.18338796655 1152.72866139618 1152.60928774933 1147.58787725226 1142.91518085864 1135.59967773853 1126.441052 1121.68469456897 1124.85693902014 1124.69962486597 1127.76082837976 1135.26323093549 1136.8125068147 1140.53868186572 1137.4812149732 1113.72277630323 1122.19095799482 1136.05414036572 1143.24703777942 1148.37118141034 1153.0409293006 1158.43644602942 1163.17239147461
1227.70553331158 1236.37195885523 1237.34457872187 1240.00037337488 1241.71292923926 1234.66327606727 1236.66816610328 1239.81224846741 1240.75332397986 1233.61121095685 1233.03174185529 1233.58724038428 1234.70136097681 1237.5271548125 1233.45181634399 1230.75228678308 1225.96420362506 1217.04321986572 1211.66641714893 1205.80628898932 1198.56049183227 1189.90687064795 1176.56544506622 1158.80927615497 1149.23268243299 1149.30212321692 1146.35588930603 1145.04292946655 1140.66044822571 1135.01746400452 1123.66517421302 1117.73674245594 1121.56936220984 1129.20909812665 1139.61960749195 1146.92855498273 1149.40780006952 1130.4975617503 1132.77885371759 1138.56224312885 1144.48699802765 1150.80877874072 1156.94682795874 1157.85695267822 1162.79332192114 1165.83363558789
1231.05604223438 1242.06539609949 1250.49142375647 1259.71720461987 1264.43646392682 1266.9255873349 1269.0911746994 1262.22305261182 1255.02510113666 1247.64559045917 1245.41777563361 1237.31626732178 1235.34226767243 1235.00123593298 1234.89941409076 1233.94855843762 1227.93561698285 1219.32701855774 1209.92324924353 1199.63154629682 1193.21455957178 1189.73403910382 1182.72571532782 1171.70165324982 1159.21292540442 1147.17679667127 1145.74497257123 1143.00619000476 1141.97179021002 1145.62569903076 1137.62325850275 1133.21086734455 1134.76992824164 1141.97647277454 1151.22122131262 1155.69534289972 1157.51454036542 1129.34545553528 1144.84240237763 1147.72461962726 1153.82805938465 1156.94900153937 1164.43810543439 1168.0536341875 1170.93341448731 1175.6359205
1237.80178431305 1244.53821996484 1249.79100105322 1261.06004457922 1272.43992849078 1275.34248532446 1278.31874996075 1266.79209233386 1267.29346612817 1260.92004721814 1250.22515652948 1245.68514536346 1239.46943980127 1233.76783661267 1229.46170890845 1226.29741162555 1225.32099032404 1223.18249710254 1213.62398932397 1205.88562834369 1194.75907220599 1184.39490639355 1181.79547215387 1181.24648344904 1172.16684162738 1163.87808697864 1155.48565543134 1146.86598756177 1141.67084712116 1152.64188366736 1153.77846588763 1146.24320310144 1148.76448519836 1156.91632415021 1162.23347923901 1165.73012053644 1155.67355016382 1146.52438312616 1157.65720100452 1160.1362075744 1162.30233592786 1166.28535749335 1172.21226369611 1176.27694446069 1179.19597672351 1182.97061063202
1238.28577758777 1245.32845699701 1255.1082151272 1258.84636290405 1264.57133125366 1267.81121688568 1271.28036367608 1272.33873769678 1267.40009994873 1257.87813576392 1251.68844234857 1245.85873999261 1239.89472804889 1234.97164382532 1228.76647911121 1224.18255652496 1216.29377244702 1212.40417743573 1214.38913258447 1207.65768974261 1199.19859964685 1189.20939682861 1181.15833497009 1176.25243616004 1175.76622668365 1173.47721889343 1167.6022663197 1159.08832702832 1155.15590242822 1156.32382781934 1159.03175670764 1156.77486119123 1156.566152375 1165.81932375226 1171.41995698303 1169.7101403006 1156.56256469733 1162.39556492902 1166.48213475299 1171.89315434717 1173.15862725507 1175.56157379169 1180.48386984454 1182.83731907984 1187.43600843097 1191.55374002497
1235.75690726068 1243.09662468085 1251.13615910559 1254.3083709237 1255.55558783368 1258.55283681946 1259.08869586639 1265.72656543988 1262.61360194415 1256.61856137842 1248.48965657629 1243.58962140118 1236.67336464758 1230.22124243005 1224.48135486029 1221.53583624432 1216.00951047839 1209.41056733594 1205.98031848285 1202.52359011414 1201.90303623382 1194.95443972461 1188.759063354 1181.13816574524 1176.1193410138 1172.00125274719 1175.62068110382 1168.00694469983 1162.53624192365 1163.4788825138 1164.71085221076 1167.72047191614 1168.01867046057 1175.53797115546 1177.92239180322 1169.05573973364 1164.78118165711 1172.63403241333 1173.77687800665 1178.5815601759 1182.70371544904 1185.43759354834 1186.3686195138 1189.72464994202 1195.71318009833 1198.60395186011
1230.86154667114 1241.1034037987 1243.17885539294 1244.51434456866 1247.51258707177 1252.12448694275 1256.01161885205 1254.49655548224 1256.23540658111 1251.11390758905 1243.4005749057 1237.79390586432 1231.00008959723 1227.05410210071 1221.41038013928 1215.45784279254 1214.98240381329 1212.52716972961 1206.60099003204 1200.79321986572 1194.2514172699 1190.31828655548 1190.29684966632 1184.60564392139 1183.21158736408 1179.34503936353 1178.43911242835 1174.83144940845 1173.18803422705 1170.60730485486 1171.05695716004 1177.82802342597 1174.72657329016 1182.87864724072 1176.32383505567 1176.79491922809 1176.3856548764 1178.00580626154 1180.72015051154 1181.76250035486 1184.92580057898 1189.47063015704 1191.39039661865 1194.52690295892 1201.23515826898 1204.02956612024
1223.42814800353 1231.05339527245 1235.04261782043 1233.44969548346 1235.639737 1242.06401171996 1246.11417407915 1248.33588349199 1246.01283891338 1242.27069192455 1239.44443967748 1229.38105653466 1224.70209971222 1223.17552552942 1218.51490224859 1213.77736845386 1210.12294812848 1209.07233525537 1205.2119246875 1201.885098625 1196.82957734534 1192.37941927118 1184.39817401844 1184.61192663233 1188.62473460504 1186.82417614917 1187.38719400733 1181.03293075928 1178.98340511616 1177.27552681025 1176.31664414533 1181.17276198114 1183.65508009595 1186.725164375 1187.61746536121 1184.74486042871 1180.94552027314 1181.42679087543 1183.01595921576 1185.20315411572 1188.01566665021 1190.6760702013 1194.9701384867 1198.39392288812 1202.93753281409 1207.00451553076
1208.45544405493 1216.08310976318 1225.11680471936 1228.71952286481 1232.81238985412 1231.31753226965 1233.71925982812 1236.9118874389 1235.1612522633 1229.30673296954 1226.54337178961 1221.38138629401 1221.16336328863 1219.01210211572 1214.78522510644 1210.67814128119 1206.44686820868 1204.89515298462 1201.89970493524 1201.87765358343 1199.07434851739 1195.37702833106 1191.29714606671 1187.32819025501 1184.54117528247 1189.30926369678 1190.4729737876 1188.32575358576 1185.34195745483 1184.70378929132 1184.01194472937 1184.75671931421 1189.07038048602 1189.46124925 1190.6895024599 1187.53593971545 1186.33785021033 1186.64169598474 1187.23818331348 1186.52367270844 1191.33018244678 1194.73148297986 1196.94645987048 1200.07269386572 1201.59240994171 1204.91981597278
1199.59485967901 1203.48524200647 1209.20350509247 1218.06293932647 1224.3036720144 1225.44761132336 1227.1487847749 1226.56331009033 1221.60267236352 1219.36551289343 1219.93783285113 1216.4267248139 1212.84989898004 1211.2235322406 1210.94245719226 1207.09703206451 1205.5698685 1203.04120255304 1202.76273729132 1199.0670106651 1196.76012747601 1196.17394149524 1193.88200572662 1192.62699586188 1188.92513949658 1189.31799157166 1191.41674033392 1193.87374724085 1189.85162311798 1190.60653777765 1190.31458709192 1191.20423907935 1189.96446693036 1198.2182068125 1193.9314113891 1188.26540346161 1189.44181060577 1187.55427722058 1187.90167992029 1189.85679861188 1191.93540674298 1194.60931043524 1196.54546012903 1196.75026137952 1197.95161074072 1198.5108721192
