DATA/PredictorVariables/Future/2070/et_ref.asc
NCOLS 590 
NROWS 274 
XLLCORNER -7.522276026 
YLLCORNER 35.996888128 
CELLSIZE 0.01 
NODATA_value -9999 
[rows 84 to 104 of 274, columns 368 to 413 of 590]
1121.04811245343 1114.96870920868 1119.52305756707 1127.50363765808 1129.79509618011 1128.17809448083 1131.51566303204 1139.76071851489 1127.33143203308 1133.13643187207 1122.44057613654 1114.70664327942 1120.98835929987 1131.08628781952 1136.27026493915 1131.87470914356 1141.46925773846 1147.54842076916 1158.2826150625 1159.79930548004 1155.19552050177 1164.49429495129 1158.40452711737 1164.61576181952 1165.40113860925 1167.08945059668 1163.10985518298 1164.17115589893 1164.55708892822 1158.27273175928 1157.78042285858 1156.82313253064 1143.38840556201 1149.12082174072 1149.44108847986 1153.4115296192 1159.68719321954 1165.18151131879 1165.18540883264 1142.26330857178 1169.48086074999 1170.87085414514 1164.37228596289 1148.34806050928 1146.92028467663 1131.92169373895
1135.91517917822 1127.61435662726 1112.52940510376 1113.29016544904 1115.26687127326 1121.654312029 1131.36795031726 1137.25284901813 1127.53197819452 1127.58094475873 1125.5569225373 1119.39591875 1120.06186170392 1129.1247129256 1133.16409167963 1134.09761412274 1136.13288359454 1135.7777515592 1154.39169442822 1149.1801315 1156.79672259473 1157.04610655164 1157.23374022125 1159.07461103204 1162.68880169678 1159.23889093957 1151.43248309192 1161.86652914862 1145.06171357403 1156.33032686572 1145.78178205243 1139.29722137274 1148.45833932812 1139.84256994452 1144.24740368524 1151.10052033368 1155.13665025476 1166.18130933368 1160.49345649548 1134.92313536798 1114.1680194491 1144.34835843975 1157.56231811346 1150.74749580548 1141.25351655097 1116.04486976886
1135.74219108557 1136.3597281994 1133.48124451489 1129.70150658368 1129.55830904236 1133.85086249841 1127.99831977014 1127.91590661469 1132.65179885382 1135.18698490546 1135.44928523621 1122.13668805774 1127.86590616736 1126.72623104871 1128.18263569452 1134.21911213159 1133.96824538202 1136.76322855243 1137.50291201154 1146.67658262048 1152.72838888159 1152.36049205096 1150.90147147278 1152.20582756952 1153.11053146307 1148.45795796796 1144.26988155322 1151.90852325714 1136.8743187619 1138.43940825 1135.1255386474 1138.9041869256 1135.44030858716 1144.3435951756 1132.6015210506 1143.66315994452 1156.25363358264 1159.98253599548 1157.49892632336 1149.63328183368 1128.81629626557 1109.19124071796 1139.32517236536 1143.3915213869 1144.8412759881 1133.15478398895
1135.21971778309 1139.1015633263 1135.80918781677 1128.81249687952 1127.06713525452 1126.55979725031 1128.99824130799 1130.7453803122 1141.51070517822 1137.2942570625 1132.75883607129 1126.53908010486 1139.8198685 1134.95456888586 1132.31308397882 1130.712756281 1129.89319754132 1134.89135890192 1153.37999433368 1129.45456888586 1142.62917223004 1138.6899430506 1136.9981807976 1145.56600971954 1138.88325874963 1138.78568934954 1136.82968999774 1132.86469305615 1121.02174887976 1134.885098625 1133.57978211798 1128.4077134237 1123.58675081555 1131.68883117371 1137.14405967822 1147.40108198565 1141.53820600226 1149.71925982812 1157.50794869678 1158.76774737274 1160.10203010437 1150.6437982987 1134.34777715302 1139.75954141907 1132.38920598144 1119.16092666246
1152.96064269678 1146.98208953308 1135.31400646222 1140.19041304236 1137.15105573914 1138.8387477367 1139.09302389514 1136.1652102356 1146.4260702013 1146.71626311347 1131.8277765943 1142.69937618524 1139.35305070361 1128.23299812976 1120.53399743299 1127.07165001135 1130.48662962274 1132.36982102856 1137.61351900451 1119.87789626379 1127.62532446075 1130.71550515277 1121.6813749212 1132.28421275 1126.09592440302 1121.46929978552 1123.2210608006 1120.61112051703 1124.33339035583 1134.14144963428 1126.23639477594 1117.24136220764 1116.06607966308 1122.95564136261 1122.68380156249 1120.57636754162 1134.50844907439 1137.9972041823 1143.16849742138 1155.22204991631 1157.28905463861 1148.48544184192 1137.50548626154 1137.49702881073 1107.23252732176 1048.98426508181
1158.44027121753 1152.69600607178 1146.54113551306 1150.7135684375 1152.17123023847 1153.30880358106 1140.32569050928 1146.82982711402 1153.48698761194 1156.67492184455 1151.82303224841 1142.07564822882 1140.40516383343 1139.43840842761 1133.97708532336 1133.85503736816 1128.33321234454 1124.57668752722 1120.79744537787 1118.56062822986 1123.3211245672 1109.20098443384 1118.80565671795 1127.51902852087 1125.39299300451 1119.52072828052 1125.55154405096 1126.56857864703 1116.67132383441 1122.3004450487 1125.6721878443 1116.35888062951 1103.6636259967 1097.64789048138 1086.73209668297 1069.71293655389 1089.47328206725 1099.44439101525 1116.9778035625 1120.91957275928 1160.89531836188 1159.47716786572 1152.21361231756 1130.13285465075 1025.52454274999 1017.97156139616
1163.20745241565 1162.7927136875 1155.30802822584 1160.92808943977 1163.47099191634 1167.4490032198 1162.21626311347 1165.30385908717 1169.68958867237 1164.49826412975 1156.13239899579 1145.51843855799 1139.35168715375 1130.64341687377 1121.27405231951 1128.11492293774 1128.11017087976 1121.37864677868 1114.438809659 1112.79713674072 1109.03575403534 1110.04515825421 1099.99364899073 1114.49368501331 1108.89306097987 1118.48273798059 1119.35572878204 1122.73276497057 1113.9567709489 1100.07611414516 1108.0309939984 1098.43548179234 1089.78506501083 1057.32830264519 1026.58502913586 1020.45311616508 1051.12909369834 1070.09681379134 1104.5279270116 1136.26907542597 1156.72271827978 1153.65434331024 1146.07583492822 1101.6684638051 997.111100622766 1044.23782901915
1163.81031047144 1161.61666006701 1170.18774083563 1175.83905508594 1182.33018244678 1179.27522075611 1172.32497279132 1178.25503661414 1181.52514538532 1150.77815552942 1156.85863221741 1155.36450313586 1145.80830496692 1125.95136594678 1112.4673907381 1118.95152000836 1122.63805677014 1112.54731965808 1113.97449051318 1111.3888167638 1112.85783468549 1113.14345513879 1107.92825869904 1116.04015846527 1117.13221894201 1114.08866181677 1116.80788132629 1111.91474188427 1100.09055531873 1116.65189343298 1100.41416354895 1079.06468537726 1054.97398275928 1020.84630327751 1022.90844603485 961.215788852199 1012.20402163427 1082.92715767821 1112.8911517749 1144.6021964881 1151.79405461535 1151.8273608631 1147.4572863125 1096.94174311415 1036.49312579134 1037.28606242469
1172.72233691962 1154.58471953309 1175.43040441187 1173.67019422962 1184.84479624524 1190.57347086615 1186.04912650226 1185.65129436798 1186.03873703278 1168.32598136573 1156.53858933624 1145.58505188654 1146.62496143048 1135.99431946301 1138.47389611346 1119.06477701221 1121.00606680322 1117.08409932178 1112.05224657123 1116.37353916736 1110.6724501192 1116.93937584558 1112.93930409296 1107.877652091 1108.27822848913 1107.13773751996 1098.93248716736 1095.45039763427 1102.96822731597 1113.14172683264 1101.100849531 1094.08525433368 1071.50268094678 1053.2515992871 1027.44655926665 947.05327574503 967.067565060246 1037.58179588202 1120.95930435108 1136.0443093612 1137.66819040075 1144.34833561798 1142.21164756024 1146.65567136347 1109.50631362049 1091.18537340572
1172.04855853052 1174.10894656238 1183.43826304938 1189.65831234808 1190.23208953308 1196.88010662158 1193.34207126648 1187.19454902118 1185.65912557104 1185.99707425928 1157.05505439685 1149.10419325733 1155.64719695868 1139.5603143941 1125.4412939256 1121.34536669983 1124.67252132178 1114.09032712952 1112.80511197021 1115.055953375 1115.35422853729 1117.43467775476 1111.81027605322 1106.4642616557 1103.01429061346 1101.01933428247 1088.15584062274 1083.85940255548 1080.50323235211 1083.29583900226 1079.61559052972 1109.141087875 1090.3167735 1022.83833938654 993.822461099856 980.884752836157 995.324659113101 1051.3349938631 1120.18299650171 1112.47147863586 1115.23840195117 1116.74924120868 1113.84287165704 1137.55070271728 1141.61367259191 1137.32539575158
1152.13281923736 1167.15586981433 1172.07654893524 1186.74011381647 1192.97383632178 1196.66926485522 1192.95896229828 1188.7283054375 1183.6148071651 1183.13014455322 1148.09684463922 1159.65856814844 1153.4364659237 1132.63368972656 1107.30885629395 1119.88508359595 1116.31966892597 1111.80531441736 1105.54485983368 1120.58714000928 1112.84711737048 1108.99415228863 1108.14608800928 1100.3957358974 1097.04977540704 1092.33942378338 1082.13572386542 1088.75917259296 1072.57506759912 1067.85052033368 1059.7278790213 1069.95219287724 1080.63474192595 1044.71603323187 1033.13219612024 1045.06690343023 1034.14992299185 1035.46597974524 1094.4725215885 1078.51217925476 1055.14816449969 1047.95600462385 1059.71400531725 1068.54247309923 1072.35063905773 1052.76889580059
1122.87018278308 1135.54310967467 1143.58823328203 1166.44246573003 1178.02925000927 1185.322863125 1182.56130366735 1189.04406456249 1174.83882611084 1176.5145905625 1144.49368139514 1150.43466209979 1139.6655716615 1138.55360933521 1141.58436070129 1128.73120794226 1131.46333735602 1122.17739825452 1120.12433744909 1118.31929142371 1115.01434237903 1094.6286328759 1082.97234680433 1093.19516146526 1076.59715632289 1080.93767198248 1074.89861626787 1072.36067112385 1065.67715976787 1054.32182592822 1049.6067699327 1009.05733364387 1007.90337371955 1047.73256238757 1055.11066123914 1002.97935657294 1007.56392869115 1036.3958865859 1056.69199368001 1038.67158339512 1026.12036531426 967.120818573897 1032.04859757336 1025.21408380109 1037.32026673914 1012.478159
1098.5747815695 1080.27144334914 1092.49757294451 1111.79409276843 1130.80238167371 1171.76582025452 1163.3844871018 1164.26103544201 1165.64115843249 1155.22883359967 1145.29988657178 1144.91258370129 1142.50562703344 1138.08432596166 1131.88177872058 1119.48940477942 1126.00636805212 1128.67724223913 1102.89385006427 1109.18572251086 1091.03877155321 1033.33378523394 1015.63994335435 1038.45835611131 1009.18803973862 1042.40690545644 1011.99601830859 1003.22665923218 1011.25547914901 1029.02117263653 1007.85649435836 1027.256789886 1035.30283513427 1047.0247414151 1058.8267779862 1025.49278050317 960.822668522201 986.896906196992 974.924419443862 960.121581810237 993.443193030729 1005.76827412806 1019.92958907289 1025.86670763148 1025.42716749183 994.046928497734
1024.00413597881 1023.11553475477 1067.63752196954 1113.28215812204 1140.17467132107 1158.39247522981 1141.09000786238 1139.83980935482 1149.63165496897 1135.87364337156 1137.12985167819 1107.49815383391 1089.87273193042 1090.43099867794 1114.74362575475 1133.13544261795 1123.01829003082 1113.62562112022 1083.45523271492 1062.27115213535 1024.25755038655 1013.32178463202 1057.05036243525 984.215793566353 1028.62265799075 1002.29681967103 1001.6203411887 997.843347089271 995.850070546943 1009.44722996797 997.026841134303 979.919031176041 1008.17384937499 1033.86403721952 1018.28555062616 983.480234497726 1004.12036853209 966.992249477529 911.369871620405 943.163946372778 966.137188053489 927.651280548071 959.972465791819 941.264860574036 947.912146113683 980.999327416523
1000.43759756135 1046.04939421299 1059.55257375476 1074.97448251098 1088.70367856218 1092.63439793297 1093.42734021912 1101.89512836573 1117.97083093097 1110.24253891815 1098.01751630322 1029.89701638363 1023.11247803046 1053.58346029938 1093.20699720757 1100.0484610119 1110.34813317083 1073.55784714839 1028.05467379769 1017.18002417613 1048.69544844941 1077.97494295288 1059.45342753204 1055.53193466699 1055.403652125 1052.96594194226 1048.63323043671 1017.08745612025 1036.00347832202 1026.38014455322 1013.36046055547 979.947655940015 988.940193876116 1004.59836648269 975.800265446982 928.329870432519 915.899408672327 882.870211493921 925.593014552735 937.358245430255 895.587071125003 964.528386609739 940.993608740787 982.330783719858 1022.89181804395 1059.88461142175
943.724744477124 951.060355698448 1010.64316739511 1041.08652185484 1019.98724461862 1043.87024759191 1086.76672023504 1111.29410313201 1107.08575657233 1098.74413162848 1079.29984050927 1024.40760694486 1036.81754223848 1056.90285550453 1071.25478610517 1106.50016925927 1077.98348351917 1009.998363255 1023.14402990758 1093.89447162739 1089.55460165741 1087.4285760882 1056.04667864357 1056.97303854206 1057.42511056251 1065.44132919836 1067.00222845514 1063.00431309557 1028.43125827981 1007.32800791853 954.328262602621 919.986973551621 938.334113835393 985.146937239165 955.997486967976 922.702316324428 908.099994529194 973.872413685775 924.557117592314 898.882813606064 920.351155268964 957.636913756318 964.446091217876 1022.61923481903 1042.00506901379 1036.13333993299
994.809013492767 932.437602009079 899.832327314776 979.3276479375 1013.9400120648 1027.49833342823 1065.17982753552 1082.13623997882 1100.5346471756 1100.0120365282 1066.5427136875 1052.60861578937 1085.6170799256 1099.91161447986 1113.88842244732 1096.61086955322 1098.44422931372 1108.86201090705 1116.60501807178 1113.13468317914 1105.1815909928 1090.97658987097 1083.54590111457 1070.37295784651 1073.17936514392 1034.64027307402 1057.99271926689 1022.89206326152 986.626525494779 950.167144449268 941.419065622312 997.953763970197 974.948806947009 996.185980865434 1039.95139542371 1030.6162955729 986.3745640007 924.292417118917 934.732675578877 974.166374872967 980.048385867774 963.007554168581 999.618213263997 1029.55812635363 1029.87554467664 1053.04260832337
1005.33101299077 1004.89575489408 988.589612201664 993.091933490778 1043.66933805963 1031.89762187269 1068.51200621343 1084.52195594201 1093.43007718273 1088.51530127753 1074.18411018527 1077.95196871797 1095.29226730096 1097.240838192 1092.21760236089 1098.52964325926 1097.83380896977 1107.97139519893 1111.33392804392 1103.73239913584 1091.52803817156 1083.68653842612 1010.31554063642 992.339282664873 953.08732405763 978.999130718043 1006.84820958653 992.438108324482 997.128587234956 1042.04018904711 1065.14574192666 1061.60057822129 1060.20979421799 1065.56312286975 1049.31715107336 1024.81903765759 988.848613697368 1016.89129422936 1025.85900255289 1023.67416507178 998.630439748838 974.581422085946 956.075459439758 1016.41944703473 1054.45465142822 1071.63975982175
1059.52051294678 1046.56056683857 1054.45847748285 1053.75599126856 1030.85152278606 975.316923060274 1053.26135807686 1069.355605945 1077.75431309557 1082.78697014037 1097.06375941631 1094.18399405774 1093.20043290704 1076.64105547058 1081.94327035046 1079.46156292822 1067.15777620287 1053.97979538091 1084.38036812976 1081.8870136897 1085.215887625 1058.02721045288 1049.73625413428 1050.57953024525 1067.49158243549 1076.21859804871 1058.74382608113 1082.90671057404 1095.70875099194 1096.16681519464 1096.23251317371 1101.77790487097 1091.23876380322 1063.85081530554 1045.37314294678 1063.657861875 1037.76792992084 1036.25881663428 1060.45363327594 1026.96856857178 975.269832323895 995.182439831433 975.879160324424 1029.417673659 1048.05955455322 1045.62222069678
1070.19794067823 1078.7829021369 1049.35079542798 1061.31422324298 982.358766518134 986.474957493899 1011.53996343155 1037.56439613238 1031.37348926039 1037.11445744981 1049.18144137272 1068.0568592704 1083.00765582177 1056.12844101153 1063.5622757691 1052.31546826855 1035.02089214142 1015.65714754657 1064.94697060158 1081.44643515405 1079.73189794677 1065.24967472057 1053.36580080323 1084.01095697986 1090.99615086695 1102.95724983264 1107.28180267737 1108.04328496796 1098.5287985625 1098.30151712573 1114.25588388586 1106.43326043292 1081.4185355625 1062.12301796009 1068.67652535181 1086.84352250928 1060.21850467187 1048.68186737024 1051.35632042292 1051.06638807636 1036.93483369905 1053.83354546949 1070.88924656952 1063.37645089746 1043.90520375476 1060.29540836346
1079.2054500625 1077.93732720605 1067.20680080163 1046.80720009296 1009.62175266678 994.321132854338 999.533109893944 996.404191647975 961.641710960391 985.09608257758 957.444388685274 997.61813433981 1024.67326362499 1038.17814568972 1026.93717875027 1023.50731730322 1040.16461617889 1013.20239847567 982.831912492764 1033.64515043517 1026.66794273846 1036.86877883789 1087.11043225928 1082.73484894202 1105.96965309729 1106.84332175452 1096.62675582843 1097.72320492822 1104.78315981024 1099.1750231452 1105.83170258105 1088.13607570392 1078.26804530322 1067.2491320625 1067.12386836468 1086.81268694677 1052.3108207251 1068.64830590808 1074.21349352399 1059.74215907843 1079.40422340546 1078.31687146393 1085.97130559454 1065.01993331879 1043.24636234192 1056.47369366632
