DATA/PredictorVariables/Future/2070/et_ref.asc
NCOLS 590 
NROWS 274 
XLLCORNER -7.522276026 
YLLCORNER 35.996888128 
CELLSIZE 0.01 
NODATA_value -9999 
[rows 105 to 125 of 274, columns 506 to 551 of 590]
1067.83607319971 1096.92337244507 1101.72855723914 1092.18042196393 1097.87014630322 1083.04425328046 1094.9920896441 1102.4931830744 1099.95911305096 1095.09152078204 1093.124178125 1094.13301790247 1091.70275209454 1087.64763393121 1077.92419545763 1068.39324110716 1064.15032150194 1069.69479094677 1054.09404074346 1037.4431451782 1032.44707251442 1016.09700522477 1000.11345518047 1016.17245371569 1016.10531124886 977.44345770816 976.650743493908 965.132608805284 962.19536012291 975.5903901205 1012.88821686573 1014.95650671796 993.221287958156 967.68865901651 982.5303598142 993.488641533648 998.69641499777 1012.03860031864 1009.28838055292 1016.52940511573 1031.76169422284 1030.82460725 1025.09062223004 1034.51987069949 1030.52799950927 1030.52171738427
1079.24280348248 1094.89167453394 1098.33721554394 1101.14590216443 1096.28837526153 1095.99190486572 1093.03929927978 1089.69326331951 1080.42010755511 1073.81036269904 1087.5271548125 1087.65227305602 1077.46903100814 1078.36092352038 1045.97683962049 1022.09672401107 1019.97585790022 1044.39504373847 1024.84623851215 974.778347115739 978.678218240882 953.242346196796 954.284525083698 978.753178358598 966.211246083178 986.78339954872 1026.47043947934 1030.863257625 1034.79232871393 1048.53004407337 1046.03269969452 1030.5248816875 987.589269129529 978.049709240824 961.985799004994 958.428981855488 998.624944309795 1024.66948105197 1031.92352017767 1029.07018419678 1030.48624041705 1031.60648506952 1026.20973947931 1021.74851122653 1006.43537642822 999.787440124941
1058.97012768977 1087.07547023669 1088.66500326379 1084.7438125133 1080.38238240545 1076.65686998839 1064.43866813867 1071.5992018631 1075.30804766284 1086.54292320867 1082.83965793298 1059.35528786993 1026.64999969889 1066.5136318974 1090.25766540441 1091.1674789118 1074.23610567821 1065.77343380059 1054.6509669389 1036.63048307177 1003.77582637134 1027.83329782635 1033.20251724774 1046.77534060333 1044.92275987952 1049.46186286286 1043.82629706251 1027.06835830091 1057.81341711572 1057.12913219678 1051.14859682843 1043.05318780097 1040.9508460633 1022.1985625615 1042.44518797882 1037.82869230108 1042.55538330163 1032.48537054657 1033.25221503046 1032.75171263428 1032.53638211523 1030.93487403204 1025.84963417025 1023.39270662079 1009.09465120029 1006.91604470465
1090.63895740547 1064.10426078261 1069.07051153308 1045.33310456934 1048.98330355321 1023.58166032227 1034.65502800418 1069.81611886568 1069.36573493668 1060.214243875 1066.28877818443 1042.94559825476 1044.55788132628 1055.78536076618 1062.49789411569 1052.53254233373 1020.37737350477 1025.9014408055 1045.54573651845 1014.46779275453 1003.95852534574 1023.7023976572 1040.37155897652 1038.17585428229 1047.35768741732 1066.50601109807 1066.5768260625 1058.61438948895 1058.84409757177 1054.79967125 1052.07812102063 1047.52597697882 1048.49618960034 1042.74869339758 1040.58521205322 1025.16212065808 1034.77451992822 1030.5952742175 1028.6283543657 1028.90674300238 1025.61388887783 1024.2467558229 1011.27248612634 1007.59210781023 1011.63519137475 999.004917832414
1102.860162625 1086.06096224457 1063.30681381952 1049.24881838428 1036.7888971875 1036.8898016858 1015.74061781477 1031.10973483783 1041.77086574933 1053.42092363428 1042.61894662146 1036.74563882336 1027.01266961413 1049.90294171447 1025.7467125 1014.90257648863 1034.04956588587 1043.16927113702 1064.79112616382 1034.65555634559 1047.26428291352 1065.77628866492 1061.32739743573 1041.82461706128 1018.79851119459 1052.26272566376 1061.37976906476 1056.04670812293 1053.25282536572 1051.308948 1048.30160621375 1049.89313944202 1045.61466364789 1040.25181300928 1039.18102057885 1022.43251957177 1022.37320981249 1005.75657891791 1000.03051119678 1024.27166643252 1017.2039120632 1014.98435460434 1005.39860540821 999.145203050605 1011.42476614221 991.771171723245
1102.82004525226 1102.55653492401 1073.54122217561 1069.21399200227 1056.21026013429 1059.67052555268 1080.22042184296 1058.76194273249 1058.67769321919 1049.60963362501 1042.83919361402 1030.98369882179 1028.08145736347 1010.90789302039 1013.60810599775 1057.54834571979 1062.2927617638 1050.09516939625 1069.21929261872 1077.14319375928 1084.14333321301 1083.29785824072 1073.62006084534 1061.77419875702 1065.41096104956 1058.14921573511 1056.9521131369 1057.32229908087 1051.62985369678 1045.75116788654 1050.53097847211 1044.04635134558 1034.74485319958 1036.06993738427 1026.46531008667 1010.7555063125 999.257710553227 1013.27231790592 1004.43268449185 993.653628457036 1010.61323480323 1018.88440743976 1013.78737935831 1027.33756155548 1022.67451669486 1029.3065304513
1112.97463125482 1113.65151794452 1110.52835217596 1108.15631438458 1106.96502718048 1080.59704773639 1090.59958105774 1091.06592131024 1099.31744018549 1081.03723061572 1070.1429806847 1091.8797848125 1071.16040016632 1051.0248452724 1061.14745335382 1070.2407328974 1093.10437911414 1095.07996735364 1088.09816466632 1084.9774835625 1083.16960200281 1081.28703811572 1070.22265255164 1063.47063015704 1058.1850133219 1058.39882412311 1056.44896128467 1053.41820411798 1043.16929361346 1038.49351628961 1038.44834205182 1021.92892938315 1008.35044150226 1022.49205130322 1017.35949215271 1026.48917162024 1018.80163069678 1022.08794836331 1011.80354766684 1017.00465601138 1025.88406142822 1011.68171736728 1014.37536650781 1021.30713120868 1028.96662848615 1036.77187747986
1113.63737304986 1111.12074998809 1114.79513703204 1114.47623443347 1114.9186761994 1113.31135204816 1109.17381697058 1101.17229108765 1095.69523290619 1106.46716961572 1108.1384935788 1106.22262986572 1089.54858175452 1083.04616716199 1104.86585393976 1102.38753856708 1096.26619574298 1092.20175633563 1088.98199124774 1084.3120890625 1082.22260038879 1077.85429657178 1071.64320538684 1064.11766694904 1055.58417959778 1056.78523628869 1043.73207250939 1032.37562833255 1009.53225910382 990.672786850257 997.940376562504 1002.03277913639 1023.56989503271 1030.39144963428 1020.66124880268 1029.70072698914 1032.27140538647 1026.01155229803 1025.51330857178 1020.13848258444 1018.67321250702 1012.46953200583 1018.15571341052 1021.87172824774 1036.62651222961 1039.05526218976
1106.17639964398 1100.02904336121 1111.29589331952 1110.11374510406 1108.93099194452 1105.99576076587 1105.05885587976 1105.32687687353 1104.43994118957 1102.98066319452 1104.5850457334 1105.19585963428 1103.9310695169 1103.81017590686 1104.8604036369 1099.27433684698 1095.66343127118 1090.54191495569 1087.25938090704 1080.8410527569 1079.43008251001 1073.66756725 1070.87213281586 1063.1127228244 1059.88929293176 1041.46363732178 1012.37678995887 1021.6029090159 1021.11047832178 1019.45089112216 1018.23021056702 1029.79330651154 1025.2499763476 1025.94482993048 1037.23098058368 1031.75525474184 1023.60221649432 1014.21181257543 1003.65454086571 1006.692176791 1012.72698116632 1024.87255035138 1025.0670145119 1022.08193035382 1029.35803454486 1035.9683474494
1108.07217064465 1108.77090509192 1105.41690552972 1104.50868692297 1102.37770755059 1099.02545273456 1092.10858277014 1096.55063353326 1096.99593290546 1097.0571636131 1098.19038395795 1097.22412717822 1095.83552172552 1095.26727150928 1094.4868606875 1094.3211119212 1089.90496147907 1083.5086261648 1081.04534857178 1077.93897530487 1076.45272092523 1061.49919387275 1066.57744632098 1053.1714318263 1050.2285465133 1037.76729474524 1043.19606586347 1041.09494800525 1032.01308617597 1030.47948252137 1032.80927735486 1050.02605867859 1035.50867832764 1031.78297102118 1024.92357432806 991.182364166842 991.321323232302 981.734268083683 965.180717250016 973.443156088428 1014.21325475929 1027.03201430512 1024.40055438541 1027.89256152313 1025.59856380719 1026.79615469903
1100.07514583264 1093.92712777765 1094.42571267413 1096.38306582122 1086.01714830774 1086.00540713263 1090.00175869201 1089.44443204864 1089.64720074072 1092.81560561347 1092.97015835706 1091.01763326379 1095.6847520943 1095.06218118274 1094.82938128473 1093.31822096795 1092.97184214032 1083.92540223508 1087.35037969678 1085.00236395014 1079.89023939618 1074.9803375506 1068.08024439289 1062.32611822059 1047.59241281485 1058.94212567664 1052.94392257368 1053.91069666671 1068.42199610383 1050.49567184737 1051.80848788428 1044.9075337033 1044.02685440143 1018.20945906248 1005.64884130027 1008.63049174552 1011.97401594718 1005.82618212053 1035.87715902559 1048.77662379394 1046.82692442369 1035.55531441737 1024.81806934507 1019.26241813393 1021.27744165827 1017.96877809295
1095.06561554865 1098.35644103277 1095.79079906812 1092.70957309558 1089.30367066736 1086.56216058649 1079.17149778308 1085.58750809754 1083.31187374072 1093.78885490704 1092.42995604761 1089.98947773914 1094.66758909808 1097.75064303308 1099.39586296899 1088.60226824072 1091.87968489478 1066.81888933143 1090.871083125 1091.53152682605 1085.19692630798 1076.02590229871 1074.17622420288 1076.53975763202 1081.3965659624 1066.63588193048 1072.03642535022 1077.66995016876 1078.44909281702 1073.72656046271 1061.35326686798 1042.17260903882 1034.09150229012 1011.40131213429 1047.8169680849 1053.12407276087 1054.79350986761 1048.25930915442 1053.50170732373 1041.65350770606 1032.80531034192 1041.14186369226 1037.31179820605 1042.07914146796 1026.88170199078 1014.74913955548
1096.28181610205 1093.71690021008 1095.20675360156 1096.55715983106 1089.36796277545 1090.76453658338 1082.1326810763 1090.64577146271 1083.20447669452 1084.72316088428 1088.84101418738 1094.70289273621 1090.75989036286 1093.91462694226 1097.13392863684 1090.40506682404 1098.62518500702 1099.48954541632 1096.66316743274 1093.38134626074 1090.02772488587 1087.102355805 1083.60958379242 1083.3041689881 1080.53524378168 1081.77997639618 1085.81057832532 1084.21064269678 1082.74936104236 1081.39642956482 1071.68198477118 1053.59933839654 1014.28961731456 1069.19581029175 1064.51806391931 1072.85279925928 1055.14688993805 1038.17831849072 1052.03821971948 1052.64665599298 1045.75570504871 1031.31543844385 1034.96269224524 1041.96888225 1030.54371219806 1021.04889165546
1090.62957363007 1095.25304894226 1095.79218594654 1099.51593436347 1097.80767911731 1096.18747025879 1098.34046398914 1096.5186502616 1101.56765346954 1095.42373443299 1096.7817493722 1101.46481394837 1100.53762129712 1103.19736652942 1103.37594307489 1106.44918739618 1106.65076165704 1109.24011669678 1105.89837479236 1102.8357388277 1102.38855538428 1099.39049924719 1092.54568748761 1092.89858311121 1090.34364824579 1084.92454056024 1087.90886225379 1088.46897437024 1085.94350187726 1072.53945691149 1050.94171168975 1042.59391128657 1082.29146117371 1081.43014510529 1059.86505521271 1076.43373267822 1068.9861796828 1047.09035862501 1049.07514251264 1055.7315871369 1054.63738133264 1047.71807989282 1028.78572372058 1033.33072719452 1039.94721275647 1035.90293811798
1094.73200421516 1093.34638027942 1102.62598149162 1103.22173623809 1095.43487866863 1098.06909148761 1105.06580518749 1102.90045883488 1097.42785088201 1106.29905188127 1108.15258545128 1104.1979016945 1105.89335686541 1110.77328399523 1110.65389600525 1105.66526381025 1107.80694450928 1110.86493665973 1101.94378524548 1105.48969886872 1112.59006575 1099.42368626887 1085.73037282337 1102.20096770764 1100.33572371064 1087.67492184455 1091.42067929761 1086.96067917663 1083.49195338236 1048.2587767649 1038.537588593 1088.49042946608 1090.2281914044 1085.52713398761 1076.75693474075 1071.98722244679 1067.23736895538 1075.8075656295 1064.261174034 1054.2739153888 1060.86003690044 1055.48465073895 1040.26054501154 1030.25558183522 1039.58309243974 1046.92267938684
1102.34058684534 1096.12427024524 1087.5046205943 1093.36144461572 1084.88017644842 1093.8640739328 1089.84997936798 1074.6700606787 1088.7465718631 1091.19770929205 1084.20696103307 1078.05508921954 1092.76235261749 1104.09010222986 1108.69472568066 1108.52665241632 1104.16880318298 1108.1533404389 1096.66820620764 1102.12050595116 1100.24813225926 1100.5383766325 1091.28285320605 1098.20680547906 1103.36678208539 1098.11916426153 1091.53240142114 1080.8534037987 1060.53083647144 1065.21784707178 1091.00570504871 1103.07309131421 1074.78149323847 1089.20889358265 1098.80799543524 1088.55559077789 1065.67251137463 1058.81220309559 1066.90163320795 1059.02547865808 1053.283925909 1050.90183533368 1047.24922040546 1048.88140956585 1030.82658413691 1045.54996171393
1096.81277060034 1094.01395160485 1086.30398629938 1085.14894486572 1083.02246066126 1078.95321801087 1084.83824895868 1055.32121786817 1078.88224841894 1082.80183699707 1062.32914726856 1066.89966173389 1075.77281140936 1092.23403330798 1090.80806516211 1093.76745449773 1081.22960408489 1074.70607944225 1071.29036300451 1062.73530240015 1048.15089605775 1055.31774889849 1064.45928980322 1077.569478247 1086.42046792175 1088.33331770867 1089.76085915179 1075.11718408264 1073.98921635962 1083.6404124375 1096.81019351086 1099.89660970184 1088.1637565506 1105.89524330774 1090.66400134454 1084.22692346429 1064.6485250119 1077.74381825 1071.42908841956 1052.82263407404 1066.66127685108 1055.52103487275 1062.21562295593 1041.1362686012 1059.39809351379 1054.17368011572
1077.9681665506 1084.4319216875 1087.6898604491 1094.35184669452 1096.18384348566 1094.28048088202 1095.767202625 1092.57498063684 1075.93577675702 1074.05147641376 1087.71787536798 1098.29378086566 1081.92693635364 1078.43473339514 1075.33958626837 1071.30238746955 1063.99951328046 1040.53704971692 1048.74305811414 1076.10255508649 1076.96524866736 1040.12478331202 1064.4483024375 1063.37344677063 1072.80245257178 1068.1794560625 1080.74922249512 1086.31377719458 1088.40647915198 1078.94258080799 1093.29848963428 1095.25231708588 1108.67955442371 1102.0293324566 1098.54848963428 1083.42739825452 1065.8864495 1075.68699070129 1081.44019033234 1056.70882590546 1082.77041280042 1079.00938090704 1065.23402729565 1049.37775648145 1056.96135461413 1056.53498030774
1091.14005067822 1108.30730425 1104.1612522633 1095.83724416632 1096.83181322937 1104.78122190704 1110.61825775928 1106.59473320941 1093.3097756756 1075.14535317737 1068.7852213244 1087.1497469823 1086.646740625 1083.21049625927 1071.82838224103 1095.93931612976 1108.03786791211 1094.01962017371 1105.79824366437 1087.63529937977 1085.60343612726 1089.02570068219 1093.61337256701 1094.8947333642 1093.33174156476 1084.4504751875 1096.38713158069 1104.94603676709 1117.62160117615 1114.26162834192 1103.48040930322 1104.16483446655 1107.03243214514 1106.67994293957 1105.412928875 1092.98659721832 1056.22410637501 1087.61711430384 1085.00833981629 1074.45979800001 1081.64252708099 1072.75031569678 1066.69068435706 1065.11371975928 1040.48262811572 1049.7251821557
1065.22781500702 1086.22213825451 1091.89835701166 1092.69324049774 1099.92100622858 1107.86576181952 1114.87434990729 1118.2804884461 1119.07174130096 1091.99466133521 1078.34830732178 1089.63295367871 1095.45289273621 1077.31860974525 1091.65887425537 1091.49525626087 1097.1457707129 1099.95761159193 1107.93253540753 1115.30134740442 1090.6812404494 1101.03870733197 1067.64574192664 1106.65079767963 1100.9544323244 1103.66900645599 1106.03485383814 1110.85955854761 1123.67726139966 1106.80186556031 1108.59467878022 1112.78766125452 1101.84975031702 1107.59170571796 1097.49864912501 1100.19000814563 1111.919211 1098.69125952429 1091.59313939197 1098.54062355096 1077.32852179474 1078.05491617822 1073.1648041518 1075.844704125 1042.37163072913 1049.28568241138
1085.32760565704 1058.75638748913 1082.0866544984 1095.26933309454 1091.65937985485 1101.9267033631 1107.7030401474 1112.2714074881 1112.52201404132 1107.97354970941 1104.82675717823 1087.15036311817 1103.70089882337 1107.39517065338 1097.75902347266 1117.03421275 1117.12400886572 1126.14661658087 1121.14693179712 1120.58525811573 1106.34611882404 1118.95703366827 1098.19211867371 1102.0754271112 1101.09501982178 1109.96464600092 1122.95987450836 1135.92027767371 1134.34589358624 1125.54546389911 1122.6068832439 1123.09638435486 1111.34853260266 1122.79842453924 1117.69069024072 1115.98114261139 1107.98315913428 1102.45268441736 1104.82568470868 1082.55277003204 1085.22375298962 1080.41674739356 1085.0595831756 1071.26200999548 1063.04546606549 1053.6855973172
