DATA/PredictorVariables/Future/2070/et_ref.asc
NCOLS 590 
NROWS 274 
XLLCORNER -7.522276026 
YLLCORNER 35.996888128 
CELLSIZE 0.01 
NODATA_value -9999 
[rows 126 to 146 of 274, columns 506 to 551 of 590]
1066.9721236875 1050.33330068753 1041.43379555006 1075.50755038655 1075.51168756526 1092.03256074523 1086.88348021976 1096.68675761796 1098.60342662045 1109.8451070479 1114.09896701153 1115.59124358367 1117.41298319226 1114.23354647894 1112.405990445 1109.22299869901 1117.57444009952 1126.21411681536 1131.62044008715 1132.83902855322 1128.09536584527 1115.37592965021 1114.81415644837 1094.30981802717 1104.23968605322 1121.50088736974 1109.57447447058 1137.40892945763 1121.11764171619 1127.8707276236 1126.2494590343 1124.02101912501 1118.91471860046 1114.78138931007 1110.12340432631 1112.92252593445 1113.10504754871 1094.52522104865 1094.44430800451 1069.7178470718 1081.55268037091 1094.42298893048 1086.19754363899 1063.33178971694 1060.4753992218 1067.50003647985
1069.24348882404 1085.03110781482 1030.4533958715 1089.06244502118 1086.77107119506 1081.36554440808 1067.55362724933 1073.92995845868 1066.30531034192 1096.25854298456 1107.0762912619 1108.24993819452 1113.63281184192 1110.43687713025 1106.70614495868 1085.90512283368 1094.27061478552 1112.87591977417 1119.86855561865 1122.69421588427 1119.08050267541 1119.78385099548 1119.4012345763 1110.02503022663 1101.75181300928 1105.32915518518 1116.05258326154 1124.16208914343 1126.80239245868 1135.36233738879 1129.39255858368 1131.31618268976 1124.06350167188 1126.01206185382 1128.28871834558 1116.47972405921 1115.88341839514 1097.8571605998 1089.15269948914 1087.99774969677 1079.70898398249 1089.09063703045 1100.8943348797 1085.286477625 1058.60562084296 1058.26022931476
1077.7759445744 1091.74045931879 1080.65536114111 1077.26809338428 1069.28693983038 1077.45825378241 1091.77046071918 1092.62608325452 1077.98774816199 1095.16612595434 1097.06401701379 1091.10491482843 1106.08810630322 1108.30445901391 1097.18585937048 1103.91483400451 1099.10848148865 1089.19335543976 1107.26510458624 1104.4890795 1103.01202296289 1116.89965270764 1122.16985403308 1126.85933945013 1105.33072011573 1102.05489674121 1130.3378871994 1127.62361987671 1125.104702375 1130.32789973913 1133.97865144904 1135.76209833368 1144.14646966284 1136.04524819678 1127.58028282178 1130.10134892297 1116.68764955798 1112.25862994684 1111.93540674298 1078.12062881708 1089.4409055625 1080.41958648846 1093.35389660028 1090.45341549524 1069.81867197913 1056.44686820868
1078.95988970129 1080.59002053729 1059.55784899774 1081.38109711798 1066.0314816109 1084.01023174499 1084.18675383594 1091.06234086413 1077.76698551807 1058.45918965686 1070.73508415808 1069.24024376837 1087.50006888428 1088.79418182757 1079.36486489514 1093.31870348901 1090.81442339575 1076.63499446796 1084.92059095941 1093.79638375 1097.83476566669 1108.03239974072 1112.24447583093 1113.03822965466 1120.57617344678 1118.89703385254 1123.15071181726 1139.61587467187 1119.26647911121 1126.95015949072 1141.61897134985 1138.85971825226 1135.24677142993 1137.46119493274 1130.8710370625 1123.25487290039 1118.78482021692 1107.67269097833 1105.82043978046 1090.77384439795 1076.36265107178 1072.33400188623 1081.16752625024 1085.10041617664 1071.96747211645 1056.4480095625
1048.43681186414 1052.88863453711 1038.03622204133 1074.66185640545 1079.93139644787 1062.51580464739 1063.27731203497 1073.69993549999 1069.87290486957 1047.76475274775 1064.9727468263 1061.99015527826 1065.59136230773 1061.93809643701 1077.92041543749 1070.44107420782 1078.87114437567 1073.81188830773 1063.24018649474 1072.39383062726 1095.21269055286 1106.19681219903 1114.31855558057 1108.96927235108 1107.50029287501 1137.77913137799 1138.33435369837 1119.35766661414 1119.76655959192 1141.2176906991 1155.76909930701 1150.2425076369 1138.40044194959 1136.84510236414 1126.63461568274 1098.84439044678 1099.48983417115 1091.81445143219 1093.48781123846 1072.26695496271 1066.65239337024 1051.53916680982 1084.63986421222 1081.72159267371 1070.39808566827 1056.81946068298
1064.64965061798 1065.92763428925 1056.39682525226 1041.49839153473 1067.70278071692 1034.83675542822 1061.12298448444 1043.67601505097 1061.02930836608 1060.57236072882 1075.30098972058 1041.67641289917 1030.22923267663 1054.70166032861 1038.83115075928 1036.00097570795 1051.15308205163 1046.40526347058 1030.79703476612 1075.43534115545 1092.9034172782 1101.24361371796 1112.0339330758 1122.12089665424 1141.93348788428 1142.6159925437 1144.7816948263 1144.77247786798 1138.76743167596 1145.60716376788 1152.77201997778 1150.96631826379 1144.78614154865 1144.72335136572 1149.53938005389 1130.83716324524 1114.93034727905 1092.88225021607 1081.7071456756 1084.48595056708 1092.11230498914 1069.63841520942 1073.18173877015 1093.21565367993 1073.03422512018 1049.59502940443
1062.50439644941 1087.19567107862 1055.04882277119 1040.73723395045 1063.9556425625 1046.31791107178 1068.79355870569 1061.34780290704 1043.91032824506 1045.25814119678 1056.42545784027 1031.45023620136 1015.26551555209 1033.41396488384 1058.33591780548 1036.54888290344 1032.97839755774 1051.54301363653 1058.00154169458 1066.66685324298 1088.54902822888 1097.19727980774 1103.77324871527 1125.40789218976 1145.04307342822 1151.82590031103 1153.00924434558 1153.24567152594 1141.66332590705 1140.24109240472 1148.6170799256 1143.58582561414 1148.68143640527 1147.3331081875 1151.95744353497 1148.73044578308 1114.36406577082 1098.37723648126 1093.64167160645 1086.55165730059 1107.59888036572 1104.54707954791 1094.37241943298 1085.8806654032 1074.54433575329 1073.23288949524
1094.4416290763 1095.85317852979 1084.09294543299 1071.73197753052 1059.06238193753 1067.21381323622 1073.69104821797 1049.38432482632 1046.66108843128 1065.22458729871 1062.06537087142 1068.057098347 1017.12260009247 1009.5142119179 1042.52241228046 1050.39839031148 1046.71061029237 1046.15676658371 1068.4710632117 1073.60088209297 1082.06248978381 1103.55531441737 1116.67285423005 1136.90946833366 1131.37139301398 1147.17286964442 1155.79049487501 1152.50037925855 1158.50521545129 1137.34023291961 1153.15851955094 1155.52086772229 1142.30070466474 1151.0574506875 1148.12636453308 1137.16186220127 1123.12933759533 1103.77333831251 1101.9292112638 1067.65126405323 1079.68373267821 1099.66798478551 1098.99032501086 1075.78983678485 1064.94468965807 1065.71128572986
1103.00228678308 1096.40596136536 1090.13641302014 1071.8538899851 1085.58970399072 1078.67149370764 1086.33352224548 1076.92125298914 1054.8182208321 1066.45432409192 1085.44171039465 1077.14323780322 1055.47313604395 1012.61168349965 1047.62461541895 1067.05982468475 1051.61406375225 1073.58623350226 1093.17289681024 1081.12141255096 1082.97045710377 1110.75708825226 1126.00872206708 1124.15011275226 1140.78806842151 1159.5757869447 1162.16051132629 1156.90085549835 1155.00991978308 1131.4815348382 1126.75474253204 1153.20164082684 1152.9773831875 1151.48547832178 1143.21337594226 1117.59338972986 1110.80943080163 1104.35404975927 1107.72282483185 1073.04739063202 1075.04952683106 1090.55828747962 1093.21824538202 1078.88125474969 1053.73256832404 1061.43450436334
1107.77541270129 1097.80325374579 1080.79736781025 1046.25195818775 1070.32427782404 1081.64411399548 1082.91456477948 1089.39746212024 1080.81121490076 1073.79609954871 1076.54218972858 1061.32355431024 1055.15615631952 1064.04777774804 1057.74253625928 1064.14220285364 1032.36576553046 1066.68897382917 1084.68419859455 1076.5899251131 1108.03739746393 1107.3862075744 1129.2295653515 1137.28693395868 1142.92017328326 1155.39851135382 1159.75931322986 1153.11460087115 1143.54834319678 1152.4691112251 1128.4154425763 1143.23174149579 1150.74328723621 1153.8363476112 1140.83038579566 1134.17782806025 1098.09115103504 1086.10669129871 1097.67502588489 1062.23816304584 1091.89230098621 1093.40926575067 1084.61739360382 1073.31741607104 1052.14262746795 1044.75499201538
1106.26791454236 1104.11695556482 1099.23850821954 1081.36583125385 1084.97833113239 1084.74009183252 1080.42508358691 1077.3694455401 1086.41303665021 1082.64201473767 1079.41801974164 1059.41804310626 1057.75128198352 1052.67784516699 1061.90745076843 1073.67657553693 1056.5273660069 1082.7155180202 1089.58666246539 1090.51560577533 1099.60927270355 1118.59158958325 1121.37680014661 1136.43961776398 1134.28605110883 1142.03846157397 1141.30664666907 1122.45478127539 1134.86763462048 1146.4081489566 1151.59548492663 1136.72436170837 1156.84998145764 1149.82098332111 1145.09096789624 1153.7621307381 1128.69367145795 1101.19736652942 1098.20839210101 1063.30211524835 1088.44604142761 1086.29537098907 1066.7461835 1063.21697291724 1045.11761179871 1038.11536520166
1099.55491617822 1095.77659767766 1100.21060244208 1084.27610388654 1095.12498634191 1094.25251351575 1074.36358095062 1067.90002441406 1068.541745375 1054.31202250119 1071.39640049236 1066.91508499868 1071.65564620171 1065.39250856964 1054.55814917541 1065.18297043103 1048.8715949135 1067.2378916264 1070.33959735784 1080.14747503794 1087.21347886663 1115.10424069799 1124.97051307977 1128.44509562518 1128.4870451397 1133.68606689477 1121.92640108381 1113.08683659962 1124.5693395711 1140.75498294671 1118.54336630323 1118.25413976086 1146.602337125 1151.76295093268 1140.40326313599 1147.64037386798 1142.70204754938 1112.00665761347 1102.5770055951 1089.60856917682 1065.24143216315 1086.28631260504 1074.2826150625 1067.98177151801 1061.42912670764 1050.09398844476
1091.52171738427 1053.67461004175 1086.51405481933 1080.02347028044 -9999 1076.05197596074 -9999 -9999 1049.4907348656 954.348646259294 1039.07867529421 1019.58257940769 1040.18272788586 1039.37667661169 1018.39355551856 1054.84214392083 1013.28396963648 1048.88529323382 1028.512463875 1008.81186288466 1037.92269450867 1077.88143563653 1094.98626680419 1097.88171900475 1097.56356103021 1108.01036624548 1133.2354805473 1144.52289899999 1096.45261980985 1117.82887336852 1130.827706044 1102.28506493976 1124.46095637499 1135.04340947093 1139.22819547985 1140.51290446093 1136.27725896954 1120.68719321954 1108.84804483263 1075.1155768125 1055.86804211608 1078.89697401039 1068.10997012499 1063.08795608367 1046.42281217822 1038.04437878357
1055.81761819677 1039.88000775836 1062.23664089777 1032.71298512025 1027.42250612885 1027.14269113446 1069.48921049426 1056.58663774895 1046.52442361184 1020.18963730096 1011.70034777417 1029.48907017877 1022.75394423835 1037.42880344678 1044.76151795587 1038.55562809558 1029.10802064703 1038.87784278903 1038.2477791737 1053.47315885376 1042.55081412746 1057.75862784522 1060.83583464673 1073.19229751087 1100.58400504712 1084.14269514514 1102.30759803393 1091.82885237499 1016.22168681251 1086.52584630102 1103.53423133245 1098.0809296369 1100.32322488428 1066.82427581024 1113.61895105334 1120.95241519952 1117.49608438646 1103.98874637029 1062.40809589594 1065.31810980799 1035.06703698114 1022.52761303958 1037.695690375 1034.71476601278 1032.64809351379 1033.7899506604
1036.0641614375 1030.41419833643 1062.26507623959 1048.092513966 1027.98414825 1027.26689981482 1034.76767256369 1019.59505202158 1002.04575172693 996.49908087277 1008.40628182623 1025.99700939736 1029.38649777868 1029.29699030322 1038.82186980829 1013.60415013428 1029.2392201369 1022.4757288728 1026.71823921692 1030.1012562128 1012.50351442892 1063.21701114142 1069.60700050421 1075.06563256262 1078.61265981903 1072.4127824375 1073.14645972766 1057.27374612952 1071.80053421753 1086.09404397321 1087.06001467371 1091.00722223157 1097.00157992596 1061.39128247662 1085.59066509082 1082.64487930603 1054.23305921655 1050.27641949054 1068.5976891026 1069.36164627942 1030.57185487201 1013.00029689737 1037.8569755 1018.73166602872 1023.7041591484 1023.50936346692
1017.67014074299 1033.71021182459 1008.79084277994 1014.49860315528 998.390029875007 1008.68921711862 997.923108444732 1022.14032138498 986.438972028543 982.502172219647 976.989622142519 977.937447134496 989.037468303623 1005.81375563427 1000.7697450509 1002.50055425452 1006.70130413653 1020.05369705576 1022.53160818048 1013.26453931937 1012.63126637726 1054.07103261646 1055.36205318751 1055.26372365314 1052.62802634913 1043.43537642822 1068.04973259821 1072.39501840808 1079.33615481146 1095.24032621795 1086.64629632336 1083.48059290087 1061.20671503205 1055.95813720239 1059.9270885653 1040.34386650225 1043.47315886572 1041.08119681702 1023.23319273382 1036.22961298959 1032.2158170675 986.473203259497 1011.49932170135 1007.18042669564 982.142323819676 1003.50645138428
1041.83544893774 1036.03698708801 1021.95706021771 1041.94724306637 1034.22626337726 1019.37537644426 1005.21510886109 1037.36513985193 1030.94151413428 1021.97833728982 984.395381827362 1007.45704438691 1005.32943526025 987.673725518953 983.357793685734 1025.21727497985 985.868274540133 1024.85326443289 1012.76374208368 1038.58281032813 1013.49548145869 1057.47251237201 1075.91427974999 1075.12208591076 1074.20093242291 1050.64406001636 1080.34963749578 1064.12423244226 1078.75982527978 1065.50049043048 1063.5069754143 1049.20270311651 1060.94406944677 1044.06517328472 1031.3702632638 1018.76461498639 1019.90725532178 1047.16350016265 1006.50073618371 1004.66124778961 1019.85145608423 1013.0064227619 982.735114149084 981.513012529944 1000.39959507037 1000.22980275
1040.58684970289 1038.23144331996 1024.44431684445 1012.61591279014 1054.82208353046 1063.76746792242 1046.60605875806 1024.0454190365 1052.97023312499 991.36951275889 995.504905484022 1039.51505269678 1007.80058166422 994.725774615508 999.207064135708 1003.62377981476 992.265477930266 1019.86091581198 1023.92111612952 1052.14697673083 1057.04309624999 1061.29921526886 1039.99781150226 1044.68465364032 1065.99202405181 1071.84349139911 1063.42037526837 1066.85693902014 1056.42451486535 1041.95621384295 1022.94159168985 1033.0988038526 1026.29906469678 1021.49520546899 1040.91528454235 1027.98327163186 1031.62320981249 996.71156277368 991.878946385285 990.532476011264 1002.44511349856 1005.12898575927 1004.08013330771 1003.42258111346 1002.20894770248 997.522919501128
1061.08917913007 1065.14126854512 1009.55487487748 1050.64670826776 1057.30414036573 1037.54956541254 1045.74098147569 1024.15161819564 1030.32016137503 1036.21480384932 1051.152470112 1037.5522470636 1031.42399379392 999.373293166352 992.295413775174 1017.95749583365 987.436965206463 1032.18487025 1028.01888285487 1038.07427188758 1020.10951867825 1037.51054638248 1030.83863152114 1030.66384518853 1040.55205932176 1054.09499257035 1055.79641028269 1050.8256424282 1044.03643157445 1020.98385305435 1017.22694484273 1024.92960957402 1018.29621449071 1010.23436063231 1007.12906837269 988.885695978935 1004.51022931476 993.081585628582 995.048108444731 1003.29564059933 990.155280649707 992.409189928247 991.552828864723 983.467287685253 993.998487693137 989.417480729334
1059.01283406012 1011.61251603329 1023.89780012714 1045.18731201312 1055.15860417821 1039.86960109821 1004.43094440757 1047.75097779761 1061.65193949072 1056.45712276105 1043.48112122058 1018.72665272007 1009.37464025928 1031.39004359943 1021.9618402565 994.175809664372 1002.45751588275 1030.6706051979 1043.58882981702 1052.85946471827 1046.06758788202 1016.73731954896 1006.53838393525 1026.49191101886 1025.54022524073 1031.76915297443 1030.32747287762 1021.66324457178 1024.16848821209 1013.94402898861 1003.71914618121 1001.56775883367 1002.71411548214 988.050256552272 961.976181872777 1008.63389184753 1005.08361058368 1002.14373807736 991.055536643948 993.314258386013 1003.11052170644 1009.17127960949 996.449102528684 961.690018490507 954.126523841616 973.537505310231
1056.02414137641 997.82106172129 1041.75605811511 1041.95644161573 1018.6606577638 1049.96621790075 1047.77840732629 1044.68182376666 1055.70390045129 1065.85578773114 1031.9076631388 1054.51956038202 1036.54451962275 1031.52369957453 1032.15550041181 1018.46310092158 1021.97615394205 1013.42376285434 1039.76967345095 1059.27097443346 1036.6021964881 1039.75473272552 1058.58560041632 1024.03185362912 1030.11351633144 1043.20077159481 1013.849442875 1005.52113139394 997.731821045708 995.463230159264 1000.78428541632 981.662677002265 982.3949058887 966.644799693176 982.393215929139 985.370745018122 1006.42355649999 986.918087286159 973.110035617761 968.262545402029 973.038125057523 970.143226064913 980.745187570614 954.455556897369 966.864031641637 940.508267935284
