DATA/PredictorVariables/Future/2070/ic.asc
NCOLS 590 
NROWS 274 
XLLCORNER -7.522276026 
YLLCORNER 35.996888128 
CELLSIZE 0.01 
NODATA_value -9999 
[rows 63 to 83 of 274, columns 230 to 275 of 590]
18.6094300943575 18.5597237881365 18.4843227284708 18.55702192558 18.5986718981628 18.5424018076363 18.5362013241873 18.520645502718 18.55334840345 18.5034184122868 18.4964427793522 18.473723455925 18.4448954641352 18.4185794274845 18.3484240826063 18.3507174259052 18.3946888348274 18.4348503629694 18.4392949992638 18.459545846776 18.4515061632004 18.4742838317394 18.4986530453291 18.5074377647705 18.4755875487013 18.4990711223908 18.5567557990923 18.6361434746961 18.6437879849262 18.687586584445 18.6275666629896 18.6465594260359 18.6390344306135 18.5834812060509 18.5983833254118 18.6010642063522 18.6469967855263 18.689493596014 18.8315707451935 18.8404162201815 18.8008087093268 18.797324539052 18.8122338752203 18.8113053307629 18.7840003967285 18.7194389186659
18.5806666137886 18.5674362907085 18.4826919644031 18.5566968697576 18.5951207434673 18.5566927094526 18.5440710812635 18.5517657253313 18.5282346832695 18.491744614254 18.4506707345257 18.4223447988834 18.3936182922945 18.4097493243465 18.3649084123573 18.3226168991585 18.3187824248915 18.3650927125282 18.4069265539226 18.4252856441011 18.4257264137192 18.4705706857204 18.4260401091776 18.4503927674484 18.4813185322056 18.5207219241056 18.5200891664152 18.5812706130247 18.5674778648186 18.6083964262218 18.614904721591 18.6225860503874 18.6420340530767 18.6415705611038 18.6094852499962 18.6359971236124 18.633089920701 18.6386673940468 18.7533840309314 18.8217192441435 18.8262553248825 18.8142674118461 18.8223444174137 18.7969967476301 18.7802770899477 18.7791563498373
18.5109292239122 18.4807445806694 18.399091609561 18.4893889095421 18.5354502723627 18.5664847734432 18.5443725439271 18.5019579697999 18.4221304339961 18.4471146002121 18.3868886745434 18.3874031880455 18.3926102370176 18.3287984469309 18.2984988512793 18.3071713800831 18.290393423068 18.3141455447607 18.3560495424146 18.3390082874994 18.4090071881771 18.38103324261 18.3665523744688 18.4047476661472 18.4840875468692 18.4756932023334 18.5094690672664 18.5137979128733 18.5571706545868 18.6037966601629 18.5927949565544 18.5441706505651 18.5325467377338 18.565311159257 18.6045672520819 18.6081801039381 18.6294530586061 18.6225754013147 18.6488455661344 18.7139501997136 18.7050788989515 18.7028584558381 18.7602103327845 18.7602146004046 18.7533637338953 18.7882562120045
18.5020013160467 18.4543363178225 18.4657041236067 18.4653802249794 18.5262421627197 18.529422881197 18.4823102574367 18.4334796394968 18.3240490124006 18.4115476575727 18.3701362746716 18.3779004151745 18.3418015088167 18.3300921405468 18.2997201179056 18.3125740057335 18.2954046406403 18.2987586002197 18.280711445014 18.2859635729847 18.3798497062635 18.3641107744322 18.3711896020784 18.3778877405443 18.4208419801836 18.4228233689632 18.4391281728592 18.5032262932405 18.5496747421961 18.5710054988089 18.5649531096783 18.5469754557333 18.5268552610913 18.6060039860363 18.6041535621634 18.5962402748947 18.6281532275114 18.6087407468214 18.6161775190268 18.6480704529333 18.6410157443962 18.6395493082714 18.6445254577112 18.6540998367443 18.6872596773901 18.626558104433
18.5037049210529 18.4801814255781 18.4976742130871 18.5071355151663 18.4732691142492 18.4734996521149 18.4200000762939 18.3780895114117 18.4179558414545 18.4025851543837 18.3640344685097 18.3369925374575 18.351500767251 18.3634155543366 18.3370164697685 18.278751785491 18.3205995742779 18.3508198044348 18.3739500471258 18.3595889109831 18.3793189186144 18.3168139041348 18.3183584176836 18.2932671441059 18.3560744217424 18.3772517811794 18.4186491450157 18.4619863235216 18.4757119628563 18.5090407765426 18.5870491935797 18.547298372241 18.6101328497286 18.6359412377605 18.6552011925612 18.6575637454796 18.6727477994547 18.5955196683884 18.5966512150803 18.6345615964832 18.6215815877132 18.643354913003 18.6798484177542 18.6445958934174 18.5932880480042 18.5674137083979
18.4603929963303 18.5023558807011 18.5286023309879 18.548648929553 18.4579337052345 18.4609643870811 18.427072194664 18.3908594121971 18.4240234414215 18.4303294207525 18.390300360096 18.341232873806 18.356438400445 18.3777018625565 18.3342360187998 18.2956803184462 18.3242737221346 18.3543298644476 18.3254602766037 18.37889182969 18.382101487443 18.3489718572731 18.3658140453119 18.2935388317041 18.3209005447254 18.3846058120365 18.4120499565191 18.3786320815306 18.4031517492619 18.4367680204868 18.5709740677614 18.5596423259754 18.6237875271625 18.6383560453072 18.6538278553486 18.6690079024935 18.6512421627197 18.5938113862991 18.601851411129 18.6106919115725 18.6204967812147 18.6678980931911 18.6614777274895 18.619862035511 18.5937481864138 18.5866364186926
18.4172697250347 18.4808719034348 18.5375373147745 18.505196039649 18.4268820250578 18.4407041615028 18.4674190949774 18.4392046314583 18.4295027994194 18.4122260650234 18.3850646815891 18.3524050277214 18.3488206849022 18.3865464752674 18.3227099798384 18.3038264813137 18.3367368431435 18.3646194089804 18.4028857812576 18.4448131735058 18.3955196253319 18.3718226556206 18.3787400965548 18.3508079463873 18.3460164710846 18.3819799005547 18.403695272398 18.3856927183561 18.4055879873877 18.4031568803816 18.500089076271 18.4994411879606 18.5389914834432 18.5739263964252 18.6443423473492 18.6653568432493 18.6007514332943 18.5884080390577 18.5885432533998 18.5990995315685 18.5927949565544 18.6532274755459 18.6472977559738 18.6177676776972 18.5818027995777 18.6334409170361
18.4389138013363 18.5085780013285 18.5079710469284 18.473723455925 18.4387990572824 18.4570088245668 18.4857179485845 18.4596304428205 18.4387425441894 18.3795855109768 18.3553850317822 18.3510851879683 18.3624576440764 18.3823893815127 18.3879196814585 18.3500848941736 18.3853653031893 18.4149194837589 18.435449890893 18.4350644767313 18.4142938610907 18.4436295536728 18.4060035666704 18.4120088891049 18.4377661247797 18.4325221351814 18.3870092705746 18.4530793613882 18.4519299285364 18.4135096184597 18.4719631895466 18.4530601090365 18.4977538923264 18.4803562841911 18.5794692567959 18.6530903784647 18.6106238750982 18.5692116918497 18.5797235204039 18.5951491114311 18.5715531579628 18.6310800432186 18.6369510396137 18.6129694202709 18.5667370940056 18.6310795326176
18.5224255653419 18.5255327720575 18.4995392740907 18.40583196595 18.4123162020378 18.3984674881506 18.3927945371885 18.4012890222359 18.3843484754324 18.3396379039374 18.3654599085531 18.3795032187853 18.4084252433453 18.4390866171341 18.387354040185 18.3856435954619 18.4415527938347 18.4176337085695 18.4427542706099 18.4302205693512 18.4238511924429 18.4121581868324 18.4348326395378 18.4618652369823 18.4246527495823 18.4546874436169 18.4593820559521 18.4837870054379 18.4577004774637 18.479503600255 18.4963043461323 18.5109694555368 18.5274842399139 18.5015249529266 18.5191090401497 18.6606467997151 18.6418007458773 18.6415164442644 18.5987109777641 18.5992838317394 18.6324006686897 18.6424846307039 18.6473989113407 18.6247744756393 18.608602254694 18.5989505800972
18.5114484457493 18.4222973745041 18.3688550213766 18.3098946441947 18.3308226337643 18.3443636293545 18.3739606916581 18.3956929270973 18.3808086330328 18.4220565423661 18.4084941035776 18.4009004684315 18.4225228988647 18.4588261702223 18.4334533530675 18.4343403646708 18.4693659307185 18.4654604467984 18.4696701977778 18.4316977239323 18.4459349890871 18.4506751531143 18.4521766310368 18.4414414816113 18.4510840056629 18.5063330637169 18.5371437577171 18.4813504735146 18.4582901560746 18.5105071669255 18.5249996185303 18.5074368200798 18.4820215062142 18.5348358254032 18.5881343436518 18.7018017755947 18.6521737520828 18.6542029909878 18.6127696335116 18.6166210947962 18.6709005826216 18.6818483906804 18.6643653123856 18.6565390213204 18.6345939483757 18.6370503379888
18.5127425928144 18.4134531053667 18.3754439886961 18.3822130156822 18.4094114755964 18.4117477731915 18.4454832754784 18.4273613126774 18.4390067427464 18.4579223940115 18.4428630028343 18.4143926137619 18.4086599121962 18.4638797640076 18.4884526818151 18.4952427681513 18.5148813689299 18.5222977559738 18.4827298934956 18.4191504467583 18.4704212496023 18.4746398749266 18.5097578329687 18.4603696334734 18.4817553814344 18.5236031702213 18.5212320847454 18.4879496620112 18.5308762512264 18.5527354402971 18.5265003478851 18.5195231214857 18.5011556161709 18.5680373824072 18.6178488614168 18.708949123642 18.6709805883703 18.6773613126774 18.647182468318 18.6405724769039 18.6858073744335 18.7263686846495 18.7059514217577 18.7253362631349 18.6779742628651 18.6392028207932
18.5036308575869 18.4368855530405 18.4446310756083 18.4310744831839 18.4808609020987 18.4797399474802 18.4947004131279 18.5109117312718 18.4926086922646 18.4930136001845 18.4999994339619 18.4706245443573 18.4823897629824 18.4756989944353 18.4945285139237 18.5146058213644 18.5421709134083 18.5142028207932 18.4942767419481 18.4452224684229 18.4924528807964 18.4848916583996 18.5435122692242 18.526276544075 18.5204568961058 18.5365476575727 18.5065584726124 18.4933015131283 18.5624781620598 18.539169034009 18.5543466255036 18.5128176712818 18.5311202369471 18.5545027994194 18.6496847016649 18.7056706128321 18.7133216511297 18.7410521481905 18.7093536879883 18.7245253814173 18.7429567435179 18.7272518190756 18.6908211809664 18.7082890870047 18.6851958526087 18.6730420504894
18.501095821435 18.4818479713144 18.515300360096 18.4905798779306 18.5141650333138 18.5330711684179 18.5408409120684 18.5710216312647 18.5424931852713 18.5704972005806 18.536950658144 18.5364433685703 18.542956324152 18.5379836088858 18.5678419402142 18.5595320126638 18.607630324194 18.5516447629471 18.5705141976872 18.5174544066753 18.5243067976666 18.5095901723366 18.5052681918068 18.5754037635107 18.5587104058104 18.5278857812576 18.5093974242935 18.5166552098074 18.555403305747 18.6029384181929 18.6432446185656 18.557440703413 18.5414903069544 18.5780032523699 18.6376435089474 18.7156519060373 18.7166689258661 18.7131579638348 18.7194120126123 18.7504814952145 18.770162645071 18.731495632494 18.6953128374033 18.7728046940174 18.7593065508652 18.7628171790657
18.4854320996256 18.5204253191461 18.5102357812271 18.5187294024353 18.5148210751591 18.468245381505 18.4849523254032 18.5192253445625 18.51673629317 18.5467569332781 18.5501835372315 18.5644745395985 18.5807606291075 18.5707338913794 18.5498853537216 18.5690533278923 18.6112790379419 18.630558166192 18.628976000576 18.5565728431149 18.5825806997233 18.6050234305611 18.5664105520334 18.601500767251 18.5737649272452 18.5657041615028 18.5652888130112 18.5717436230745 18.5896062407303 18.6562760484152 18.606645086997 18.5659809083786 18.5511027230845 18.5931698119965 18.6705784497366 18.7280597258587 18.6981519823313 18.6659584405708 18.6749992370605 18.6881033111381 18.7223502537851 18.702518325325 18.7395749097357 18.8293462440338 18.9290065138645 18.8880195830288
18.492898512557 18.4866865274229 18.4744431491556 18.4676375624371 18.4798479983883 18.4415527938347 18.4876166905661 18.5420913504696 18.556351236454 18.5406459604817 18.5731519823313 18.5992493296452 18.5875870555878 18.6001846816406 18.5794309937773 18.5888505498085 18.6083602103109 18.6177939470148 18.6702709969463 18.6532554919796 18.6547935117826 18.6749992370605 18.6478514232931 18.6167366746397 18.6122817623119 18.6064832878437 18.6340064375706 18.6479209984303 18.6205707869482 18.67523254426 18.5890063612766 18.5832561486855 18.5674812941599 18.6172622047863 18.6984230237226 18.7100022657585 18.6958376746673 18.6493435974607 18.6668933058176 18.6652003504171 18.6802667101526 18.6959005447254 18.7905755247755 18.941512069994 18.978406215045 18.9968637242098
18.4674999642734 18.4649657896175 18.4547678063154 18.5074478208284 18.4746428932428 18.4755681208086 18.4963608592253 18.5612250841169 18.5638509312782 18.586176689352 18.5905024515343 18.5905780210428 18.5888844581547 18.620901345561 18.6039475120077 18.6109105489664 18.6202085246973 18.6534887637367 18.7095316311941 18.7554040686865 18.6636046090794 18.6822046619759 18.7230021463585 18.6713620036345 18.6761637411766 18.6738056946259 18.6607385288801 18.6173791721782 18.5572457293901 18.5566458499365 18.6159490631847 18.6116743002415 18.5855492961092 18.6832384508505 18.6562349665212 18.6491449807634 18.6073913456316 18.6034172140856 18.616231824233 18.6278596002474 18.6238749618769 18.7027026254959 18.8972333032665 19.0115059727163 19.0277645612078 19.0644097433176
18.4028755604678 18.4726472927866 18.5007204737768 18.4974820940409 18.527029173275 18.5481542963705 18.5698189416094 18.5791719658404 18.5739624723835 18.6229744029885 18.6124252313271 18.583637875599 18.61682789989 18.6352350566578 18.6694393380318 18.6906565551272 18.6750224626475 18.6892506912147 18.7367438931285 18.7903580554944 18.7197682650338 18.724307560606 18.7390707760878 18.7476624701653 18.7147513997097 18.6536363263864 18.5862891921653 18.5205718458319 18.5159192959651 18.5185926698188 18.5402319638481 18.5551387636165 18.5791712436618 18.6025262109536 18.559872143177 18.5425551771564 18.5283836494617 18.5306316764983 18.5391159971742 18.553291890357 18.6057275827342 18.7430701132776 18.9235569281474 19.0009700848809 19.0864653021841 19.140356873189
18.4383778639889 18.4583482355337 18.5010274551268 18.5167078044672 18.5534066344109 18.5633257750979 18.5697701675148 18.602954349741 18.5956017664127 18.6647518190756 18.6523342009401 18.6626637395725 18.6836772405577 18.6856943949232 18.7321583820057 18.7280843026686 18.7184111709642 18.8072057940521 18.8422473562603 18.8433541121674 18.777414060359 18.7568223778067 18.7515003857813 18.7651275506926 18.7144932145443 18.5743441762257 18.5373010107613 18.5091641752615 18.4365497090216 18.457362018197 18.4632254542656 18.4670384002313 18.4801509229622 18.4799090217542 18.4871828209343 18.4296534691458 18.4239530667658 18.444688071888 18.4702078346081 18.5036027124577 18.6536023309879 18.8832902314139 18.9800624122944 19.0709316333742 19.1337820373297 19.1995092705746
18.4638569207134 18.4833169399882 18.4978569494829 18.5754037635107 18.5769579495106 18.5875699176016 18.5895277313595 18.5914534575634 18.6284508449831 18.6832549663801 18.6636283030844 18.6768354389572 18.7104321375217 18.7257860855761 18.803261819005 18.7705371380654 18.7705449216376 18.7896652346306 18.8794446362944 18.882159564311 18.8012235631132 18.7300131119032 18.7748422244129 18.8076295233583 18.6618656563482 18.605560123723 18.5104375883722 18.4742493296452 18.4373211772051 18.4070444387875 18.3493414164934 18.3637026460113 18.3544692188997 18.382411261198 18.3629152806558 18.3315317634601 18.3783656814337 18.3757510518246 18.4763488933821 18.5625115027581 18.7106791870118 18.9544110403147 19.0672048908577 19.1385782371721 19.1949320460558 19.2615243435297
18.5199312884731 18.5550512968998 18.5406463120117 18.5915934797792 18.5202081432276 18.5438410495539 18.5813727169704 18.6242834502697 18.7027295504236 18.7162211907663 18.6696709607172 18.7064216646566 18.7239029962597 18.8235769795675 18.874459558774 18.8794903618259 18.8957298018885 18.8874248498573 18.9250260096035 18.9464092062502 18.8392614711199 18.8230475392361 18.8454971626844 18.807837537281 18.6374651909943 18.5335920332718 18.5128176712818 18.4796879004259 18.4502637358446 18.3745177674446 18.3128094150495 18.3033264060516 18.2648387849903 18.259030144001 18.2555284518375 18.2555425271273 18.2943595020714 18.4081402747021 18.5943735563469 18.7704110250559 18.9154949312859 19.0336904902439 19.1210160896149 19.2239029962597 19.2630675145931 19.286894145051
18.4050288317747 18.5279037180223 18.5053693437576 18.5410212881927 18.5649529705543 18.5460912397576 18.5800904441882 18.6500561316233 18.7030032523699 18.6985816172962 18.688134381548 18.7280770994683 18.7530782817736 18.8172386124058 18.874559363699 18.8866339781599 18.8976437378292 18.93850923699 18.985178924841 18.9899299944859 18.9106234557324 18.8766924042769 18.8430136380807 18.7863885923109 18.6412740946332 18.5547840427266 18.555518752861 18.5216520159159 18.4760876585331 18.3718515323247 18.2867001939859 18.2356765848837 18.1911767181911 18.2072058442812 18.1958451607847 18.2179686226216 18.3085709358388 18.5342364381656 18.7029434576339 18.8235118867998 18.9973436544742 19.0902884172077 19.2177609594479 19.2395682818441 19.2397041587238 19.25
