DATA/PredictorVariables/Future/2070/ic.asc
NCOLS 590 
NROWS 274 
XLLCORNER -7.522276026 
YLLCORNER 35.996888128 
CELLSIZE 0.01 
NODATA_value -9999 
[rows 210 to 230 of 274, columns 138 to 183 of 590]
13.3562498092651 -9999 -9999 -9999 -9999 13.5862102508545 13.6900926935801 -9999 -9999 -9999 -9999 13.9754372383156 14.0763456503605 14.0575739295687 14.0582903648305 13.9713310897346 -9999 -9999 -9999 -9999 -9999 -9999 14.2168190014572 14.2512083242483 14.249185398025 14.4246529213691 14.5119162503371 14.5577662056808 14.5637236085129 14.5816454684668 14.6089672507615 14.6463929653492 14.646421648129 14.6390638435759 14.6345737689323 14.5953294987822 14.5602941812201 14.5625867023296 14.4936954249859 14.4929483938312 14.4909933906426 14.4008785728283 14.3388570785604 14.2851717246928 14.2327298934956 14.1689191938419
-9999 -9999 -9999 13.4331953177433 13.5183195779733 13.5686022771659 13.6265026285281 13.6210696170053 13.6273265688004 -9999 -9999 13.8386664994421 13.9045446061582 13.9529046543722 14.0104658679104 14.0523435720835 14.0479213988481 -9999 -9999 -9999 -9999 -9999 14.1285745768471 14.1499983499637 14.2074299033918 14.4302056498995 14.4833813137441 14.4657430726008 14.5088916935167 14.5420901847 14.5538412837095 14.5613013301573 14.5756822375522 14.5732057838912 14.5734425994801 14.5577248077755 14.5517905509014 14.5336727093482 14.457043675848 14.4391273909717 14.4391920154657 14.3785641813669 14.3656604178562 14.2881703677769 14.2272652119775 14.1712049824104
-9999 -9999 13.1954784788723 13.3062480020418 13.4103708311648 13.4569690079422 13.5152342740569 13.5495540925803 13.5754376197853 -9999 13.6542145367832 13.7077383863664 13.7685502721238 13.813632249752 13.8612664219494 13.9528995232525 14.0191083400612 13.9992795262232 -9999 -9999 13.9210500717163 14.0349898050241 14.053844071919 14.1079888605485 14.2273944646993 14.348445942173 14.4259823648958 14.4261938106761 14.4496243437223 14.4748041665902 14.4569732376528 14.493695991024 14.509181667902 14.4945961031003 14.4812305635285 14.4705711684179 14.4794459943638 14.4734065698729 14.4149989858885 14.4012663838024 14.3768938705516 14.3281602081733 14.2960800433478 14.2452122867966 14.2143119346185 14.1969752524447
-9999 -9999 13.0420966968293 13.1364552372455 13.1961907004161 13.2804109229612 13.3598161159577 13.3949777014455 13.4380237111883 13.545287773458 13.5591924106717 13.6108149997949 13.6747979870701 13.6954259025974 13.7659127028656 13.8176767707715 13.9155335593381 13.9787075449791 14.0331791252189 14.0340276205287 13.946529659473 13.9690711002116 13.9884529146318 14.1605686055541 14.2300280309391 14.2906333444891 14.3541549261293 14.403002801723 14.3946886630406 14.410880519432 14.4198231856322 14.4213214650044 14.3955196253319 14.4633947215671 14.4463675502377 14.4237586002197 14.4123157513952 14.4054367062364 14.3801470531959 14.316720458518 14.3198985054259 14.2683850027399 14.2593934841576 14.2250568945627 14.2116396563001 14.1653007605138
-9999 -9999 12.9140287291445 12.9511785297222 13.0200113209777 13.0985336189527 13.1806346054072 13.2352915040402 13.298805714911 13.4135798035516 13.4638161684532 13.5105558064585 13.5732098622937 13.6381868565359 13.7073909452138 13.733262768167 13.8293882839966 13.8861889917269 13.9626453876104 14.0404248232355 14.0602483906074 13.9987332347279 14.0182998808623 14.1374242254228 14.197748980052 14.2333499961362 14.2604108968963 14.3211508802528 14.3096886248936 14.2971713216467 14.3564747482281 14.3768391107755 14.4022844187293 14.427325805861 14.4815958306685 14.4650930939979 14.3650433166885 14.3800000761647 14.3551029136706 14.3291557586846 14.3388447949877 14.2875273883219 14.2657049244423 14.2606454312892 14.2121147334719 14.1705120288172
-9999 12.6614903625922 12.7005870742883 12.7904582085333 12.8881642181024 12.935237122374 13.0103270218334 13.1069356301031 13.1731642813639 13.268592723721 13.3560862749576 13.4208149336171 13.4704396959171 13.560508824914 13.6349894046063 13.6579596844077 13.7361147063145 13.8073793507514 13.9145483662038 14.0036022869325 14.0403505834408 14.0703097730956 14.077429556231 14.0894176463771 14.1208100216618 14.1606643513598 14.1775179249072 14.2078514125524 14.2436024835758 14.2984329798942 14.310064872324 14.346213540628 14.3538106615067 14.398499232749 14.4802317160182 14.4178979214044 14.3870557380095 14.4170039319415 14.4109288424425 14.376084024611 14.3719723414259 14.3364300851359 14.2879159607525 14.2159180321584 14.2193242749963 14.1808216145253
-9999 12.5711791971687 12.5831112218165 12.6465125249734 12.7319867812852 12.8161013699722 12.8940369095911 12.9770169895915 13.0528873260106 13.1401232590741 13.2511549320749 13.3370958364858 13.3924543493571 13.4737879086322 13.5493237317971 13.5774031143455 13.6262944181852 13.7277641957063 13.8380185887513 13.9509008375682 13.989147668065 14.0098340259848 14.0501538376946 14.0857977324633 14.1181524101553 14.1335914610672 14.1768450925341 14.2242830498519 14.2614411764355 14.2831091978182 14.2790990548568 14.3068137747526 14.3592549625988 14.3923870933051 14.4137599539871 14.3953011385397 14.3824339965944 14.3902654567652 14.395496399745 14.3963970778594 14.3716228105616 14.3133065485749 14.2679786655726 14.2234503101773 14.2158362062083 14.1634939243179
12.3763574622273 12.4335455508661 12.540122993 12.5861578514671 12.6416595418992 12.7599081478948 12.8062698977909 12.871375835897 12.9607699077635 13.0520332767181 13.1478131229443 13.2200721659865 13.3230752086735 13.3969969573131 13.4670341932964 13.529319490819 13.581865904429 13.6867551928692 13.7783129415846 13.880196039649 13.9495155487122 14.013267650373 14.0370838485127 14.0649537524419 14.0734343719025 14.1371883808422 14.204480443665 14.23987196175 14.2647573452654 14.2472743090773 14.2786023309879 14.3066644365993 14.3779212836905 14.3958337218332 14.3488445935121 14.3337180832777 14.383597895566 14.3661888236346 14.3795032187853 14.3756769282064 14.3254161704354 14.2656805290837 14.2525988787584 14.2240252297692 14.2480419742231 14.2555201591311
12.2605685015197 12.3899089845619 12.4624653952918 12.4950957505417 12.5871816976061 12.7063131193814 12.7798784019914 12.8471543324823 12.8877139446535 12.9700924265513 13.0636410815759 13.126425890686 13.2431549837599 13.3609508217215 13.4425100617185 13.5181110567198 13.5594852310481 13.6402654567652 13.70192242382 13.8486062973375 13.9189715888114 13.9857147440338 14.048164160625 14.0546527059064 14.0696028930316 14.1459617086015 14.1869364294658 14.2386975730181 14.2527415453038 14.265765629992 14.3019045307617 14.3758419238367 14.3929944616337 14.3915059153705 14.335091225121 14.3357554354921 14.3956823776755 14.3648955013719 14.3920738916249 14.3572536465521 14.3091780371461 14.281565365068 14.2656866499143 14.2369475592146 14.2554985521755 14.3658523597722
12.2119218708143 12.3033840498795 12.3806012829671 12.4245562020388 12.5020333582239 12.6238449939299 12.7290813714323 12.7559291094713 12.8454969908977 12.9262286380353 13.0377699603906 13.0832249700556 13.1983098607082 13.2591210016317 13.3891918247309 13.4560740213246 13.5558541826816 13.6130671141753 13.645496399745 13.8023649029899 13.9132167607546 13.9523306697316 14.0206806999159 14.0391277724414 14.0574395892515 14.1421242220287 14.17834840345 14.2301151611371 14.2654809761157 14.3156765085897 14.3372334937506 14.3870250453472 14.3804237856207 14.3758429561925 14.4109353934846 14.4027018687229 14.3994634449244 14.3718574813685 14.3639256734996 14.3696318887029 14.3220986122031 14.3253760553541 14.3843074080181 14.3086294642544 14.3382860592866 14.4221405904875
12.1576690443115 12.1976144662399 12.2819180348415 12.35885449721 12.4584711636629 12.5857732217092 12.6828875985684 12.7404966667738 12.8242487574406 12.9223611635957 13.0015720473328 13.0257335830498 13.1232103251996 13.2509867542539 13.338049341856 13.4218014325228 13.5477485813422 13.5951084370933 13.6277020343432 13.7844443493185 13.9030774109421 13.9185683153916 14.0284071876674 14.0337677942972 14.0999156333156 14.1721292017088 14.1674685927114 14.2168273276854 14.2807491848126 14.3057267818985 14.3571016971259 14.3689683567653 14.3924309109225 14.4265737801466 14.4569790500126 14.4462476423044 14.4167208399878 14.3929565338349 14.4012010953054 14.3999996185303 14.3756995666399 14.3696304844556 14.4218658852301 14.3712991560082 14.3828074557185 14.4783348447747
12.1470603942871 12.1691981691866 12.229135114037 12.2981624828653 12.4516579327373 12.5253408801179 12.6226390498442 12.7091923014426 12.8080715688357 12.8788341484146 12.9689966051164 13.0041580188174 13.0675521602235 13.2130906262946 13.3284190034394 13.4215935752721 13.5350685677395 13.5888271073432 13.6481404601359 13.7402319481702 13.8769186366062 13.9636672033119 14.0546609754243 14.1052598373714 14.1284785144205 14.1850946872563 14.1751963101659 14.2903632971773 14.3446801048231 14.3581063127127 14.3849225161262 14.4322705563779 14.4731177652593 14.4846423449235 14.4442021722946 14.4437297873931 14.4300873963165 14.4365245342646 14.4097913261585 14.4090062278876 14.4355757303629 14.4367969593482 14.406484397882 14.3904286365357 14.410405205905 14.4343099217434
-9999 12.1955311059537 12.210624256568 12.2725222877693 12.3836311438146 12.4615706812325 12.5573419308438 12.6562693255863 12.7382229851589 12.8669536231613 12.9365132067094 12.9830669997344 13.0695800579843 13.2083379142899 13.3174937574758 13.3930880063357 13.5245261789827 13.5929775394449 13.6820937440038 13.7227141191177 13.8726734311996 13.9469969762611 14.0078051325822 14.1290757809424 14.0756767374716 14.2144103155222 14.2898386493025 14.3402662197046 14.3588913719263 14.410911349802 14.4731430211868 14.5085778295417 14.4695541319885 14.4528525849867 14.4841966942888 14.5210657028589 14.4832050852819 14.4834795171237 14.443171191597 14.4712553317623 14.4677285335617 14.4304666829357 14.4459610988226 14.4389683834424 14.3846427453413 14.3674370835876
-9999 12.2153115596747 12.2515012399559 12.2897645305166 12.3914290057416 12.4752145995908 12.5651177728887 12.641219021554 12.6989709715939 12.8253905263333 12.9172966940947 12.9771770314546 13.0332689643369 13.1913694473381 13.2885844060807 13.4367487763886 13.5243227306256 13.5944013221869 13.676165590723 13.7416284296546 13.9007202640939 13.9408358057904 14.0448919062295 14.0502666674113 14.070597681499 14.2675905427608 14.3327074581299 14.3399361892424 14.4389784258304 14.48705307973 14.5081357660461 14.5498499556856 14.5302043527112 14.5432540998101 14.590291531733 14.5808996092553 14.5455414520841 14.5686238227263 14.5497165142407 14.5635560592251 14.5320434851131 14.4539501426187 14.4782852341571 14.4211454114532 14.3298441122379 14.3438059496884
-9999 12.25 12.3156271887913 12.3230250335322 12.4263025442419 12.4834814470105 12.5588450620165 12.6605067854557 12.7647186357727 12.8451552966094 12.9430343165865 13.0344150804362 13.0745367064633 13.1946830035062 13.3057450000353 13.4338755206175 13.5182532922726 13.594146389523 13.7171940972309 13.8334363757277 13.9107858603001 13.9759008877974 14.0387171479769 14.0454024130287 14.142076583211 14.2227988314848 14.3384414428864 14.4585908393397 14.4974011212416 14.5194910987921 14.5790687472491 14.5837777721195 14.6239417559815 14.6454101088767 14.6673156671491 14.6539014906082 14.6888572882433 14.6816988737092 14.6334468436437 14.5490348881264 14.4931493647928 14.4018890195742 14.4182864526281 14.3960268789725 14.2907543658996 14.331981838222
-9999 -9999 12.3757743161783 12.372863306448 12.457855603447 12.5222452235885 12.5996336119242 12.7091786093507 12.776831415391 12.8861768800869 12.9792053751988 13.0706894331207 13.1138815029836 13.220322789506 13.2915122796769 13.4394171332464 13.5499450052128 13.6060041578231 13.7375218568883 13.8413918760886 13.9413694473381 13.9857638478112 14.004692529337 14.1224480223041 14.1848143650098 14.2947337153797 14.4079222032766 14.5223137665157 14.5356508000999 14.6111007234049 14.665759787499 14.7008951652594 14.7175161323242 14.7155712091155 14.7979390054679 14.7926587059264 14.717911626831 14.6926477345328 14.6171019260077 14.5795031998372 14.4921869291449 14.4590138118486 14.4135834512315 14.3887372073235 14.2859432503185 14.3382508421416
-9999 -9999 12.4130350135365 12.4610403241615 12.4916102354875 12.563660582489 12.6536612447238 12.7311885949955 12.832432479022 12.9203625756555 13.0143417095914 13.0472120802522 13.1371278917294 13.241801127347 13.3783025405746 13.4631778892221 13.5786025217228 13.648942328186 13.7674133392611 13.9149194837589 13.9508075459695 14.034062660737 14.1419414409623 14.1836593589397 14.2940846149974 14.3893669606867 14.4458485785513 14.551824481317 14.6672051005406 14.70503420646 14.6985813283582 14.7627469217615 14.8329692535276 14.8524056378222 14.8348621510181 14.7978988150501 14.6732735013881 14.6570928575435 14.6305120669642 14.5963976690121 14.5415288363371 14.4753903166504 14.4149656029339 14.3653572546587 14.3612463166471 14.3368658470831
-9999 12.4726738126693 12.4641019111529 12.5110865530739 12.5467996780868 12.6466368383093 12.7126091310802 12.813107640666 12.881070429626 12.9549655647869 13.0272513997097 13.0758681358538 13.1778217474008 13.2605069951387 13.4386297506061 13.5199015905271 13.6045742881374 13.7316403678022 13.8454686739817 13.9137411918054 14.005629109375 14.1443858741965 14.2294295931802 14.2751010196791 14.3903851914463 14.4598052256842 14.5485324334827 14.5945871834297 14.7076211299872 14.7112798095641 14.7785679720688 14.8657045240245 14.8778291628857 14.8357732217092 14.7941146268339 14.76636942839 14.7072335510964 14.7088639664121 14.6477602927103 14.5775988598104 14.5359995303249 14.4923258533158 14.446094951756 14.4028794625687 14.3948042428841 14.3213043271842
-9999 12.5122813808422 12.5566802312918 12.6071794669094 12.6719980401187 12.6986957790494 12.785412480978 12.8244973346267 12.9167392672892 12.9942171645966 13.0454225008526 13.0892332682581 13.2216159188395 13.323041058919 13.4779448718782 13.5814427220507 13.6582107935281 13.7881742100449 13.8487293262873 13.9635052665491 14.0616471562677 14.2128116487799 14.2967243298679 14.406829406116 14.4566800445562 14.5910686535025 14.5958883100405 14.7036954631329 14.7489745540018 14.804345843616 14.836996655581 14.8940712909465 14.8262740027013 14.8015014306908 14.8229564086533 14.7639663586631 14.7283290940051 14.6685041578231 14.6463695428309 14.5633073478932 14.5417283289595 14.5015077166362 14.4424024348211 14.3694618221049 14.3570645093017 14.3489194990177
-9999 12.573911922101 12.6283017420101 12.6607203583937 12.7074452898932 12.7339235294991 12.8535572688198 12.8997010407691 12.956766978188 13.0384341723728 13.0884186662831 13.1760511219168 13.2515005575681 13.4002082576685 13.5081914794269 13.6112386712446 13.7122864368162 13.8193278173003 13.9002388920107 14.1072457483382 14.2014409286056 14.3242645948544 14.3802232622046 14.4036023309879 14.5627038804975 14.6159802474279 14.6614632942753 14.6951676157351 14.7909628676491 14.8956513514252 14.8876331150293 14.8980952785034 14.8809965228591 14.8499143858643 14.8054040876346 14.7665987372861 14.74540545856 14.6959815175247 14.6436493546987 14.5585686587143 14.5210561654587 14.4499351847711 14.4334470343785 14.4143101823006 14.3657683693137 14.3402765558901
12.5666704177856 12.6000003814697 12.6370250453472 12.6842098236084 12.7195211952586 12.7473531511788 12.8292301146765 12.9461736365709 12.9633694070988 13.0647170562506 13.1145329429092 13.2103288400063 13.2606900084343 13.4345108534746 13.5278394466968 13.6009109290376 13.7526498111606 13.8828902544599 13.9471525128756 14.0836309530797 14.2010776910253 14.3451175058599 14.3538669185181 14.44305695502 14.5669670816526 14.6417000419831 14.7149353135858 14.7917097245278 14.8414780326653 14.8751648213272 14.8998162720337 14.8746027685833 14.8657683693137 14.838244915534 14.8313508549843 14.8012863583951 14.7543198722887 14.6951078648887 14.6460561654587 14.6048473782749 14.5634535057845 14.4709931046658 14.4145497086892 14.3987695934606 14.381186789649 14.3214763461256
