DATA/PredictorVariables/Future/2070/ic.asc
NCOLS 590 
NROWS 274 
XLLCORNER -7.522276026 
YLLCORNER 35.996888128 
CELLSIZE 0.01 
NODATA_value -9999 
[rows 126 to 146 of 274, columns 46 to 91 of 590]
16.2538880517969 16.395496399745 16.5640007365303 16.7153813689003 16.8773257869129 16.9538269356336 17.0551476515617 17.0387669130268 17.054911651968 17.0816332445555 17.0472578635435 17.0038547191295 16.9674943296804 16.9529789710655 16.8781074194679 16.8487234559249 16.7888591692152 16.7353678904982 16.7428285824738 16.6360668161231 16.5609698943968 16.5600703333473 16.5357396256599 16.4369961438189 16.4072389004536 16.3211725261211 16.213063970952 16.1348796568489 16.0647208539448 15.9122487034569 15.8228454311929 15.6725160560304 15.5468089012094 15.4514074254232 15.3881060456839 15.3659620324154 15.3496153969117 15.3134817019616 15.3180957223693 15.3422106531864 15.3775973551136 15.4799640675937 15.5480904275261 15.6483360322519 15.7262237586804 15.7843070265484
16.171941373208 16.3677550641241 16.5185256400433 16.6957959501285 16.840242548501 16.9125305919456 16.9794692188997 17.0534238488035 17.066457216836 17.0688516694202 17.0347262176952 16.9733833254118 16.937833754674 16.9383250575581 16.8723970817995 16.8047209798632 16.755302535224 16.7339700797634 16.7290294614067 16.6809561144466 16.6247112328816 16.5742404513054 16.5277018246603 16.5022468068352 16.4319540439253 16.3389134198666 16.2395562081204 16.1702670226822 16.100402931468 15.982770983346 15.8249519907041 15.7879097390061 15.6475164375 15.5272931129437 15.4439913916173 15.4074436378355 15.4153106461263 15.4023086946902 15.4066895841236 15.4208989999724 15.5174567686549 15.5864765137563 15.6452135051384 15.7579328055363 15.7742004987273 15.8319529955697
16.088363220849 16.3189083583021 16.4682636887722 16.6257584042854 16.789211858839 16.8251495936718 16.9065010724268 16.9382913386927 17.0105322503328 17.0357730309744 17.0282683618059 16.985034624135 16.9530776016769 16.8954131102037 16.8468140865736 16.7981575670347 16.7522581597013 16.7157032694321 16.6875235151396 16.6788274738789 16.6508070415869 16.6141811713238 16.5576410133448 16.545491731781 16.5090805372668 16.446764622736 16.3500142437659 16.243713990119 16.172056542366 16.061580071393 15.9112284086919 15.8639969094782 15.7703476293378 15.6605824487334 15.5561707155447 15.4956551447578 15.4804426376734 15.4821344774471 15.5378346228228 15.5677243710447 15.6493773298245 15.67331646134 15.7219566528382 15.7781339240351 15.8508415442643 15.8571708453217
16.0752151528473 16.2382632111702 16.4139952065277 16.5733528351383 16.7388398537798 16.8379156621256 16.8981702379112 16.8913269356337 16.9720739871178 16.9762719455452 16.9776979524078 16.9611976954555 16.9050455595646 16.8346164014654 16.7874715251951 16.7575956999054 16.6989038699455 16.6824329948311 16.6725301179609 16.670093017704 16.6616053794947 16.6391296386719 16.6374021873779 16.6191209312611 16.5918494775381 16.5585904389219 16.4680200725794 16.4076203864699 16.2378782300282 16.1352107756929 16.0702645171518 15.9621588642464 15.8823078637905 15.7886937468438 15.7010596145015 15.6334525939241 15.5906038526831 15.6198143339839 15.6381689157419 15.7352829626975 15.7598639972019 15.7558333218985 15.7719479162736 15.7977485813422 15.7831169590306 15.8611490876698
16.0666691505604 16.1857397111854 16.3390721334457 16.4805618442736 16.6270046109505 16.7201676851492 16.796895956582 16.8367226132755 16.8916884227514 16.8794368585767 16.8372474956531 16.8176914004058 16.7660751289901 16.7069943218231 16.6861293565979 16.6624744290209 16.6440482435408 16.6084722280836 16.6512607240429 16.6212478330393 16.6160050131159 16.6422891412239 16.6452081432276 16.6406681229401 16.640180980361 16.6188141640253 16.5698471378832 16.5291669556503 16.4114803386383 16.2592605484543 16.1456111437988 16.0614629128056 15.9908385163245 15.8896900868702 15.8396194779077 15.8041358417769 15.755062984499 15.770743569974 15.7721126550412 15.8314075398641 15.8107348954215 15.8162116655846 15.8094115751162 15.8015001455236 15.7585281784015 15.8478628320351
16.0112959934578 16.1178294207525 16.268923242032 16.4131885632362 16.5086377965536 16.5698271540994 16.6092555724077 16.6367807990779 16.6457674983291 16.6821123124532 16.6189297499713 16.6180302951164 16.5993747026786 16.5446884533577 16.5708131067409 16.5635538775558 16.5807059804058 16.5492485352039 16.5865660448179 16.6100239956446 16.6312691402369 16.6603805548315 16.6892541419125 16.6839955115738 16.6687629517479 16.6414373868466 16.6198660361166 16.5829223940115 16.5176108661604 16.4044184776755 16.2384344683171 16.1422392391043 16.1021928850546 15.9916833224778 15.9114618929315 15.89847423383 15.8422052912755 15.8581872242885 15.8568452259231 15.8836311438146 15.851684693532 15.8587824590316 15.8489139987164 15.8592360490122 15.8324377458224 15.8147712840691
15.9590977412772 16.1014875667181 16.2328876311865 16.3105507719173 16.3418741085186 16.3661349460048 16.3899265131626 16.402108287692 16.4184223587732 16.4572742314128 16.4050049747019 16.3824498900804 16.4084489354419 16.4405952677183 16.4726369154691 16.5159498486528 16.5275412200022 16.5205216712713 16.5880366240206 16.6372690383892 16.667136713995 16.6791134743395 16.691183292347 16.7347233687706 16.7422796974268 16.7047001622334 16.6684672388029 16.6054041065827 16.5826091766357 16.4786924864321 16.3568637685232 16.2853844949675 16.2036359271136 16.0753804006539 15.9990846168943 15.9567504449864 15.8898951167779 15.909779233048 15.9081743464389 15.8994791062794 15.9288720340567 15.8911313843918 15.9080197070584 15.8430472151122 15.8072154862514 15.8413617283984
15.9733823717375 16.0877464931078 16.1444502294502 16.181160579318 16.1727061716089 16.1972289782562 16.2254173670253 16.2470306701784 16.281292686881 16.2626857646627 16.2682452423362 16.2114625745411 16.2373917899761 16.2730716650323 16.3539812558869 16.4360819104614 16.4682530848608 16.5235421937723 16.5885928676748 16.6410496940527 16.6712012808285 16.6861490687218 16.746997166996 16.7678484799471 16.7307445806694 16.7213900782451 16.7009012692671 16.6318005169954 16.5887447134533 16.5340416191626 16.4529778166991 16.3595948032418 16.3013465353051 16.2085784206944 16.0919498889762 16.0146058213644 15.9739579321438 15.9832557672158 16.0063045750141 15.9809556227732 16.0028525992961 15.9684067680507 15.9266021117836 15.9176907043601 15.942104791721 16.012255094413
15.9859003347917 16.076128470046 16.084823909626 16.1187099924917 16.1268472232275 16.1305990402203 16.173852185008 16.1784528465452 16.18483388694 16.1696264480658 16.1984108697758 16.1952522103891 16.2094284143858 16.2137232270431 16.2236007606125 16.3558769407854 16.451143154192 16.4992834502697 16.5851696752176 16.6383258204975 16.6492485667057 16.6818016614046 16.7281455913477 16.7769878501444 16.6927953380241 16.6966646635723 16.7014298507376 16.6380485789165 16.6219808816223 16.5666670648794 16.4958902857113 16.4369334051218 16.3736384196491 16.261378032527 16.1880414401379 16.0730416690197 16.059004653575 16.0308886142616 16.048208876894 16.0674506974859 16.0479408951225 16.0288854652214 16.031518055152 16.0556980571308 16.1278042173796 16.2391341716138
15.9911076240954 16.0402438203335 16.0255149804478 16.049006861517 16.0914603805666 16.1233231548195 16.1481990428476 16.1344597876558 16.1333293914795 16.1588191986084 16.168420791626 16.111504306345 16.1932667626362 16.173152363801 16.1977310386486 16.2752008079052 16.4210825374899 16.4998739067917 16.5973749265613 16.6034187937565 16.6429784937859 16.6781118578062 16.6932231995382 16.6569978749771 16.6659189328804 16.676710575839 16.6849679920225 16.6255526651373 16.6415642254 16.5802728976669 16.5235113031549 16.4704971626844 16.442788178956 16.334583875886 16.2691090401497 16.1604138440457 16.122191608861 16.0894499426594 16.1158358247385 16.1487941651478 16.1112889825316 16.148612258935 16.1791800489102 16.1991346379671 16.3043347674561 16.5263764865618
15.9698238637509 15.9620772531695 15.9872855463076 16.0247735498276 16.1058909598503 16.0688128432875 16.1222004178123 16.128237151741 -9999 -9999 -9999 16.0527284779396 16.1871527918577 16.1811054087105 16.1489156503105 16.2438439394846 16.3743266264362 16.4167943025541 16.5339716747456 16.5946629660559 16.6265967517004 16.6271834148712 16.6376280839968 16.6594604576588 16.6870704349995 16.657852003705 16.6742061070652 16.6067328596411 16.6196645121298 16.5338378767653 16.5034939817953 16.4494008834858 16.4614903815403 16.3776092699938 16.3314205725155 16.2635381450586 16.1971041296177 16.1555540790415 16.1656116015625 16.2100904432335 16.1925980893726 16.2438386577425 16.3047994496861 16.3122163825798 16.4747896377068 16.6640045678759
15.8304866051869 15.8951609899888 15.9334998616819 15.9664897140937 16.0276142508221 16.0166913256516 16.0758198330536 16.0910961524944 -9999 -9999 -9999 16.0295028373156 16.1737078771743 16.1304099205179 16.0947538786874 16.1615651502132 16.2522654532547 16.3347068814726 16.4556511704597 16.5540912047005 16.6062271325283 16.6358016468973 16.6215555763092 16.646535709795 16.6604270697927 16.6609530635252 16.626993925848 16.5853134719105 16.5980368568077 16.518433932435 16.4512413997803 16.4485564075537 16.4006932935686 16.3564216267605 16.3174332677059 16.3014434533224 16.2647482764988 16.1985739185791 16.232315776123 16.2756427882538 16.2405239080048 16.301533842783 16.3802197685156 16.4267806398268 16.6107454387217 16.7360739260826
15.7154299105653 15.7926672272048 15.8548953503141 15.8853347843175 15.9341634903397 15.9438658078828 15.9842935165114 15.9902998873911 -9999 -9999 -9999 16.0157743276467 16.0093137505035 16.0021036406455 15.9701669032616 16.0392323388886 16.1077549893284 16.2197940488185 16.3167400149431 16.4504580559454 16.5550130188141 16.5811270085973 16.6164427038021 16.6002861645937 16.6409400811186 16.6035110096702 16.5987879086323 16.5317026109886 16.5123782445907 16.4779665147447 16.3993997390766 16.4505993588152 16.4025137106581 16.3600650630588 16.304356919776 16.2552448327093 16.2489156882067 16.2293996627827 16.2167977238941 16.2759456166677 16.2735746815186 16.3490021601496 16.3918596752119 16.4864101241207 16.6164895063124 16.6954972005806
15.5780856199727 15.6485208038888 15.7437397732672 15.7574221988911 15.7706098768148 15.8130449490099 15.837547515109 15.908565454266 -9999 -9999 -9999 15.8086622066631 15.8501627260842 15.817584825562 15.8129823096461 15.8717192824497 15.9230611607852 16.0164053117351 16.1507709695339 16.2763711784277 16.3883004918193 16.4267363406105 16.5181298745117 16.4551257036114 16.5388169313926 16.5346612995481 16.5179223465567 16.4946943474169 16.4563936538668 16.3964448168611 16.3951511362104 16.4084999482336 16.3733704652958 16.3255434309263 16.3479981471214 16.2434354786997 16.2244743870106 16.2290705472059 16.2305314807339 16.2663273063297 16.3040994552746 16.3623836909037 16.4268487592545 16.4957888427477 16.6065342653799 16.6892602888146
15.4638467278256 15.484159546792 15.487233948339 15.5281004655218 15.5832130141387 15.5909140739059 15.6257433878913 15.6676992688422 -9999 -9999 -9999 15.5074504967651 15.5352962603664 15.50650301865 15.5580509973111 15.5337840771532 15.6584427182088 15.7855983636999 15.9280762318334 16.0561914889488 16.199827598444 16.2686003641453 16.3565524802942 16.3948393636742 16.41397432551 16.4535797654047 16.4538230809879 16.409177718894 16.352052073226 16.3388900756836 16.3826385035725 16.3429451916037 16.2560949382086 16.2908024723272 16.2893862140264 16.3096354640226 16.2511934075556 16.2350461273823 16.2083236592569 16.2702697650042 16.2929219650869 16.3641463455963 16.4322142963867 16.5549606636352 16.6627946513786 16.7566607160692
15.2800234473581 15.2513644248752 15.2280488888115 15.2340661798567 15.2664616711277 15.2116588096074 15.2777225606169 15.2389185797509 -9999 -9999 -9999 15.0829144029797 15.0243912593893 14.9856692736758 15.1861575192245 15.2275077072443 15.3036401177916 15.4611805754589 15.6337153128671 15.8092520437288 15.9746858593926 16.1105308532715 16.1777801513672 16.2533302307129 16.25 16.3333301544189 16.3086891174316 16.3181800842285 16.2399997711182 -9999 16.3571395874023 16.2639731432047 -9999 16.2046453653002 16.1420341922006 16.1531596888761 16.1990205253076 16.2039831168709 16.2217139316807 16.2299124510956 16.2544735586996 16.3367485667057 16.3806292494736 16.474285913763 16.6155886545095 16.7557509076948
15.0818023732223 15.0443936862716 14.9774891230978 14.9615448440537 14.8680328314399 14.8290053312634 14.7845949202484 14.6444654997243 -9999 -9999 -9999 14.4209053420881 14.4113077623171 14.4480642307452 14.4985725542191 14.8403648997448 14.9333295822144 15.0608259833292 15.2476448452353 15.4901856539383 15.5749998092651 -9999 -9999 -9999 -9999 -9999 -9999 -9999 -9999 -9999 16.0370407104492 16.0803496911192 16.077886944541 16.0954275841312 16.0599842562809 16.0611427117567 16.1253987137852 16.1512203247795 16.1745284498195 16.1785691478338 16.2288961300344 16.3261247295036 16.3887979128733 16.4440866754742 16.54099279949 16.6699782736501
14.8553832764873 14.7538379321403 14.6831008583002 14.5983847327818 14.4831436990985 14.3662679232544 14.2475238809003 14.1592414291362 -9999 -9999 -9999 13.7913001124229 13.818757131391 13.8858351377973 13.9161209616312 13.9624065235166 -9999 14.7600002288818 14.9499998092651 -9999 -9999 -9999 -9999 -9999 -9999 15.6791696548462 15.8918090941939 15.9503076088772 15.9292578938827 15.9565643305654 16.014434084887 15.9752850529485 15.9864901718573 16.0073911359486 16.0129280833392 16.0084316149893 16.040263553627 16.0837474515696 16.0782915088873 16.1522257960062 16.2260586254883 16.2808066694031 16.3648550970335 16.41599279949 16.4843880169678 16.5335920332718
14.5996132374767 14.5683197687082 -9999 14.2203712507814 14.0858962344711 14.076189994812 13.8280077554165 13.7339845302827 -9999 -9999 -9999 -9999 13.4300003051758 13.4355665466898 13.5422822865837 13.7368262303827 -9999 -9999 -9999 -9999 -9999 -9999 -9999 -9999 15.5322935030654 15.6331713381136 15.6923313370598 15.8075283591249 15.8101472635787 15.8189297310231 15.8719940263499 15.8778997139872 15.9114903625922 15.9363224890069 15.9522501500911 15.9456356510648 16.0273203553209 16.053092982696 16.0262282376175 16.1328392989864 16.1432920429449 16.2135174189052 16.2810163775415 16.3605894937429 16.4086774048366 16.5249127258081
14.3868000685906 14.4234440781426 -9999 14.039999961853 13.8699998855591 -9999 13.3914564994378 13.4714298248291 -9999 -9999 -9999 -9999 -9999 13.2138161684532 13.2735638005819 13.4368515259032 -9999 -9999 -9999 -9999 -9999 -9999 14.9240456349907 15.0576691906242 15.2625886364569 15.3864975718851 15.4483560761127 15.5614560501194 15.5731067780418 15.6089430907564 15.6574150710101 15.7298101313004 15.8192283864369 15.8520544885201 15.8991089644189 15.9110929593887 15.9667370980973 15.9988707881923 16.0308926486015 16.0718836962891 16.0889192701359 16.1573624375629 16.2604165749645 16.2836769221392 16.3649843254394 16.4468824857998
14.1003533459949 14.044862051043 13.8000001907349 -9999 -9999 -9999 13.2615404129028 -9999 -9999 -9999 -9999 -9999 -9999 13.125 13.1592111604385 13.1999998092651 -9999 -9999 -9999 14.0014241154999 14.2053787463507 14.436260947031 14.717150417077 14.8878203815894 15.0486623654174 15.1740382252116 15.299176562983 15.3833219209609 15.4211896210265 15.4840231402011 15.4909933906426 15.5785557217221 15.6611566079182 15.7342548667073 15.8294336429104 15.868019159441 15.9061736743512 16.0120157848468 16.0151112667351 16.0351395894308 16.0778750913258 16.1074937193289 16.1549572388735 16.2213067127323 16.2414163400802 16.2801166597166
