DATA/PredictorVariables/Future/2070/ic.asc
NCOLS 590 
NROWS 274 
XLLCORNER -7.522276026 
YLLCORNER 35.996888128 
CELLSIZE 0.01 
NODATA_value -9999 
[rows 63 to 83 of 274, columns 322 to 367 of 590]
19.3010969658441 19.3537185410414 19.3469975484657 19.371663412322 19.4156186038551 19.4413688372374 19.3998480746822 19.4021773939762 19.4965815877132 19.4611447632055 19.4264260814209 19.3686495643816 19.2992002369948 19.2918462061377 19.2190399307385 19.1960152887793 19.1714875318337 19.1330239858952 19.1800221078196 19.3726097603798 19.551155196805 19.5103937971659 19.3543635859957 19.3309516525488 19.3187635075999 19.3094930140124 19.3627938316689 19.3410466960678 19.3020192748156 19.3011293958578 19.2819346498709 19.3795032187853 19.4693994339008 19.4834131613331 19.5140011487207 19.5690062470865 19.6540998367443 19.6583364376068 19.6269813887796 19.668995632494 19.6734418325634 19.6892020578537 19.7119343702364 19.7166585922937 19.73059942169 19.7480741300402
19.2854329004612 19.334804605155 19.3318297686377 19.3348389848022 19.3849892328195 19.4245397233963 19.3825344062004 19.4453171680298 19.4939960518598 19.4271146371536 19.3868945265207 19.3624992370605 19.3837812567835 19.4005599943447 19.3112564380245 19.3138856562071 19.3063385370035 19.3137134717493 19.3415871372938 19.4476531152153 19.5694123940821 19.4530223404312 19.3935376493988 19.3633526437083 19.4251834164925 19.4426381006823 19.4523087136383 19.4618475135508 19.430253851244 19.3598147275315 19.3157033043499 19.4142606702843 19.4746021963787 19.4546867181206 19.5287866311588 19.6146838616877 19.6472977559738 19.6655529253025 19.6309560195541 19.6386673940468 19.6742361713877 19.70322705618 19.7016178189974 19.712790935401 19.7340808247738 19.7665676748819
19.2876451968755 19.2917502090607 19.3204972005806 19.3137226731472 19.3179898173418 19.3507165876264 19.3802084813385 19.4189561263656 19.4402493058099 19.3825857870531 19.354503600255 19.3653381854715 19.4387990572824 19.4619502387781 19.4149665566082 19.4280601469327 19.4441098409854 19.4588446805468 19.4646062407303 19.5342144366684 19.5265003478851 19.4138348285686 19.4479260891762 19.5018013562288 19.5314884937153 19.5083507600746 19.5113322244835 19.5141148938628 19.4705315440398 19.4680136380807 19.4792137799626 19.4926798455105 19.5188679169989 19.5070822602578 19.5720561608963 19.6337173203382 19.641454258399 19.6492485667057 19.6143638148775 19.6295032187853 19.644758069807 19.6821022882786 19.6910504948883 19.7105566076536 19.747856949483 19.8222446324358
19.2516170560579 19.2827832994671 19.2849888513498 19.2656326744165 19.3238788105841 19.3399527282085 19.3969967855263 19.385312708971 19.3239030341559 19.3662826796618 19.3922621668902 19.3950425405731 19.4388551988983 19.4733833254118 19.4571773555784 19.4890305444632 19.5203390056276 19.5105348198385 19.5239413745117 19.5735438288422 19.545340187933 19.5284159038258 19.5102984348278 19.5322156959343 19.5866054691677 19.5293303714857 19.5385096184597 19.5580605134039 19.561339748148 19.5567542370253 19.5707421852131 19.5633265005942 19.5684288733368 19.5667413856716 19.6016174375277 19.6241705742712 19.6661770996609 19.6528857812576 19.6441710320349 19.6472977559738 19.6358536544037 19.6883209960957 19.6898257869129 19.7178681601849 19.8019045307617 19.8427941760082
19.2357971792068 19.3313508549843 19.2165484883184 19.2390344685097 19.3234505198603 19.3701550869265 19.3881335807123 19.3379902751055 19.3548784556971 19.393739915946 19.4736839522858 19.4750758275566 19.4644813613291 19.4726920871973 19.4965926026497 19.4907168155537 19.5682457629747 19.6008783820934 19.5898962151155 19.6242203848696 19.6021618028002 19.5786031318235 19.6237777305565 19.6226260440454 19.616369638073 19.596845168828 19.6108081752691 19.6076592983313 19.6406183981714 19.6002585666351 19.604419431325 19.6213608592253 19.6347578329687 19.6057730918083 19.6015589982119 19.6310319525833 19.6477023203201 19.6862009427176 19.6561660866337 19.6467088725824 19.6715068190403 19.6937810955172 19.6773613126774 19.7548351387577 19.8399356998806 19.809872143177
19.2181698119965 19.329993566741 19.2227240251884 19.2803107458067 19.3331862186022 19.4010970037403 19.4059470535774 19.3414780326653 19.4092958763933 19.4671787890444 19.4919530147686 19.491369638073 19.4683498445473 19.4235743000488 19.4631343436518 19.4697907921009 19.5253413128185 19.5743328821144 19.5604497517691 19.6116318638067 19.5966290609064 19.592147996295 19.6075368155708 19.5804108586178 19.6160500755224 19.6253578350706 19.6529442205734 19.6340064375706 19.658051416892 19.6514264628906 19.6622826988554 19.6794680744905 19.6739159943371 19.6797046927814 19.6660271808453 19.661073144269 19.6780130661268 19.7021766310368 19.7012040967064 19.7082561486855 19.730512837245 19.7949657173748 19.760162397315 19.7988448331347 19.862645959815 19.7754610395432
19.242512669919 19.3010843871327 19.263178079957 19.3490995315685 19.375 19.3769653782377 19.3825471192036 19.3495368912049 19.3893350574875 19.4429665727348 19.5023107152004 19.4872979085617 19.4706229057789 19.461176689352 19.4899542540875 19.4922855596867 19.4769037678223 19.5111537369356 19.5205870397911 19.5447798121185 19.5261894529343 19.577518325325 19.6602486002903 19.61108114923 19.6161775190268 19.6138115004892 19.617078368928 19.6697449664507 19.6466907174521 19.623904178565 19.6240991421423 19.6137053529329 19.6522513997097 19.6519634947224 19.7133941114664 19.7309474729433 19.7521949245129 19.7552542706099 19.747094590147 19.7492834502697 19.8183541500635 19.825468216218 19.8212137503109 19.8223444174137 19.8290620013762 19.8492838317394
19.3140149682016 19.32274898176 19.3146346266432 19.3376141994619 19.375 19.3519626938868 19.362702472908 19.4292801412859 19.4151083037043 19.4215808247738 19.4392800602808 19.4840068190403 19.460353157444 19.4955425892582 19.5057457629747 19.5166707192669 19.5075800575228 19.4844223983231 19.4665591208601 19.5267915424719 19.5153287145071 19.5588314923496 19.6304860140343 19.6083131374617 19.5943994339008 19.6146177124758 19.5993788568811 19.6429784937859 19.6785367191887 19.6395679003744 19.6658100630941 19.6422822410917 19.6521426690473 19.671080958746 19.682730656435 19.711148687252 19.7143094193611 19.7694115932465 19.7798598943767 19.7640988833208 19.8489029962597 19.8284065965147 19.7711892206087 19.772489995759 19.8138167066984 19.8615468567371
19.2866371816321 19.3147517811794 19.3538669185181 19.3212932558565 19.3813045750141 19.3739636167927 19.3748038194914 19.3897522005453 19.4065596549177 19.4204960182753 19.4295158728361 19.5099892328195 19.5152421291351 19.5148727923794 19.4674943296804 19.4549188355112 19.4911370314445 19.5077295120258 19.4614403755999 19.4690703183241 19.4775070002518 19.5065584726124 19.5278592187776 19.5529154711399 19.5682937112159 19.5985740014219 19.5899660874662 19.6118364875488 19.5955196683884 19.6230947062988 19.6048500877333 19.5922388683071 19.6040990359087 19.6635532682161 19.6720744064836 19.7003472504177 19.7029265860815 19.7195963127832 19.7205653999271 19.7585592813282 19.8474559130306 19.8633073668413 19.7113329874229 19.7061210377827 19.7404246325006 19.8339728191547
19.331040444293 19.3317554193306 19.391397745306 19.387390468502 19.4089495430078 19.3856361851225 19.3691750858383 19.3891918247308 19.394955958519 19.3927945371885 19.4032745618019 19.4365124248218 19.46347603794 19.4673259395008 19.4265432400083 19.4432457629747 19.4296907903566 19.4860854357242 19.4617552752008 19.4775983065538 19.4801964211187 19.4975987643175 19.4735565087815 19.4708072218457 19.4687635931254 19.5408100630941 19.5535148583774 19.528418030817 19.5915290270719 19.588880983119 19.6025179438553 19.5909291476183 19.6018017376986 19.6047557059698 19.6353042866592 19.6784192131224 19.6939968147993 19.6943998153706 19.717147996295 19.7504389232654 19.7536956538677 19.8297468832607 19.7302546520796 19.718301894598 19.7092385924044 19.7693423473491
19.3256176707211 19.3589614600077 19.3578876311865 19.3303603323812 19.3993236645803 19.3551084941883 19.335315266531 19.3192850713167 19.3596300613508 19.3461899835482 19.3886369179659 19.4004832342873 19.4223447988834 19.4351963448248 19.3930029421415 19.4102486002903 19.4163973638363 19.3909931809597 19.4215624539604 19.4510570996094 19.445121124937 19.4768216911611 19.495667375865 19.5097255465717 19.5066721987343 19.4933600876627 19.5202768610659 19.5137413997803 19.5690708205328 19.5636680354242 19.5853929963303 19.5745958550196 19.6029446399393 19.5898962151155 19.6283513073206 19.6641914432611 19.6633069474754 19.6706537559662 19.6754986690397 19.7369659885893 19.7186958064556 19.7411451062775 19.7381073997021 19.7120148122244 19.6896489191713 19.7155780210428
19.3260840056629 19.338741538949 19.2918587848492 19.3346431567507 19.377269744873 19.3447572689714 19.2729496489344 19.2204971626844 19.2897603731899 19.272823750433 19.2444119747162 19.3182326775675 19.3668269104967 19.3873246510191 19.3555611844663 19.3864899621744 19.3939960139637 19.3477486002903 19.3665590829639 19.3705587897768 19.374943486907 19.4190299914131 19.4187513076687 19.4543204757004 19.5274862730341 19.5579227754812 19.503450825036 19.4656519060373 19.4908092622585 19.4924989626903 19.5287597251053 19.534508191925 19.5603225681276 19.5569119747162 19.5989011132898 19.608545741601 19.6424599061956 19.5759012692671 19.548152363801 19.6861447811546 19.6835461609669 19.7033598751955 19.6622987093973 19.6183015131283 19.6460552728348 19.6778588373079
19.3193780127268 19.299825054779 19.324065531683 19.3364622364111 19.3783612781057 19.3388569067736 19.2492829555645 19.1985000335846 19.2196208814907 19.2204971626844 19.200751814764 19.2044814760208 19.2637234360867 19.2754527753687 19.2486461435871 19.3222985568094 19.3618664192877 19.3388505498085 19.340186035408 19.3110925395393 19.3104059565115 19.340186035408 19.3977456301908 19.3987890530415 19.4724709847431 19.5659939817953 19.5038791157599 19.4700922547646 19.4260969658442 19.4109465658741 19.4438805069704 19.451828921031 19.4848667971105 19.4949379691753 19.5290396705313 19.5694123940821 19.6087312755737 19.5843231099405 19.5710563561935 19.5768220726309 19.6372061683311 19.6411774811306 19.6469967855263 19.6228225681276 19.5907399308357 19.6100461273823
19.1678412365246 19.1921487292948 19.2129911108951 19.2800936280556 19.3755244306841 19.3784184122868 19.2802962990399 19.2138852747374 19.2001275196667 19.2000007629395 19.2128543926125 19.209671532671 19.2208877079658 19.28083196595 19.2805552111177 19.2969398909635 19.3231884106483 19.3459001632557 19.2552542706099 19.2343192991295 19.2122414333649 19.2334875106401 19.2819554236212 19.3222985568094 19.3976636713447 19.5024831810303 19.5053044044476 19.4347570700293 19.4149361192465 19.3330906836405 19.3302550335493 19.3970722316132 19.3574533334179 19.410798323616 19.457876159441 19.5077377952137 19.5626448154058 19.5912703472013 19.601444254158 19.53404041502 19.5446884533577 19.612645959815 19.6298998401012 19.5632921192388 19.5699126036835 19.5843473310232
19.1057445806694 19.1157549570522 19.1493241362142 19.2189382023687 19.3225868133268 19.3727482188206 19.3188452908983 19.306294723361 19.2764434912186 19.2102086772852 19.2499935655012 19.227773324625 19.2057446185656 19.1706803184462 19.2404246325006 19.2388505119123 19.2407201057711 19.3386449313993 19.2829212496023 19.2361515984888 19.1654273013916 19.1635851879683 19.1567609970169 19.3044459427528 19.2985213569832 19.3977481809244 19.5117158027687 19.472714098196 19.4504037635107 19.3568586238032 19.3714320124712 19.4117082622309 19.3690941390629 19.3985746815186 19.4411685076504 19.4428297193794 19.5167093871164 19.5179601229725 19.5458377125635 19.5348038043194 19.4674943296804 19.5671609564762 19.6045107593231 19.5209574771843 19.5390754889622 19.5908429290371
19.0659939817953 19.0880662134085 19.1059718275366 19.1366739187717 19.2182322960977 19.334128649497 19.3524572760706 19.2836386385384 19.2469564431553 19.2601266918593 19.2380852129145 19.25736603753 19.1801023352995 19.1626451968756 19.2002318112602 19.2353941786356 19.2029275890922 19.2628894939012 19.2887410183105 19.2858075462275 19.2325803182535 19.1807450000353 19.1230026006784 19.2622061683311 19.2930671296797 19.3708384755029 19.4828876311865 19.4441718328705 19.4734996521149 19.4772047382698 19.45900720051 19.4735565087814 19.4705308185435 19.4516158927746 19.4992310856199 19.5075625631743 19.4769623423567 19.4639723459311 19.4821583820057 19.5010439499283 19.4590298389435 19.5237589816895 19.5578380446119 19.5526667182617 19.6000009475079 19.6796385877018
19.0249996185303 19.0417438513145 19.0876902972231 19.092147996295 19.1056808534584 19.201847636199 19.3566797181568 19.3619151685553 19.3053119281121 19.2843656836424 19.2399353184109 19.2909927994899 19.2027295504236 19.1383256997586 19.1440269634886 19.1769583309802 19.1507161682606 19.1553040229778 19.2299931852712 19.3096070297346 19.306351236454 19.1695132230264 19.1019389874564 19.1831981097135 19.2034677572965 19.2813516162156 19.3928416179943 19.4471588861237 19.4591630308523 19.5013359905872 19.5120092705746 19.5174544066754 19.5401524593754 19.5463968681764 19.5425630360651 19.5222505877457 19.5525187067947 19.5372705642681 19.542003600255 19.5369391485024 19.5665127730541 19.57274898176 19.5471589240198 19.472400549037 19.5480376197471 19.6414321042251
19.0304036872168 19.0079216310721 19.053089996995 19.0838229003391 19.1267810591927 19.19875821875 19.3240999130383 19.3617365484781 19.3689960518599 19.3282391635971 19.2847710291224 19.25 19.1994008834858 19.1858544552393 19.1423195452385 19.1172056916933 19.1354506538324 19.1553768325014 19.1911767181911 19.2726093605251 19.304244614254 19.2613322244835 19.2286456858235 19.1876087306624 19.1668868065567 19.2294564320269 19.3197801552181 19.4085058041162 19.4024827995605 19.4492499886293 19.5438523997373 19.5282922718267 19.5447109590616 19.527599450963 19.5865468946333 19.5361202359924 19.5444001968403 19.5303942549295 19.5611490687218 19.58847603794 19.5263335214806 19.5548444937076 19.5297601443081 19.4683193872385 19.4724824755106 19.5887677262878
19.0464278010244 19.0249996185303 19.0558422290125 19.1018472547293 19.1714545964928 19.2371331697941 19.296132326046 19.3262000161323 19.3404676058664 19.3487087004461 19.3469556228256 19.2518013562288 19.204475493022 19.2093473310232 19.1804104648151 19.1496663521671 19.1442554193306 19.1187482967186 19.1769045307617 19.2150178046865 19.2618660378179 19.273499232749 19.2677601782694 19.2511556161709 19.2589499244776 19.2695144616489 19.235512877594 19.2359499024181 19.3081051683035 19.3904687502756 19.4363978216 19.4668944502268 19.4844441585836 19.5109655314903 19.5526667182617 19.5321437594528 19.5266577420025 19.4828599966583 19.5494162039385 19.5353351847353 19.5135807951221 19.4893780890207 19.4477464064474 19.3866572825031 19.4798500877333 19.5605558977632
18.9938261811914 19.0015826747026 19.0500335760326 19.0753408934526 19.0995449821749 19.1838151313982 19.2032614375353 19.273273711071 19.3316973424625 19.3354495094233 19.3220774543552 19.2589499244776 19.2315932130012 19.1853933778 19.140300360096 19.1523431493549 19.1695955119476 19.137989512166 19.2086307812929 19.1740987307329 19.242882009799 19.2636673940468 19.2597046164875 19.2703120995741 19.2506766951962 19.2357971792068 19.2291278408451 19.1899110316534 19.3528279807262 19.3884531432629 19.4091922824945 19.4185926319227 19.440923542819 19.4812680270843 19.4716512150803 19.5051125720234 19.4604321375217 19.4618243507223 19.5182360340586 19.4564877307758 19.4125443158512 19.3725168189697 19.36266471702 19.3104509652366 19.4414918499994 19.5182635542421
18.940645579012 18.9094109640208 18.9552890409384 19.0306587970601 19.1077946897764 19.1845640354117 19.2515826747025 19.2869681507844 19.3145241907387 19.3388505498085 19.3130902258768 19.2507165497303 19.1992316408396 19.1451286386089 19.1461734458361 19.1645673621292 19.141397745306 19.1471586022835 19.1946880718879 19.176155196805 19.2507170444355 19.2387417812499 19.2251184021883 19.2308065965529 19.2388070708742 19.2136665932112 19.2759004684315 19.2927873128844 19.3927005443058 19.3926102370176 19.3585593192244 19.3762769255448 19.4283753147774 19.4547790220136 19.4701634080104 19.4663982360048 19.447632673931 19.4428977117214 19.4826337335882 19.4905886545095 19.5 19.4629911108951 19.3898973595247 19.2333942256565 19.2611434746961 19.4547812421798
