DATA/PredictorVariables/Future/2070/prec_oto_41_70.asc
NCOLS 590 
NROWS 274 
XLLCORNER -7.522276026 
YLLCORNER 35.996888128 
CELLSIZE 0.01 
NODATA_value -9999 
[rows 147 to 167 of 274, columns 230 to 275 of 590]
108.11152435973 108.113854115894 107.899045533985 110.243113032532 110.422342459648 111.70553538348 111.329643785904 111.637727004303 112.120612780579 114.256303183327 114.438789622173 114.786124912605 114.722361372315 114.248349020241 114.214283272652 113.874256127968 114.306286768108 115.63857356958 116.6374150727 115.188529565327 113.204248689617 111.552203253109 111.555249111855 112 113.111570770508 115.098386471836 119.26791123106 124.942729740612 128.95149218042 133.622317670502 140.074315295051 139.833607764419 138.63207803128 142.258659496468 145.226333923843 148.71165714254 144.718088251831 130.932212753968 127.5629109375 123.60043191996 122.81867190102 123.679717022896 116.788210125141 111.757304587238 109.547217249859 106.105292823242
107.968593983391 108.56407436792 109.465592507103 110.689158647537 111.477961442688 111.973645848022 111.671678670906 112.279746910919 113.278453014572 113.967204509388 114.53463353648 116.327199584488 118.834060597848 117.39470619283 116.034538687721 114.583243000142 115.151536184674 116.169289002968 115.55131518227 114.10046508852 112.977640193974 111.703106276848 111.329098153 112.006214558739 112.419289002968 115.151309800339 118.933891190327 124.543069008472 128.965809622032 133.228306328384 134.478338086746 134.61893832296 136.906234636131 140.603953961539 144.010494321677 142.540056440185 141.361799563049 135.577426171212 130.967115312219 127.145096109872 127.971142305085 125.577751550595 117.75924358144 113.231870969166 111.265415380845 108.47688213546
107.127192610722 109.30246468425 109.421616426331 111.238586715283 112.239415414734 112.089706581345 112.4867132155 113.576204635567 114.253759690327 114.057642025028 115.478575062782 116.602672434368 120.985586602699 120.556948337852 117.036490223675 116.35218284898 116.690064224121 116.74248810746 115.776558591396 114.452915482461 113.827226938573 112.645715250073 112.10283119075 112.082325563049 113.21765248246 115.926712932728 120.510948924431 124.936197506703 128.745329526787 131.09505175325 132.330675950226 133.988809874717 135.505796613838 136.664698375228 137.478095578376 137.928549926475 137.592986364539 138.288732707465 133.800272677039 130.088254617591 131.008427883692 126.192690604655 116.343072021042 114.252184969578 113.164821191956 111.331471845437
109.087862718193 110.579548251458 109.884853908848 111.973227921864 112.895941122032 112.599020627125 114.108427627686 114.77129673605 115.109336026303 114.727690964756 116.061085277859 116.15357811454 117.480384137958 118.174187434814 117.558290366798 117.5 117.057415965824 116.807550636761 116.711655766758 117.398527854493 116.905295875 115.238316346859 113.34178351046 112.60622605204 114.402371444973 116.371587233383 121.737011866283 125.494488837513 127.444578622345 129.82622463546 131.309021188408 132.6033525345 133.300607758819 133.834528031013 134.900319440185 134.491160753967 133.658976188064 131.975642538596 128.691592624858 126.006213690467 124.156092586223 119.969452969421 117.096423713192 115.87009408004 114.460965144036 113.646552585133
109.5903658688 111.738469440582 111.995146060434 113.584271617922 114.230357080042 114.22538630449 115.781164847001 116.576193502161 117.358513547791 116.901536184675 117.055453691603 117.052812312502 117.381842407515 117.901820930422 117.846629287717 117.890291330042 117.330988175188 117.441215565911 118.189138624719 119.331667684675 119.164302999719 117.465073985864 115.441130287755 114.150103169961 115.486419113931 116.874699286481 120.126999832654 123.851327734623 126.598255277011 127.841293437216 129.719093248888 131.110801302114 131.712376684851 131.97155008615 132.240770346999 131.446200571097 130.027716815878 127.723222590907 125.661845325792 122.65774987514 121.331622821299 119.224555315608 117.781340460552 116.557798315751 115.582054580525 114.926527121716
108.49307560606 111.034212894512 113.84505175325 115.266054884617 116.476739690468 115.580410283512 117.145538764431 118.18705589394 118.311776561547 118.79731889394 119.631849724003 119.564964133156 120.704488093132 120.318236396042 119.786634809674 120.19508131561 119.938654809533 118.665041167794 119.28867673954 121.61201392902 121.326197722 119.116826537717 117.427597178334 115.160543309391 116.529696425766 118.4177136875 121.762217048241 123.801168661675 125.650909243835 126.537663263409 127.581503471363 128.254757501312 129.757542065536 130.833067489105 130.755246060097 129.918992248016 127.922004434249 126.489383374927 123.132571436451 120.94688697398 119.894688535431 118.28695272398 117.96997166996 117.16397119796 116.260428704773 116.012133269985
109.39023185656 110.419720551068 113.023851522904 115.042265714428 117.017188919819 116.66280776754 118.76724356646 118.84749755925 119.740166438202 121.23259618425 121.859255943013 122.806614150391 123.265343310433 122.714887748414 122.424924866521 123.044329803879 122.660890937642 121.160798762437 120.793805187783 121.89786406575 122.478227434532 121.833297729492 120.126555973675 117.298474651021 117.314543722119 119.94513604496 123.496640854264 125.48929049889 125.244971368107 126.257865307091 126.976392062218 127.432490275204 128.806749132324 130.24528140599 130.20784831588 128.442161482132 125.878877302181 124.64377394796 121.694876735863 120.186954249859 119.184069285637 118 117.824165543995 117.288210125141 117.318560729493 117.037558999996
111.909313136818 111.955420621247 113.929215435719 115.800976940186 118.486690260609 118.841908610428 120.097905330204 120.3036812845 121.847765174641 123.487992013409 125.235740880189 126.502494772088 127.182664877404 127.04453549109 126.250078002969 126.036099373441 125.915093786481 125.102977749837 123.366484322819 123.214196778 122.335422630871 121.91736605925 121.083510041149 120.286025750282 118.077813940895 120.839836621681 124.112716405422 124.258761453823 123.864901375 125.016635188572 126.04331511454 126.244971368107 126.336046002826 127.832649752464 128.875476327072 127.462137503109 124.984985160038 123.55771823246 121.978738822655 120.30830573106 119.097637405304 117.985589150169 117.821760918369 118.865529995037 119.317065497315 118.216157250283
114.159904667063 114.439361153002 116.972722162294 118.306554802043 119.987059544492 120.738191246893 122.384832633157 122.331215099434 124.072300796583 126.041907065878 128.144711289736 130.015216061312 131.102743434125 132.095563986081 132.958375732465 131.637045787023 130.535563413181 129.22210131547 126.65938995136 124.453143057663 123.628757267875 122.31351236454 121.073287067272 120.507496046665 118.088212335154 121.060790209046 122.108078625142 122.626317884618 123.349072874718 123.963974249718 124.913889779564 124.985589150169 125.290679164413 125.635161159812 126.528997672927 127.22459611652 124.943605883269 125.6232884976 124.731983166293 122.731108440188 119.908895434651 117.689430068831 117.984328922314 119.850589703589 120.508675322958 119.097917117637
117.409489113682 117.168061315751 119.185818737847 121.939138624718 122.17129707943 123.869248057904 124.652223182274 126.465641923763 125.98267626754 128.691730688721 131.042229872315 133.398265961121 136.654415816033 137.791647020356 139.183237962724 137.301717183022 134.605544405991 131.65242235746 128.211066788117 124.852093226017 122.691750833016 122.258329287014 120.970662891476 120.731518662556 120.520867658584 121.985453418156 122.76962899152 123.967204509388 123.84354069458 124.009225613098 125.123015238087 124.781297518635 124.643031011398 124.530430687641 125.446186384617 128.086559857087 126.992966856983 127.144402288458 125.949373543886 123.474676382078 119.594149794959 116.380609589874 117.448316011806 118.236467834842 117.806493999858 117.798697361571
121.108494028448 120.449727322961 120.42122045287 123.2348943541 125.648473719861 127.671963377518 127.819598874719 128.071832748582 127.852978419061 129.980547415376 133.804473548073 136.691459953224 140.690660770355 141.83950374662 142.596754329331 138.366736747314 134.333937334404 131.576072622033 130.18069350338 126.3443613802 123.926919770718 122.334831326897 122.2384511595 120.278992858368 119.56173948785 121.982321510891 123.642269003109 123.762550808422 123.728741105365 124.548136344177 124.818423667511 123.387450981059 123.324728804488 124.757478723981 126.297439179348 128.623036795867 124.60704393453 118.971031578051 116.626013497313 114.589074015552 114.003063059532 114.809706992496 114.845447997032 115.028796381149 114.071779575794 113.264469455039
126.959908979843 125.495361625 123.995181478333 125.517336700539 128.808900903 130.113630812111 131.72863931958 132.579398294251 132.559354331734 135.046261816414 135.187863078507 135.854318934814 138.448693554588 141.356378065468 142.650283316627 138.079098153 134.878546642357 133.516739525589 131.645941122032 128.533272893318 126.731638122314 124.988317823669 121.911769622314 118.893254440311 118.343366036671 120.641978397823 123.6416727057 122.513954158863 122.08136862838 122.264666221542 121.799989164306 119.094095065609 119.786029708851 126.543119499717 126.880799100624 122.895918827682 115.6016616875 112.46283575967 111.558900903 111.895151634529 112.57506120504 112.955250637733 112.386326312218 112.235933436596 110.769913041519 109.373299440326
126.953815170226 126.85235083018 128.64321194458 127.150781414662 128.39786406575 130.158615864387 132.495589200203 134.86530250737 137.406778584862 141.703202267541 140.637361844575 136.679530072961 138.01938430661 139.541622187218 141.008951671334 139.365396231561 136.592179256112 135.132623353829 133.370629169961 130.359781858369 126.21937024292 124.273445552204 121.52887257296 118.46371099815 119.010027846542 119.607276407795 121.224953320511 121.209605499999 120.594343734767 119.5759147433 116.283185401301 114.521393848979 115.677175712256 119.001654531862 120.144690683427 112.537786595794 109.866129062217 109.947813947677 110.841641065468 111.443427875274 112.316251110427 111.974041786479 110.813647177181 109.258675322959 107.572293445675 106.82794865102
121.02982162825 122.153046739391 126.108697252967 127.531742193092 128.689986099254 129.351472145507 131.867980573928 134.500962720017 139.139188742791 146.547566252404 146.425554211967 140.738540249436 140.404104122667 141.326752052041 143.390259567604 142.687408587853 139.90182093042 137.40945329609 136.813924434814 133.560478700225 128.604318934814 123.658092942688 120.823854574661 118.815470695816 119.194359538402 118.8423849375 119.416173615352 118.134544294959 117.798212047492 114.817075065749 110.940950722038 110.31467579496 109.675852228896 108.8224867457 108.44270853667 107.771382061546 107.48095850708 108.469767007503 110.004638374999 110.103795662669 108.988269534644 108.7872534375 108.239735474121 106.961789874859 106.478493101245 106.159317944915
119.22688213546 119.520317535408 122.30296343785 124.081058625282 125.491844012642 128.030779690186 130.286258977074 136.930609794968 141.959828028282 147.496010149039 144.9665483898 144.328845341423 145.948274329537 146.043232549492 144.343476437782 143.647934159363 141.785678122032 139.325523771591 134.4665159655 131.505831123802 128.6139303946 124.548917744773 120.815951837448 118.59251975014 117.447923323669 117.49003618764 117.292366662761 114.781987210018 114.543366547607 111.383592291077 110.412734643891 108.261244854633 106.15877849292 104.94568078931 104.859653940609 106.25741396323 107.010582440185 106.723935479603 107.218612624717 106.574506874999 105.797246304325 106.709605499999 105.963540803878 105.14262444598 104.128889688407 104.164534450248
121.504221521408 120.338101883473 119.275028218579 123.768506402997 125.903038910523 127.775437052037 131.066888162892 138.280354058962 139.588847413203 140.208143761508 142.309033257285 145.719843414148 146.923247061153 146.761179113352 144.591783510462 144.867445231788 141.023489437851 138.735026626411 135.094165822886 131.933111837108 128.585669089182 122.192283320657 119.132914250141 115.446886973979 114.177382381961 113.996558223977 113.442506492479 112.085018324538 112.4281286461 112.66591799762 112.695003312638 107.455353758623 104.797829942688 104.915190194393 104.409365991519 105.32768626137 105.842216006693 105.229792161162 104.4695512433 103.24781562514 103.50633069881 104.033842749717 102.75927279143 102.539088809813 102.144185833008 102.06126273069
121.977429501786 122.192830208547 121.011689808683 121.636404315187 122.718550163456 123.321458069037 127.515032162647 131.30266605202 132.590248535803 134.30878124414 140.59182293412 147.115851087967 150.358427627686 150.175667261743 147.334199687783 145.309937371141 142.33566044436 139.355086684342 138.117503087761 135.27019725 130.334878524559 123.644576740696 118.398252073669 114.9301315 112.95612288208 111.28752098246 111.466338829174 111.48944861771 109.56870506958 109.624473242897 109.57447370644 105.445719429466 104.292510031788 103.79456539233 103.091373520507 102.772771535549 103.088761797897 102.886812569972 102.659492641849 102.01443628648 102.675299651184 102.830836097 101.352795185436 101.108075900963 101.785429370163 101.44297158765
127.805884393457 129.204073146752 125.934409018776 125.320469927039 123.76353694609 118.797838034202 124.144465448332 124.868454964182 125.45952749703 128.956967434233 138.080720565466 146.921769373376 153.141982177042 155.93898515513 152.899151166078 152.016586616616 147.853568103142 142.791274558968 139.800446813781 135.806492625564 130.648600007667 124.106893426404 118.100214120187 116.515558875001 113.891866645508 111.946166702073 112.437292718212 112.561019040298 110.829223252968 109.800980898754 108.835349372032 106.124810682423 102.670831424969 101.171188143108 100.703947462242 99.7292262457538 99.7145625326077 99.8974666740986 100.72870163956 101.161161937217 100.597417981983 101.525579497032 101.235337669937 100.70956681234 100.484984866203 100.274373124695
133.630874727104 131.864631749718 127.621183500001 123.001530700226 121.755358069554 118.547217284275 119.01211709898 116.929336599144 117.35738948246 119.905806071098 130.232999753902 150.72116808667 160.588375725678 161.310596036087 158.639186335961 153.678556184532 148.702511750565 143.39258360408 137.498815188454 132.52539762838 130.301246599884 126.244350208008 121.06304634486 120.172926075085 115.066805440468 114.709239295292 112.430862360744 111.933500686405 110.64724889254 108.159825066337 105.768405302059 105.281366418369 102.029437727486 100.85213593425 99.2447150350075 98.1332257220841 98.1646136846046 98.0393878813781 98.0979281500663 98.6485661950987 99.1817756053809 99.8382906042136 100.464218952206 100.763975927181 99.7444049373588 100.061893766403
137.011909761483 135.938108632645 134.091830607459 127.303004528045 123.952697605373 123.291696516403 119.47980275 115.921733434674 116.20243512189 115.921189744571 121.777907723007 151.907689072958 166.035124324538 164.59294694088 160.297211589478 155.556223000283 151.622592595863 146.405565500282 139.688988691612 131.86880918309 130.461180815467 126.854461235569 121.81407436792 120.949191634247 115.87758673246 116.766150168438 111.536983812218 111.313013087605 109.221833770508 106.797306728474 104.598495781105 102.8198685 100.163513596039 99.6634009488143 99.4739069738387 98.3983936552657 97.5633083383404 97.4298557092741 97.2477562325897 96.630230448345 97.5844706873588 98.6381791096994 98.9109914433596 100.726091348698 99.4006906685603 99.8388083556707
140.356783877683 136.053916736274 129.767663872597 126.337912585278 124.024529175695 122.097120708729 118.620656787648 119.700295581441 115.755355151304 115.898565515069 120.429587201359 142.065769375563 160.07019295419 162.53198272949 160.981320855735 156.260092973411 150.190082865448 143.327719867637 137.081274895507 130.985935785018 127.024835625 124.958957158229 122.01207018425 120.319977875991 116.367907646042 115.1538921801 114.401231572956 111.459478492821 110.244350208008 106.56811757098 104.365431016251 102.225164375 99.6417378569451 98.998127097084 98.7215068103674 97.4870807523229 96.2049671249999 96.4440870973662 97.0629358602942 95.6591275617102 97.37298152602 99.119448002491 99.9894550904161 101.385150202526 100.804387627968 99.0179947045594
