DATA/PredictorVariables/Future/2070/prec_oto_41_70.asc
NCOLS 590 
NROWS 274 
XLLCORNER -7.522276026 
YLLCORNER 35.996888128 
CELLSIZE 0.01 
NODATA_value -9999 
[rows 126 to 146 of 274, columns 230 to 275 of 590]
108.317775356084 110.277121643941 110.475284660409 111.421306427785 111.96991694061 111.41615557282 110.854318934815 109.648918261459 107.036703587987 104.960784398577 102.94589676093 101.42205134898 100.1921469549 99.9064516320827 100.284807256976 98.8309776703095 97.2498693930481 97.2341770914496 97.0771996069415 95.3392882941827 95.5 94.4514158929265 94.6729411679132 94.5571499739809 93.6608589866837 93.8850986250006 94.7741600560381 96.1444158473679 96.6627419462284 94.191459858194 93.3242970781314 93.3371596626952 94.4711274270408 96.3764405866511 98.4491812386867 100.254302300979 100.225404714886 101.451904065469 104.536675466347 105.163953997174 106.635098625001 109.235637318671 109.745394793559 110.414313412857 114.474610044958 119.14597636535
109.368893000534 110.911651122383 110.837881375141 112.065668739971 113.19688697398 112.436027276161 111.09410269796 109.878516445957 107.553460404964 107.44220168425 104.295415550057 102.065230125 101.472593366517 103.147040110428 103.55022558004 101.594497739071 98.2811730927661 97.2785179718363 97.4531885932656 96.4539933341792 95.615799410412 95.871847694729 96.4333487415353 95.6965075906527 95.0138912651639 94.9127995217747 95.3967484326825 97.5441348395879 97.0069326397056 95.9002943918 96.2142843473665 96.1115726487547 95.8804602500007 96.7894456319734 99.2981334651334 99.3804313504181 100.370899394035 102.7274835625 104.44804273106 105.96189151894 106.883864640537 107.77867936449 109.07021612825 110.053390283653 112.086306059673 116.137012182552
109.096292451755 110.070886423195 109.90936599152 110.221493978962 112.256822749859 112.336357982135 111.270309452686 110.246292232135 106.497545965443 106.48327769458 105.386608384411 103.59757764254 103.572184069683 104.891381034786 104.454358065608 102.863099675197 99.7776665898519 98.3810505752949 97.9101358267292 97.736044402634 96.6395083770452 96.7713447613149 96.9085392788202 96.7301045128976 97.2621170989801 96.9835835619547 97.6395693635333 97.2110951978995 97.3867586911248 97.0952054415636 97.7805634199609 98.9219262169271 99.1360035318836 97.9052958750004 98.3202339304775 99.6733087501416 101.347370337239 102.809635062359 104.44753531575 104.852959889572 104.93807016167 105.581077266609 109.06639355542 110.61201392902 111.78927191148 113.815419666992
108.40993425 109.771181352097 109.086735145508 109.370570770424 110.9228375527 111.051791262314 108.963248283012 108.317061799118 106.032759485298 104.917104628109 104.15695995665 103.929120083008 104.485236025856 102.829560653305 102.37701847398 102.208782143471 101.7834840345 100.243421856838 99.6024928319054 99.2792043747178 99.3215085762178 99.2919322848665 98.3104922169878 97.8685596732676 98.3527593532258 98.2791619980966 98.9936438645402 100.117307679348 101.327300073822 101.21823998106 101.436243365494 101.175673271668 100.991449202461 99.9830006009904 100.063993275334 102.03982624152 103.259069627281 103.666339136292 103.27887257296 102.591641065468 103.375483815185 104.390820264419 108.20461949675 110.357902468449 110.09729085746 111.022992764572
107.74480729496 109.003613182708 108.862521160903 109.097548382034 109.584675980438 110.105286565185 108.161164297077 106.625485960266 105.138411418476 104.273605577923 103.671196794391 103.401678485428 103.323628190327 102.578383573669 102.40993425 102.046114119469 101.795481584385 101.127624749996 100.617536462731 100.826197722 101.448951063431 101.26268535746 101.258255897008 101.080562615666 100.857497527917 100.927728373158 100.428903812783 101.409935118271 103.070412241204 103.011941485428 102.336251858796 101.81175518042 101.985205597096 101.541746327725 101.353189905968 103.88837363187 103.88061803363 103.491992357738 102.491803708908 102.246991669819 102.04099592704 102.563941153145 106.625306264392 108.488129242038 108.539088809814 108.457770127685
106.864230966416 106.197455792229 106.925476735619 107.15936599152 107.905789402858 107.38338086454 106.859830458336 105.444124627968 105.245219289829 104.025714191059 103.178296127686 103.56746922921 103.06811757098 102.620379271973 102.360263 102.351265759579 102.543663333691 102.851255875283 102.991810472988 102.43756330925 102.782565199177 103.08960454477 103.965871235619 105.346869858532 105.02655338546 104.67110710825 103.31175518042 104.594420595215 105.794187862839 105.135707684392 104.901641602097 104.132295622315 104.842271705456 103.933882151852 101.651965270508 102.970053303612 102.94745523246 102.367206035267 102.888453698952 102.299353335693 102.036025750282 101.939201864071 104.473926276497 105.749043312358 106.389405198241 105.39321194458
108.033091072224 106.636299442444 106.978383725254 106.419289002968 106.457110698948 106.410607343574 105.702737416115 104.945960000282 105.12933766148 104.423567962284 104.06119317704 104.809001556488 103.904270409046 103.834045217488 104.62685822469 104.522677472351 104.375339822788 104.63913557296 104.662645616436 104.387911780983 104.782201270241 106.076408323475 106.581058625282 106.065073834278 105.829832312359 107.043244519509 105.720974709386 107.537458447648 109.115003617874 108.065798383481 108.137162714451 107.41165201046 106.542384559296 104.51500454496 103.563394752686 102.426627262719 103.067065497315 102.842602619137 104.933204192726 102.91222026894 102.356118152859 101.725164375 103.12934117678 102.49771398106 102.235258722705 103.218960252967
107.635995072983 106.872340143891 106.859588983345 106.90242235746 106.018354389572 105.485146465321 104.753410687782 104.573905447959 104.129503562359 104.352831190751 105.23499545504 105.566606230865 104.528608326616 106.52655338546 107.543642802204 106.430424286161 105.790570113554 105.71873405206 106.38031791483 106.177023991399 106.286912106496 106.834099946839 107.229201322961 107.613040439955 108.347555575727 109.21067853058 109.791452715441 110.029812059817 111.042787413177 110.614282747176 110.641214909494 108.300515998558 106.6125821875 104.886531639715 105.038676739541 104.678513242615 104.82158626046 104.965395829773 105.338101883473 104.552464684251 103.227614416573 102.984171499719 101.937607315954 100.951904065469 100.019128172061 101.627330492477
108.140202036339 107.379503562359 106.84475103973 106.728801447117 106.470752200909 105.879842680607 104.54675063546 104.024011669678 104.20553538348 105.329098153 105.427658765763 105.784799437359 106.307099100682 107.041622187218 108.064245134827 108.131946486912 107.746936940468 106.945896760929 107.41222026894 107.52655612526 107.907538870213 107.966927933258 108.436954249859 109.702710472313 110.344141303276 110.69751945007 112.503153163208 113.18648763546 114.054902426491 113.881004548642 111.846131756703 108.598897014138 107.606852312218 106.708617439335 106.381687937218 105.41050250848 105.39000454496 105.660945666992 106.074304461884 105.79618863208 104.31545205449 104.536357552041 103.92174372237 102.434220025486 99.4681314830855 100.631460676719
108.281096147854 107.396273065495 107.27655338546 107.94319283971 107.336045207996 106.670533161911 106.2826150625 104.514584986573 104.750417721863 106.104326422928 106.816770691204 107.69804273106 108.281285132408 108.15125892704 109.298235584236 110.01366731855 109.403111500141 108.511572800339 109.223589059533 108.730031717232 108.623094604759 108.143419346836 108.267087275738 109.09757764254 110.347339212731 111.435574311455 112.650661458569 113.390693687641 113.9912209977 115.404981237759 113.095596778458 112.1424757049 110.413944284501 108.998610525997 107.67609455204 105.608420139572 105.595900318672 106.406174559673 107.318993773895 106.814621065609 106.283958383767 106.803229166092 104.638106360462 103.319640592781 99.2511557570803 98.6748267553177
108.392372087731 107.772114764267 107.935726562641 107.884045561165 107.560967979279 106.940870912411 107.080753531952 106.55022558004 106.636013811264 107.15494824675 107.867804185242 107.96773256575 108.863326059532 109.760393787647 110.302048218437 110.456808686169 110.42724405402 111.313147993015 111.41280776754 110.252600116272 109.54177847794 108.556223000282 109.333192126843 109.957499128109 111.375157625828 112.539036159298 113.733668539253 114.771429317028 115.40125892704 116.762580198078 116.952321638798 115.530235391545 113.936335622032 111.182362789589 108.875056524887 106.73255526144 106.380317914829 105.73208876894 106.248952740894 106.69976049152 108.021707608204 107.043735740833 104.96773256575 103.516496062366 100.424884065609 99.0507005150491
109.43648763546 109.459124358368 109.28695272398 107.992179201286 107.474152958008 107.41801440102 107.547681190704 107.931706815468 109.049705849777 108.146066222 108.746867943302 108.517803875019 109 109.726533916309 110.76207018425 110.343569987282 111.733562440326 113.112433487407 112.920468279262 111.633813434215 110.899760955063 110.214196778 111.959353141751 111.88453036652 112.190467900841 113.071711360428 114.257273462731 115.783760109635 117.414302999718 118.244759329689 119.050967055889 118.286815115887 117.796824822941 116.300192411481 112.292819445676 109.043429566567 107.499890624009 106.64253043425 107.499664564804 108.450613292515 108.603925882046 107.07129215889 105.2165159655 103.438794436733 101.61201392902 100.122861240612
109.3524835625 109.049121400486 109 108.1024835625 107.412869985005 107.59006575 108 107.99248810746 108.494518051048 108.822819356846 109.968436764137 110.107632710732 109.111501992195 109.304791677212 109.41109000708 109.720441638573 111.124823701603 111.65010316996 111.50946109103 111.63011262175 112.141377076218 111.800976940186 112.961195693512 112.082682351673 112.471256860745 113.296868247315 114.784065278 116.970899242451 119.24596305204 120.054268294129 120.936752475624 121.567498912812 120.796245513817 121.0077794375 115.61991459063 111.131956186719 109.751288971856 108.422046502335 108.970725175186 109.166584169682 108.490134366623 107.472279410778 105.329223252968 103.482832640972 101.795369198273 100.608078625141
109.08487304496 109.148514843204 109 108 108.646190962254 108.018012875141 108.031324289547 107.986597197327 108.448398314095 109.928673091846 109.98499545504 110.623101811428 109.70330388139 109.101685083015 109.96445487389 110.848157441425 112.107013156227 112.194939278458 112.715745255413 113.40589730204 113.312572970455 113.672635453335 113.530971411675 112.331564537624 113.496589312218 113.768447797791 115.199719690609 117.486238866234 118.90993425 120.488326059532 122.603359498215 123.23208876894 123.314543722119 123.1327794375 119.788177727899 115.164910684815 112.243114010789 110.476493921132 109.726999747315 109.463121788632 109.531294280705 108.483136028046 105.6125821875 103.895941122032 102.594579901196 101.23960066148
108.698370759476 108.726988442337 108.861893044819 108.03002833004 109.021823869331 108.116624686333 108.157577044964 108.219319483738 108.778855372173 110.014410849831 109.868661065327 110 110.105965995506 109.446581930798 110.185078534145 110.98499545504 111.652196313877 111.471964558758 112.247167283371 112.713974249718 113.716230902405 114.268481337444 114.009087208008 112.558588896103 114.16109000708 114.365816561264 115.51962899152 117.195964114376 118.687066188942 120.845660812641 122.933942063625 123.773260309532 124.481003022762 125.02510316996 123.993997514095 119.37930449292 115.17088791856 112.626765516937 111.349295403 111.437740945618 110.742829621891 108.280413486855 106.361873362274 104.903111500141 103.644754091488 101.739901375
110.295153160408 109.359363937824 108.191274710552 108.136673940468 108.385170902828 108.172070651638 108.240588458542 108.759741006706 109.14202301894 110.078020098701 109.684225576359 109.937350046612 110.280149276779 110.311210377827 110.192792897621 110.940713940186 110.573979960571 111.166612302921 111.60565779356 112.919271802182 114.38625438208 114.372759596531 112.995980252826 112.541378602097 114.708726815327 115.76276544075 116.671473377827 117.631768020508 119.651657315903 121.82447370644 123.208782143471 123.65010316996 125.616167122486 125.715809622032 124.681706815468 121.575881284504 118.029552002968 115.737890533372 113.833710502618 113.555130576443 110.885843546196 109.0565817155 107.510847311592 105.63453036652 104.051463197941 101.228575062782
109.954967125 109.213905663258 108.05254476754 108.005998794537 108.35450203648 108.227709606083 109.204502338333 109.205998141827 109.363326059532 110.083591126522 109.875752726494 109.842435477352 110.701616579922 110.50808015102 110.377367542771 111.191099097 111.380400644085 111.695995047089 112.489157502968 114.542356449093 116.111838315468 113.924255445572 111.64549796352 113.373405539253 114.731668342281 116.20900407296 118.309935775879 118.376440502827 120.266368840355 121.850908247032 123.365829941002 124.67268382507 125.186089246598 125.76500454496 125.20032875 123.115918205346 120.782882607461 119.746106546196 117.120216068051 113.513463978756 110.976063833214 109.732334753109 107.956993834843 105.86197131139 104.346041824596 101.811678972988
109.62241326754 109 108.392269003109 108.07053468779 108.460562187641 109.122986270149 110.333297729492 109.891334475052 109.944329955464 110.610831258481 110.373200425473 110.76984962175 110.74236102673 111.018012875141 111.317793582466 111.990084092541 112.472091682274 111.788913795056 112.52770914254 114.517772304325 116.474610044959 112.944261221424 111.528088890186 112.149194837589 113.935688686386 116.213974249718 117.996064696121 120.07562946352 121.2014742277 122.874114512059 125.039109309216 126.808699331631 126.981368497033 126.576648008912 127.907478875565 125.557532649037 123.711171247033 121.991870834233 119.19261345836 114.27712164394 112.031851249882 110.85969474152 108.762580198078 106.517512074955 104.914185810959 102.428078319965
108.906603645507 108.90993425 108.85450203648 108.34087243829 109.042145429021 110.3961202072 110.460597234448 110.534799437361 112.160033412324 112.795157250935 112.131381876592 111.498836569582 110.926999443304 111.371475192098 111.475835123384 112.837120564862 114 112.68525171238 113.964321877969 115.531080364517 113.763456847178 111.454055805801 111.149377203255 112.10450203648 113.619871551757 115.9884511595 118.415283328472 121.180575707677 123.754441027547 125.330404355934 127.177328497318 130.869000499441 132.293803107468 132.392988594256 132.193933190885 129.356058669639 126.648474499438 125.524597883688 124.306340008629 116.428286559256 114.102849036772 112.43948625297 110.337131145495 108.484536508585 106.520197250001 103.084512188737
108.257170378109 108.481987124859 108.744404937359 108.646890177322 110.169733210644 111.648607233242 111.062823820652 112.32043675848 113.05680716029 113.391128825546 113.34410269796 113.726066596894 113.220621138996 112.699491122059 113.241261552116 113.394375409416 114.06003741996 114.001409257264 115.120656787648 115.380887019131 112.501684122898 111.462137503109 111.376862183258 112.0124178125 112.872054552322 115.825689946976 118.408358934532 122.870763278061 125.958408901021 129.181504305764 131.269595822961 137.694437854645 140.690973997032 144.310313118073 139.451701785211 139.226200439905 131.075841491769 128.07348349339 128.079459009224 122.510967597 116.73049586131 114.752026952263 112.834277203797 110.511119304092 107.731987124859 103.899351809815
108.09699014394 108.335154075935 108.042227994068 108.349295403 111.123402054882 111.936954249859 111.187110540581 111.88475099675 112.912784269508 114.307379568657 114.08255385746 114.547457292202 114.32043675848 113.230476766655 113.475202549751 113.279284458008 114.307575063435 115.479739510647 116.820723923447 115.99741326754 113.363360808796 111.17956324152 111.212463891514 111.59006575 113.2165159655 116.136637935154 118.867085749859 124.378611635468 128.581058625282 131.553108179375 136.118309982461 140.501139206978 141.248206677764 147.124740128379 145.593530325386 148.82967266658 139.146719979768 129.778856746468 127.136673940468 122.453391809532 119.492044388646 118.175451454332 114.822957582108 110.788913795056 107.93821165102 104.470194198242
