DATA/PredictorVariables/Future/2070/prec_ver_41_70.asc
NCOLS 590 
NROWS 274 
XLLCORNER -7.522276026 
YLLCORNER 35.996888128 
CELLSIZE 0.01 
NODATA_value -9999 
[rows 189 to 209 of 274, columns 235 to 281 of 590]
47.4545610511459 42.2119523588814 35.2753465082439 27.9263421035933 22.4039269878384 19.3508912312906 18.747738010952 19.7455830695228 22.3947566656748 24.6909614437674 28.7330205503118 31.5531678718576 33.5814371096898 35.2901083679809 33.8226457951366 32.9184810866149 31.1074436687209 30.3470860932267 31.2202042687793 32.3588092058868 32.6915019953046 34.4784160166263 33.8043385245816 30.6004635247449 30.3067443822957 30.1726737937212 28.1627391622516 25.4158510438626 25.7933072244686 28.4590137999232 32.3850910411645 33.8183954744056 31.2812677770221 28.6422541597447 25.6666828568692 24.9201169501595 24.7939158037991 27.0849689942465 29.3937836749229 28.1339181497374 28.2748356249998 28.4188009414038 28.4254417062077 27.2828517824139 25.0810215254393 23.9325048418374 22.2101539892895
39.4811859944434 34.2226165763516 27.5075300817666 20.8926688458335 16.3713854081819 14.0175052052057 14.0280876101997 14.7757555619419 16.3605085275085 19.2347484379327 23.1968659562786 26.9517795376919 29.6360042374228 30.8886112289219 30.63105854949 29.9244641874904 29.7540400755101 31.5361576322537 34.0969161377184 36.4729349634743 34.912615611393 33.915206704792 32.1073132750281 30.2988726861715 30.6424893071155 30.1339518362207 28.7381018394738 26.8111900494901 27.615560403371 29.7967598115493 32.589942993288 35.0111799030132 35.0646318255103 31.7836632566094 28.5913441688627 27.6633882376503 27.4304146441768 27.7907428992216 28.991921412755 28.5588872965718 27.4751643750001 26.1046328869877 25.8825236069917 25.0820897149238 25.4992222224427 25.9279474687147 23.2375209000912
31.7025156510209 26.8470293610383 21.6978203656593 17.1841059780981 13.7567415438152 11.6014122198074 11.3971948780654 11.966187752343 13.745597916438 15.4618989234656 20.0132894977004 24.8572710602237 27.8747008502553 30.6337684662973 30.8903539922313 29.1633669868061 30.2593894562009 32.9937464951654 36.7027752972738 36.7407727166268 34.5265710402428 32.6576423903088 29.9321171590849 29.6320209225747 29.6342782433174 29.6922275812786 29.3497489230385 28.5403945000006 29.8466591897572 31.4682609344586 33.5097733676483 36.0124284885781 39.945690375001 38.2253523516402 34.4346927369917 33.4047327518937 32.5196052063505 30.8171762939501 29.1214538124301 29.2278073445884 28.4930721825294 26.2342340198193 25.2971839823083 25.0490729505101 26.5270305495126 25.4468885377548 23.3015108596427
26.5271753136629 22.9636820495164 20.2885723829979 18.5112906856773 14.9116285920892 10.9842802047514 10.6460697170883 11.4262380731307 13.3149085655657 14.9909452169191 19.2326423191696 25.3660481637793 29.2826150625002 31.2246432215177 30.6990905843261 30.2753844578634 31.7990620572828 34.9503564213827 36.7013418310656 34.8950094547915 32.5704121114935 30.0353907938619 28.121636970581 28.0802310277528 28.5713745812279 28.8788745182045 29.2461190699205 31.1681222294256 33.5063315916276 35.9582995250293 39.5071858300756 42.4984433074412 45.5829733748603 45.2246433449833 43.0758775828641 41.2114563551818 38.2638203390398 35.8445343729659 32.7876118256521 30.1140292896026 28.3655354594325 26.1329145937146 25.0690706997938 25.5270196562853 25.1808598496091 24.461789531285 22.1925493125001
23.7257626744896 21.8189192450427 21.7481373563623 21.6591364497939 19.4757996749942 13.638791462183 11.7105281733701 12.1199905875348 14.080490045966 16.2187038829981 21.8678018343051 25.8768221170027 30.4988255337358 32.2056027685675 32.9177956490373 33.4022077950676 33.7640338401989 34.1617575872041 34.2355657837505 32.7078604117306 29.8843318754527 28.2326175884628 27.8791413045025 27.6873819615822 27.2627395437213 28.081987162755 29.3726808125003 32.284819354052 36.0186469549336 41.0609401492222 45.8977645568439 49.7921008607782 52.2009025056578 50.286314305218 48.8748480997986 46.0133745001417 42.8080072166504 40.8730041074968 36.9314404616073 31.9093905848107 28.2956956757673 25.7621186627552 24.777378948734 25.1876615979552 23.6254138937986 22.9428484622448 22.5900657500001
21.8447041249999 21.0005083729857 21.3908837887792 22.0720238632727 22.3210192697744 18.0914422163678 15.2047174883425 14.5673699015062 16.1790544915574 19.3267423250773 23.6917049874861 27.6889547794193 33.4652776463301 35.0663527135205 37.3533199647334 37.2979008953631 35.6903610697691 34.7351338570213 33.9462660930137 31.4814737125357 28.5072066570062 27.9739135080147 27.7458586954975 27.7667461445274 27.73152363801 28.3662669481403 30.867769395363 34.1849177098466 38.4593351875707 44.8731521189634 51.3099967716944 55.2850610493927 54.4756602252959 51.401571665863 50.3628447511806 48.3169755568428 44.5912232779141 42.9439971583729 38.4087767220859 33.559848786848 29.7781310245246 26.59006575 23.5657206122733 23.0683197687082 22.3397196791544 21.7718327919959 22.6797657259492
19.6181210688272 19.1322549548356 20.3664501062914 21.7771023480861 21.7883365396383 19.7211801539918 18.4848907530245 18.4249205895449 20.5828840512664 23.7661314104566 27.8415315399619 32.6941416437094 37.4487331495885 40.7217530000709 40.8030552641699 39.8742311075669 37.8054983524515 34.6847288726728 33.2482791119897 29.943645133935 28.1241283147995 28.1452455641574 27.9046605750065 27.3768899876356 27.7804310312146 29.9120429191617 32.718586030018 36.0661193892027 40.8779051653618 47.1902301250003 53.876969955505 54.5646226693533 53.197510982496 51.4065228750706 50.2201207434673 47.947510982496 44.5507973808401 42.4633401699252 37.8583715190463 32.3868982227924 28.6256149033744 26.6535926349407 24.1122486590851 22.8318777705744 21.7072252847013 20.7813654809533 21.1292103223866
17.949650799943 18.0224554097016 19.0180132187147 20.5444603395442 20.9219435205745 20.5347383911841 20.5761683124928 21.6916437000778 24.4430158564424 28.6795394563504 33.318671901021 38.314643922589 41.296300292761 42.1618977790564 41.5437250334413 39.9875661383931 38.1123943922914 34.1125567508509 32.2487729999298 30.1264522810096 28.7000814104679 27.8473841955976 27.6368452770441 26.8747731420247 27.013154325297 28.9487457953487 32.9824637672476 37.9197200407919 41.4678437915907 47.6928196249284 51.0240476934096 52.456787732495 51.2332939926461 50.542763154126 49.2125084597558 46.2009547208721 43.0919418628114 39.8926299431566 35.8123621046369 31.2896207577618 27.1712074106568 24.9117534332369 23.0105551688622 22.0754457073898 21.4401025457964 21 20.5787281302527
18.4852290565894 19.3419283936378 19.2549132378399 20.3201902312212 20.7540909081251 21.8964856068689 22.7955421460556 25.1813876809603 28.9223764116361 33.6867121885687 37.8332430001415 41.0278935938875 41.8776424824962 41.3075647555559 40.3577169158054 38.6742549774626 35.6206623385203 35.2637353563654 33.8764478458728 30.0230797975964 27.7970731901904 27.3907942953872 26.6562276140604 25.4238233557926 25.0981209546371 26.4712020998986 29.6265360264311 34.2979776897978 36.2503905978363 41.7402515551453 43.5709776827333 44.6923534083705 44.5648734422755 44.05644101729 43.3793902556556 41.6368989946048 39.4257408559523 37.0536573653444 34.64309812207 30.5658596161671 26.7505725354558 24.419389303613 22.4636182477009 21.9765884295004 21.3040657165641 -9999 20.1801315000002
19.2134050046928 19.711326388009 19.8831427075278 20.43649076301 21.7154329460254 22.8755179117307 24.7355426183781 27.8521844127561 31.9729349634748 36.3797680298863 39.2944591193426 41.4794543507777 41.7840629083733 40.4096936791845 38.9927606895991 38.26063087456 36.5124178124995 36.3746992864811 33.9244511904313 31.8168890015204 28.4780009236978 27.2023843102557 26.3249262389543 23.5127169622433 22.8688412336872 23.0608847018404 24.6071684623038 26.9859898562878 30.4290378192496 32.8850456424285 33.3614848592395 32.9681133575606 32.8424474667489 33.7267796857743 35.0097722567162 35.2555574889716 34.8118156767852 33.9799943034487 32.5583547361451 30.3835898191016 27.2158362062083 25.4414844690678 23.2394245932475 21.4028031328499 20.8839771114551 20.8526199941572 20.8198684999992
18.1018139046613 18.6434220712633 19.4732876566476 20.3474794134493 22.1933197687082 24.0435520017111 26.6218091272998 29.6905031671379 33.2990452791279 37.0054776485735 39.700652044997 40.8824994685653 42.1366489200668 40.9423579749717 40.0284423914108 38.6679062126902 36.3152301250003 38.0978451875005 36.0269347529301 32.4445252591919 30.2687941939501 28.1748578250068 24.8976324129046 21.6058949374293 20.2657280035921 19.7335490701519 19.8184920336318 22.1945951142887 26.2014609622499 27.5172475250277 26.6728325533908 25.5220772375555 25.5571385878563 25.4065965899231 27.4319505437201 29.316734036912 29.9862632420019 30.2130790508548 29.0340866109651 28.128425902162 26.8447041249996 24.6863744551811 23.2731708680257 21.601404610176 20.1158776319352 20.0590026716136 19.8986760312499
18.7035807352001 18.854453847005 19.4191611897995 20.4974208662141 22.7509570312154 25.7406475443037 29.2546897937925 33.360513717589 37.2712391845709 40.0598829100654 43.3169510130107 42.6292928685306 41.9799854652385 40.625060142704 40.0824885594446 38.0585156190569 37.9319325126555 40.25 38.1937218554617 34.9869459132202 32.5847385317159 29.4370632984658 24.3736688055297 20.89145788801 18.4279464414309 17.8683127499292 17.7215055901659 19.4056089039609 22.7363027374523 25.0198737511193 23.523013507997 21.4946928503025 21.2118989234656 21.9538203362205 22.8614353987206 25.3718331734655 26.9074284874929 26.4181206494613 26.2046453937785 25.5406101244332 24.7928488437145 24.3471954692181 22.728597425743 21.2420208436183 20.3089015363903 19.5587390554381 19.5216683096667
19.7416288624231 19.8308211065198 20.8738219666864 22.3534405937149 26.1448981002552 29.6757212388137 33.1529766875002 36.2149584432604 40.4774352392809 43.7217677619326 46.2826150625001 44.4987101368562 42.158317645094 40.4950885828629 40.5607417770214 39.01211709898 39.5417690590194 40.9930424375003 40.9683409414312 38.5093297325669 34.7252190629959 29.971431612423 25.3764201744902 21.8634040625005 18.8697974256968 17.5105925129398 17.4658602891934 18.5444982108957 21.7344153609657 23.6106080422945 21.7503217312213 21.0939210873948 20.8745434561378 21.2164102187931 22.5829216124936 24.2612776231336 24.485562149745 24.670926870759 24.8742036355171 24.3101635461187 23.877020037755 23.3842005895881 22.1174150226039 20.7857047062082 20.185883024889 19.70730754286 19.836591241497
22.0623384020448 22.2992806521633 23.470379809877 25.8325356520451 29.3101427322948 33.562933226258 36.5378022703633 39.0174255722874 43.6416221628478 46.5906395056574 47.372272270575 47.2124458489806 43.9116350373846 41.331382607426 40.6179057879681 40.4885388751419 43.5647380739522 44.5285203526899 42.7799494213697 39.5828603250848 35.0345418152716 31.1876015464493 28.803085354638 28.0918618208243 25.2658806062223 22.3096107754548 20.945690375001 20.7118265317896 21.8055524100863 23.8796476809478 23.5346093362216 23.2503094822494 23.2447633255112 23.8243817433529 23.5985270123019 23.876718544424 24.7023745517891 24.2460158445764 23.8661856345222 23.8701750499933 23.524452949943 22.4980474861294 20.3408832837409 19.9549671249999 19.8149051409569 19.3637697570688 19.6116442820884
24.9000609579199 26.2327671229373 26.7966219533874 29.9247226687926 32.885761769341 36.6666009989073 38.7799355244927 42.9113473530585 45.0566610504822 48.1773542048634 50.0057542936507 51.020746082864 47.4973463377393 43.4485833181581 43.2089726610725 44.3885919614664 45.8900604988806 45.3110369525987 43.1888924241466 39.6429679468171 35.5471260189167 33.1663880425751 31.9008773807482 30.3139472436604 29.2661845022988 27.2231006291226 25.1974610732107 23.8300217263499 24.656577254883 26.4323155312858 27.6425563312791 27.906844606292 28.0469909007769 27.8561388870784 25.8189294128735 23.8753078860944 23.7815712205809 22.5150103857107 23.0665063745472 22.7624440989293 21.5923700666936 21.0297356640512 20.0714759048665 19.8490721875707 20.0233625994055 20.3940105790817 20.1401027740509
29.0958604135103 31.0029903340689 31.8534402501418 33.7577794375004 35.1167796571275 37.9211250624296 40.6037313452322 45.1952705399815 46.695612288208 51.5265565130101 54.4457201166136 55.8128643685133 53.2045877416728 47.6635360523917 46.6790043309902 46.9552842026445 46.8223975165214 45.9158571638834 43.3868195130105 38.7764217003695 34.2222714318432 30.7925788748597 29.8303443286224 28.4392683312638 27.7885318563629 26.8665949190124 24.8757704562081 24.1744204619543 25.5672142616113 28.440529274745 29.1670849869195 29.1125821875001 28.249905516511 28.1634002262791 26.4688098745115 25.0341637937918 23.2519314063483 22.8655366749938 23.5507970372665 22.2606022122108 22.622979962245 21.8693521293717 21.3192603027774 20.5557859808038 21.0976429405556 21.0621146657658 20.7817828213568
33.4670071853963 33.5234626466852 34.7140813909764 35.4174406453625 35.5898469656382 38.4162935130088 41.1793501028758 43.8596289202077 46.5189227612771 50.9395446816538 53.7409352006449 54.5427596338246 52.720681504211 49.2768180843195 47.1957675130057 46.9131849218287 46.3036789736158 46.7147717063494 45.3164571250703 40.9893012386171 35.4723466074944 33.9290872218417 31.9927596368973 29.849448041436 29.8320402869749 27.8231054987715 24.8924290447958 25.6936024119478 27.199036483326 28.8456611562157 29.6387560254533 29.6925493125003 28.2471122580397 27.6692624187923 26.0646503303238 25.1501090107114 23.5367246101661 23.920332024744 22.7043873303222 22.7373283142811 22.4918129853944 22.345939827331 21.9229420437806 21.8208732007279 21.4662782228379 21.4208163515647 20.8660481637795
35.4343808872545 33.7872534374996 34.586057781009 34.4217183262809 34.1120007362961 36.6485521000418 39.9280194176804 43.2397354741207 44.9755617513214 45.9045238804637 46.1663180568418 44.7005764809521 43.6484201425737 44.1965042989231 42.1791748123584 43.1791539939048 43.4257821926468 44.5815701956737 44.0277531119889 38.3530114779788 33.0879364067102 31.299588960586 31.7013305557771 30.6439823058586 29.005721146331 27.2115645990969 27.3635936495407 28.4671852186186 28.4217045135337 29.7569317984656 29.5773596809828 29.8724074267891 28.2852309781368 28.1779474687146 27.3895522618844 25.5841489561374 23.1972648703262 23.009026675461 22.840351020529 22.4654276642829 22.6428683040344 22.8878176639634 22.2915668987208 22.3076202223845 21.9515011487207 21.635774193962 21.0285683875769
34.385478343517 32.1249093295277 31.4310468771341 31.3614809582202 31.4333639727074 34.0199311686663 37.9471876874995 41.4198669741209 42.8251409547917 42.3421828291912 41.8566260872039 40.5103716671377 41.4872814739804 42.0849988275449 40.1530043588829 37.9328399748383 38.1158050800735 38.3945396568612 37.9917071836142 34.2204273551457 31.120567817146 28.846131257652 29.214060716848 30.532341676789 29.9953725182278 30.1477898232111 30.5813159399663 29.2518626436377 29.1339181497374 29.1562014874228 30.061099924765 28.7158920778745 27.2591480532453 27.725709550269 26.3127016754885 24.45900720051 24.0693714295028 23.7236967717344 23.7703014164209 23.1411232310792 23.4909935624294 23.5239847005731 22.8959677062084 22.5620919463855 22.0408915704976 21.1588876780416 20.5456054104559
32.4405618787907 31.2105065038537 30.2043985671233 29.9523688248404 29.8696965000066 31.8071765672245 35.9024278546371 40.1736868909758 41.4803765056571 42.3010068560505 41.5773246425037 42.5391145173625 43.1689406875705 41.2236140799333 40.0429804576091 37.8131079407787 35.0331314328309 33.9034708487492 31.726456281311 31.1333777369899 29.5401471604681 27.7590064375706 27.4804927379894 29.2999929812211 30.4422131622512 31.6383247003659 30.7710983999461 29.2413488772992 28.9104138278568 28.1818781520442 27.5897433768644 26.2651432976695 26.522136988063 27.3185157598134 26.342375852209 24.4027288250847 25.2192475811376 24.1399575022287 23.7957689849177 23.5376415672646 23.4214803772993 24.154738210351 23.6824506875 23.1600615296106 22.5127395437212 21.9485820817672 21.5580859874936
29.9902005247446 29.3445838395917 28.7878821380804 28.4775983065538 29.1484945524464 31.0024765816171 34.916433704862 37.8526523185516 40.5721583596781 42.3420945168855 41.4175701787013 41.329095783373 42.5478155493486 42.4520991046366 39.6701661390764 37.8049966873596 36.1933005878986 34.6444283575672 32.3878500694576 31.3145500281535 29.8233354126253 28.5415412887801 27.533014429066 27.9388099505097 27.7501093921806 30.0753784186925 29.5300974318523 28.3879357242299 26.7972169062856 27.4208724374924 27.0283077067263 27.0015094710722 27.8510360602007 27.792620729901 25.6934209977006 24.0692795299627 24.8290954397994 24.0780243567173 24.2627395437213 23.9585151494619 23.6624400125069 23.9456002502758 23.6185864462636 23.3157835196792 22.9256503297214 23.1781716049491 23.2250549828196
