DATA/PredictorVariables/Future/2070/prec_ver_41_70.asc
NCOLS 590 
NROWS 274 
XLLCORNER -7.522276026 
YLLCORNER 35.996888128 
CELLSIZE 0.01 
NODATA_value -9999 
[rows 126 to 146 of 274, columns 47 to 93 of 590]
24.2228709515335 24.4218567791094 24.9568095307469 23.372359081279 22.0667154594453 20.8957086450168 21.1834779686884 20.5381074038511 19.7928671514767 21.2099621288776 22.2111843917841 23.871016089615 24.4624731767891 23.7527227072932 23.5307524188628 24.2186859393453 24.7102308737816 24.5116648489321 24.4965652995618 24.5491916721429 23.5870275139669 23.001515948776 21.7842918919824 20.217200456714 17.9954759364779 14.904467317639 13.024835624999 10.9503089545343 9.97614630322043 9.83009923692945 13.0382972794188 16.5892960283559 18.4498913707584 19.1553216390332 18.8305532754234 18.7687043903745 18.6558941744894 19.4016577420024 19.9718777479561 21.3395926454078 22.06350923699 21.8365202065411 22.9412734445237 23.2512758679766 23.7381018394743 23.6891862830811 23.7311708409185
23.1144920805146 23.7239280030097 24.2402771344098 23.4058941744898 22.4194548158351 21.2052888562214 20.7165339772817 20.1118033538399 19.4915477390259 21.1099054739865 22.4745290750063 23.7700250932815 24.201604095581 23.2166375152862 24.0161472767572 24.0946052637348 24.0607276407795 24.2391309187917 24.6441122046097 24.3337241349409 22.9774635913925 22.7499387125911 22.0720703582935 20.5797147853289 18.5236632262795 15.9860257098947 12.6343763015544 11.0170088064168 9.82955452027389 10.2233009711703 12.9954484357044 15.9030024515343 17.4484372690464 17.7287237976757 18.2060874400978 18.3362719596246 18.1801315000002 19.25398767912 20.7012343624228 21.5163757470789 22.2618295486471 22.9437147530585 22.9842722913677 23.513544642167 24.2862111755447 23.6220455125063 22.61796871391
21.6780419522037 23.3354000391931 23.4919214127549 22.6230883896054 22.4745220753964 21.8389189612206 21.1381272409096 20.2921199748832 18.9748426437788 20.5989494308586 21.438548289337 22.8374731767892 23.7291229642639 22.0558953567952 23.5800257297685 23.8348788857105 23.8752931012057 23.8932558146056 23.9572338480863 23.300072095638 22.8476842132185 22.5647208539448 22.2067137932331 21.0239455517267 20.1421076062924 18.9370305519914 16.6346393455937 13.540368735967 11.6290932198706 12.4037471437088 13.9357633205416 15.9783811559754 16.217658323211 16.6338067186893 18.1846432018081 19.4003069314632 19.1372438983728 19.1898629289754 20.124017204751 21.6946224500962 22.8653660103159 23.0773262062788 23.7192066238796 23.1695546939566 23.7242565932615 22.7569317984656 22.1276206808308
21.327947087245 22.8198684999999 22.8423849374999 21.9411934978256 21.5357047062082 21.3408362062082 21.3633526437082 20.6007423489752 19.0472035789194 20.3670466483726 20.6634037728987 22.4608046851691 23.1971183764085 21.3833716884508 22.0941229592056 22.844956749937 23.0721335655421 23.1725255966663 23.3192959645442 21.9620289552002 21.9095291797895 22.5166417564821 22.8076522059688 22.6273289459658 23.0956611562148 23.1651682932979 22.3189973371947 19.8351670116466 16.9224631349548 15.8105917500003 15.4758066746037 16.5528077181674 17.630138518779 18.518702809435 19.2111945783865 19.5502197392894 19.9489021490613 20.6962820750771 20.4218681746398 22.1623810167036 22.7138878738451 22.9509270494899 24.3508237869891 24.1863105503779 22.7822933312788 22.2317179274435 21.3483561031246
21 21.8337241349409 21.9853981562146 21.3826072807817 20.6663686958236 21.112308801789 21.2097882152383 20.1427289397763 18.9312747943353 19.6030496553181 20.2549739709585 21.2226369641835 21.7883661260926 21.2522650655422 21.2176388107186 21.703849656722 21.9135369624576 21.9865632672375 21.9591084295024 21.5406622244415 21.5283115625961 21.9613263880098 22.1561981140107 22.9828443409166 24.2278073445884 25.3326291023437 25.2619064174835 24.0255387829964 21.8164291891882 19.8902854892897 18.5175151833975 18.1971143162206 19.7118079585592 20.4862938306315 21.1296945563137 21.0217459812919 20.8498813094311 21.3764438709802 21.1545083786696 22.1295503724861 22.3018374542769 22.5036027124577 23.1508137789543 23.9670562052017 22.4509270494899 21.9126127598421 21.3080793880807
20.9099342499999 20.9880085564336 21.1308396110361 20.7707412587631 20.169406054428 19.8287476510858 19.7954878069505 19.6005949654321 18.4567198849773 18.9448466107102 19.2702604572487 19.7667311883344 20.2673295732105 20.7798397740505 21.137988389837 21.3044848316887 21.4263319953059 21.3651650022449 21.3761789981334 20.9210896119553 20.4811887632043 20.6468994452684 21.3950960165681 22.7117620305117 24.6111616128128 25.5433957616669 25.5211028624226 24.7417137150085 22.753329765667 21.5540876580809 19.6211181665364 19.6450332564698 20.4395834566889 21.4149292538776 21.694226141982 21.5965001958238 21.0221254119596 21.2495541176948 20.5773262062788 22.0179476770858 21.6797488249435 22.3501218802469 21.9772410737894 22.101370873907 22 22.4108670476998 21.6372594311865
20.3134340541761 20.4332211437081 20.1468393914089 19.7625417326384 19.6327943083067 19.4414366239071 19.3036554054231 18.9557421066912 18.3642946286182 19.1324361627587 19.4035825993042 19.3881837389355 19.2428558624936 19.6376777587861 19.6528896091859 20.4128259729555 20.7197947954718 20.6055732062079 20.1481229001777 19.3175737736386 19.0439922859028 19.4750369675339 20.593155393708 21.5781450079972 23.2596333788772 23.7718690869452 23.8838424440401 23.6502777629049 22.4559204393146 20.8180058563621 19.8716579336661 19.7523131389607 20.2829142122449 21.1315303380717 21.5450507020082 21.9877174131069 20.8136683824206 21.131178834898 20.4786403808135 21.7642759936609 21.3888216228657 21.4815761720513 21.2055469196777 21.6224074267891 21.9034998041762 21.5807375812081 20.8791575307274
19.5607793706288 19.75 20.088243632997 19.7423940730192 19.4739081940398 19.2105035354106 18.7262000375412 17.871602282507 17.8699268225824 18.4369952521849 19.0108945552456 19.3063379989066 19.3879903479557 19.0327514941579 18.6693988504496 19.1949692983688 19.2743172962019 18.933951073281 18.7494274645439 18.2381314003748 18.0263843562901 18.4253482960892 19.0496712499981 19.9062961170003 20.7858022179594 21.7745138937769 22.4784918810426 22.0618486007636 20.9662943104282 19.765259139078 19.3643830462023 19.2594704904573 19.7778772159168 20.7454107050753 21.335453139034 21.6450778614373 21 21.1080789687152 20.379656038703 21.6741741795025 21.4863752560166 21.0938657758715 20.9335750334294 21.0641862830812 21.397023617707 21.0060039481402 20.9411018102013
20.0180132187147 19.369922425056 19.287461135246 18.780965472473 18.7245390012177 17.8692720255584 17.3935365046939 16.846870329277 17.065589417449 17.4099342499999 17.9716922932737 18.5248356249998 19.2282540187081 19.1366448013134 18.5740130573243 18.5414624539146 18.5630460937148 18.6367232112064 17.8188246580805 16.4760282133854 16.2049671249999 16.3416144812917 16.8198684999998 17.2981225187079 18.3732450118031 19.4490762845675 20.1514018489318 19.2381704513529 19.4684858666467 19.584504273447 19.0300224892893 19.0971275802003 19.9507370323153 20.7906870503321 21.0990112437354 21.3931009232915 21.6124470312859 22.3625564234666 21.9436970895105 21.8181833370506 21.5705037999938 21.4669275384409 21.3453119242202 21.2026962830105 21.2219142166492 21.2779439614499 21.7730140303929
19.7494374940783 17.5607417770213 17.9822287313088 18.1214631004343 17.8325281738261 17.6246655864905 17 16.5 17 17 17 17.4099342499999 18.442275926789 18.7345013812235 18.1197870895319 18.3552740564632 18.6720430150221 18.1894411739764 15.6430799124608 15.7267131062918 15.9927947468715 15.9174403017892 15.9307195920662 15.9485345688309 16.0751421749932 17.6551738807943 18.190003677555 18.6039216046657 19.2454694372169 19.4247724834318 19.1366473562917 19.3378403728142 20.230560925829 21.1281668265345 21.7694987336898 23.2848845813079 24.6281668265345 25.8408362062082 24.487954434476 22.6871777551054 22.6755188890343 22.356689817382 22.0434841437085 21.6936361759599 22.1211288283866 22.5084522609741 22.7078671049128
18.0973162115822 17.1382406650982 17.2882915029716 17.9624731767893 17.3700487907925 17 16.9399567392893 -9999 -9999 -9999 17 17 17.0341637937918 17.5986239151019 18.0961520463676 17.9836242529211 17.9085315375233 16.4015631124231 15.632685864636 15.9466270483689 15.8996559787755 15.3956012600564 15.4054663724899 15.6435233015971 14.8204410354557 16.5830713499169 17.7475763550654 18.4883640120258 19.4638423677463 19.1291413045025 19.0720525312853 19.4226254482108 20.6324690745964 22.1775858650551 23.5552732556276 25.3894393517637 25.6291413045025 25.765420645504 24.9658362062082 24.4885852849093 22.9117563670025 23.1291037621508 23.0540393125706 23.3066834841137 23.6116816811724 23.2593281687918 23.158961685483
17.7954338504962 16.7997353152847 17.16397432551 17.8128209217129 17.2187973293944 16.9918129853945 16.5465816062916 -9999 -9999 -9999 17 17 16.9871331697941 16.6080789687148 17.3564208452426 17.9323936066637 18.1416164268322 17.7900598492565 16.0517210314221 15.5697362641152 15.4305390771053 14.6634674844074 14.3827963035635 15.1407132569349 14.6567756717946 15.7907888206134 17.8327947276726 18.0889189612206 18.3935365046939 18.8629036260022 19.4394573252058 20.1846589661493 20.9174403017892 22.0182093881538 22.9688324397991 25.0009809745461 25.4298097687788 25.3387227583361 25.0128668302059 24.9155595770367 23.4787030364142 23.6332359813624 23.5053493806908 23.9523394413844 24.1538095092669 24.2049671249999 23.7874539094248
17.5759118966369 16.5470611421633 16.9474610732107 17.7839327183693 17.369615134697 16.9541588027058 16.1662758650591 -9999 -9999 -9999 17 16.954967125 16.8028740901717 17.0047882429608 17.6464725955808 17.7865530104177 17.872531689776 17.2439377127902 15.9590064186225 15.1334811563346 14.7797472864292 14.6170442321718 14.2639807627895 14.4710198176758 15.5792149433198 15.7344153609656 17.7050214157266 17.6583855187083 18 18.4474405720473 19.5075388343047 19.992297385311 20.3810519500769 20.9645944435367 21.6614829812915 23.2169912663808 24.7355879137787 25.1945056208968 24.6983003760925 24.2732868937082 23.648629126093 24.1241307320195 24.4357979421463 24.2962278200912 24.2882915029716 24.0346411487942 23.9471974459657
17.2225974968712 16.4806153190526 16.5180824742163 17.0524330037869 17.4505119081514 16.8483750405129 16.8243538917769 -9999 -9999 -9999 16.6397369999996 16.5848788857105 16.0375123828323 16.403650347936 16.3102877867297 16.5247153395919 16.16397432551 16 16 15.9369360792771 15.8678597814379 15.8285204045883 15.2814081805817 15.3331546033708 15.6906868406492 15.3445022750393 17.2010861949205 17.9759831767187 18 18.4902416380453 18.9313787379607 19.4693336026686 19.4570700030382 20.1642997616841 20.3018552812851 20.9058875750766 21.754768425119 22.6914107022224 22.7713717162645 23.7619687947938 23.8919210312852 24.2342972270677 24.2215262420023 24.1465103262099 24.1489639397993 24.1992381507225 23.605729956215
15.6485112575401 15.6397369999999 15.3845847775554 16.000457322894 16.2236682575287 16.2419476991844 16.3524835625 -9999 -9999 -9999 14.9279474687147 15.620868553245 15.0179467088065 15.5247161214795 15.6844903066992 15.864901375 16 16.0225164375 16.045032875 16.01125821875 15.9252704518213 15.9258073084721 16.0784042197189 16.1465867420922 15.9561146956668 16.1195270268293 16.8975164375 17.7826084630871 18 18.0610088697471 18.4895256155901 18.6904192003211 18.4746635911645 18.6718406674833 19.3879903479557 18.9028197362956 19.6464282276496 20.74855793622 21.5450960822486 22.4534054187011 23.2078588479556 23.221874030716 23.2732868937082 23.5102403806276 23.6939067062635 24.0638926487035 24.137344559371
14.1892011448192 14 14.1636670125771 14.5727709390774 14.9913814195856 15.4016434174831 15.9347698749997 -9999 -9999 -9999 14.4919214127549 14.5851979334454 14.4204078525224 15 15.0327947087245 15.204967125 15.9792146579337 16.1964653640538 16.2139735625705 16.05124178125 15.7368402481079 15.7777795791626 16.2666702270508 16.3999996185303 16.6666698455811 16.8260898590088 17 17.3999996185303 -9999 17 17.7378813372448 -9999 17.9135369624576 18.8826518582964 19.4534183937084 17.9907353338711 18.5644037171545 19.2650940411158 20.6675770379676 21.1869035801217 22.2057375812081 23.0653857823779 22.8633487660359 22.8464250130099 22.4974675694931 23.1208627162312 24.0959274201171
13.8198684999998 13.8438854950679 14.0083514505604 14.4905693696855 14.368634137577 14.2732868937082 14.4099342499999 -9999 -9999 -9999 14.1501090107109 14.4412609556314 14.8457518565862 15.1883185146057 14.9399567392892 15 15.8693692525101 16.4878014188738 16.04099279949 16 -9999 -9999 -9999 -9999 -9999 -9999 -9999 -9999 -9999 17 17.1228172441579 17.5567688626985 17.7685817765916 19.1002639931145 20.0675493125001 19.1673505441496 18.6923300811264 19.4731031004268 20.440187630247 20.2063942576524 21.644513604496 21.7829142122449 22.1003286237029 22.3074506874999 21.8296456864979 22.2342535043716 22.7981368432273
12.9399567392892 13.1693566107965 13.5413144369423 13.9672052912755 14.1315577917866 14.0529802470403 14.1350986250001 -9999 -9999 -9999 15.0434841437085 15.3509348312084 16.0247615339618 16.0501300261717 14.8128628047382 -9999 15.8000001907349 16.3333301544189 -9999 -9999 -9999 -9999 -9999 -9999 18.6666698455811 17.6901394545281 18.6981971831283 17.9898857383683 17.3697877663683 17.3256218512062 17.9042552859032 17.616817731232 18.918012837245 19.1423230273848 20.4659662563277 20.314115254122 19.906844606292 20.0831339515345 20.2742517228853 20.9031118437149 21.6870109020757 21.3850986250001 21.5934287794191 22.0060039481402 22.4841618323077 22.0288210125141 22.6350986250001
12.6366473562916 -9999 14.2749448453933 14.0720525312856 14.0476198196411 14.4212710878602 14.7950328750002 -9999 -9999 -9999 -9999 16 16.2459599244897 16.1261126885931 15.4721679655223 -9999 -9999 -9999 -9999 -9999 -9999 -9999 -9999 18.0762101150592 18.6924017881252 18.6572328849701 18.7354369141278 19.2698406275085 18.900873124434 18.9287938530851 19.0442624187923 18.9233914419428 19.073387314606 19.5255122708943 20.8175532900788 21.1952029135092 20.9765054085454 20.9889944871343 21.2744933546786 21.7020754020447 21.5705451458945 22.0450328750002 22.2068297686377 22.0798658960077 22.2081956138816 22.3041049099833 23.2732929137689
12.7251643750002 -9999 13.9333295822144 14.3999996185303 -9999 15 15 -9999 -9999 -9999 -9999 -9999 16 16.2874363245253 15.364382264315 -9999 -9999 -9999 -9999 -9999 -9999 18 18.1892011448192 18.3676558431301 18.8213156021023 19.1384136340103 19.2991242984505 19.6722522314396 19.4176426353799 19.4953504093552 19.5964796143598 19.5184763619899 19.400737812808 19.7607215568333 20.5830814010516 21 21.0206569431078 21.4349933802463 21.8204322390853 22.19428938132 22.0720525312854 22.2603917262058 22.20900720051 22.3967459812919 22.8101595651236 23.0032309468174 23.4911163191415
13.6149013749999 13 -9999 -9999 -9999 15 -9999 -9999 -9999 -9999 -9999 -9999 16 15.9089046293931 15 -9999 -9999 -9999 16.8410608049601 17.3131929010325 18 18 18.0346411487942 18.1846710137349 18.8975164375 19.1821907412138 19.5413239594917 19.7124731767892 19.7065860280419 19.4634059744891 19.4169185989484 19.3674939482107 19.4012272072125 19.8678488628836 20.7987991646023 21.0346411487942 21.6347768937787 21.8150579682816 22.0627661110304 22.1422694305065 22.2618981605261 22.2792847218275 22.2914301625424 22.8156377021055 23.1215977103616 23.16397432551 23.9699775107107
