DATA/PredictorVariables/Future/2070/prec_oto_41_70.asc
NCOLS 590 
NROWS 274 
XLLCORNER -7.522276026 
YLLCORNER 35.996888128 
CELLSIZE 0.01 
NODATA_value -9999 
[rows 63 to 83 of 274, columns 368 to 413 of 590]
102.767056187499 101.792500871891 104.370640860439 106.666407997314 109.923072334407 109.723154420291 109.01452418439 108.067567116797 107.689755878249 106.39008462825 104.547278336826 102.825184155055 100.869967554152 102.034856247031 101.105257820018 101.20743840975 99.5970482352929 97.8741781249988 95.7638923051367 94.3989888272049 92.5464409903292 91.4838396979597 91.0069326397056 91.2249528586498 89.2933337822332 84.6845583586493 84.318169407233 79.8989888272049 78.2443620792649 77.5473520624998 78.1878035767366 81.0533566648368 81.8652114726487 84.5224910008508 86.2838427497175 83.9233087501416 83.8929506399084 84.2888567151344 86.653201281293 91.3010049023531 87.4509753399935 90.008954877125 95.9571110274915 97.1923390521494 94.0140927161708 95.0676841251407
99.5646840407252 99.80543221352 102.374149070533 103.89377394796 105.955710997032 105.009142641899 103.402455526019 102.837898659751 104.306027385459 104.590685844733 101.247136111308 97.6009271560056 95.6248247149918 95.1387803123578 95.0185939723655 94.8454475807834 93.5825964101485 92.6239084997176 91.5198739674948 90.9546570273511 90.4477108267862 90.617085749859 90.3521734648511 88.903816048072 84.5602161595834 80.0191000981285 78.423942512973 76.5732448808592 75.9716529912801 76.9177136875003 79.0037800853694 80.9685403890765 83.0571250511865 85.6119897729384 86.2216735113154 86.9127745989811 87.585638891351 89.0311177500016 92.1057213706984 98.5409959270401 91.8458267135205 91.8378419251146 92.010945422795 91.5703525510176 91.7407728411594 92.6691860772052
97.3281535494068 99.4245364373591 100.864850501702 102.851255875284 105.181359187217 102.757748349261 99.5496712499981 99.1977398057533 100.920167687639 99.2264263691393 97.4479983260268 95.4558018979564 91.7074960119713 90.1793249747523 91.0496712499981 92.7173379389442 92.983839697959 92.1535781145406 90.8854359415145 90.0461803863155 91.2545008049818 90.897817151019 88.4128548645363 84.653141928899 81.4532493645386 76.7002375190573 75.0442261612282 76.3801501523532 78.4049873418674 78.9074802498617 81.0804789023551 83.3948421208668 87.6053145273542 88.8631385830533 91.2062352845874 92.7857561250045 93.9888706769041 96.5403945000023 98.1788959931692 98.6531115001418 94.40188518722 95.661615815387 95.2254744726505 92.0267490002867 90.5883552056464 91.8146490277796
96.2327064515801 99.4578628167456 101.347339212731 103.730966180419 103.90821648954 100.965826822819 97.4174378967742 96.2748487691493 98.2315454332536 96.9105153472242 92.4836976692153 90.4686126247172 88.5365425153046 88.1744742614328 89.0090071247177 90.8745318210867 91.9009271252822 92.3593063123586 92.2717984183654 91.2086892847252 91.7393760676879 89.5788756247175 84.3164578122177 81.5658315520399 79.4847169157253 75.6189383229598 75.201162960621 78.4711274270403 80.7002216087421 82.5409710042464 85.6489397395408 89.7570328919147 91.3440840302667 93.2692585064475 95.2037954488148 98.3481127324609 100.853067606485 100.471080330042 100.932971848981 100.801390664293 97.9618506770414 95.3279251113095 97.0814090947341 96.8365990511858 95.3962728399668 97.4474413040206
96.6678308831064 98.2891263404156 101.205671672931 99.9884608721728 101.336924687499 99.3271833009065 96.5485789462351 93.4926525463403 94.3291403236339 92.0098532542448 88.820326101921 88.1986109895403 88.4890241572342 88.8900688017579 89.4613045927663 90.0300200842743 91.4439912822342 91.5057609635204 92.0369395798304 91.6281659852946 90.944840026592 88.5622295267293 84.2436438645403 80.6549131999437 77.6978342774925 75.4571514998591 76.2638665511898 79.6462887502827 82.6887255963981 86.1773660279167 89.1450624373597 92.2375547730457 96.064649027776 97.2117194067204 97.6375930975081 102.215809622032 107.389836162323 107.469916940609 107.342250124859 107.80956314832 104.294763249719 98.6065734930281 96.481616325592 97.0680549244075 98.5219100290898 99.4461680247414
96.5750847623288 96.358563907234 96.1705617838553 97.2232075898512 97.1795854157255 96.1099574865415 93.7520104249037 90.397244778446 89.0155692690848 88.136971527916 88.5239827932244 89.0686408127823 88.9788865347253 89.5053528518143 91.1201863399924 90.4320519599229 91.5307421595841 92.9403649376411 92.8804892289696 92.1691523443564 89.7690852644691 87.3935396322441 84.8623063967742 81.1930774526862 77.9382116510202 76.8158066292459 78.6909607690585 81.9093328229601 85.8706533260423 89.7892469886857 93.1258467977945 97.3815075091058 101.52480245644 102.924504998623 101.504642048783 102.80539904496 106.810639445793 108.67437053648 108.73788290102 109.596768214451 109.04850781958 104.558564797737 96.6751830273516 95.8425602225077 93.9023680443574 95.235978909866
92.6377361430542 93.0692219100068 93.1940382136223 93.5692722067061 93.652660424407 92.5527718401328 90.5647489186089 88.0288725729597 87.6374032852672 89.2367049697345 89.8992798134315 90.3642999479603 91.1310367542466 91.3334545164919 90.9335732760209 91.9250074091151 91.9609377879943 91.9468869739798 92.3926195475957 89.6947948392255 88.5372534374996 86.7189952997739 83.5195506600073 80.852434253716 80.0065517502831 79.6885575274936 82.6251073981862 84.3332430001415 87.8581527670636 91.6155479649928 95.4372643475077 99.5557894519275 103.555875372032 106.327492872486 107.134674611767 105.975773434392 106.633168551507 108.340333294961 108.705521455041 109.32794865102 108.696443815467 105.465294014068 98.7759831363144 97.6114595989792 94.0120258680376 90.9099342499999
89.1722919197958 89.8966696397052 89.7061388011851 89.3841193332704 89.071406284866 88.8414847747458 87.6801315000002 87.871453125283 89.5881038009079 91.281698847226 93.4809253385207 92.9769590715302 94.5919386529161 95.2919229007376 94.1217241248585 92.7678893052707 91.3754257509764 90.4769374782249 90.4800956439048 88.2682412946429 86.6997826657254 85.1445868913495 83.0121170989801 83.1875134782834 83.9468620511861 84.5883230667462 85.3357646915139 86.7476558897066 90.1101427145925 93.4653367184912 96.9526147689409 100.992593865635 104.19513604496 105.565798383481 108.634646537834 109.05311302602 110.75248887347 110.997196997315 112.021772565468 109.072052874859 106.670167687641 102.674013298072 98.204320535007 93.8447041249996 91.5162634229315 90.7071514998591
88.4963979746895 87.7928787850494 87.2181663401334 86.7633286488379 87.7326680217745 88.5307023466954 88.9953616250005 90.9041483636858 92.7644335291024 94.6755180477944 95.839789959274 95.6037869992707 94.571040176185 93.9894113017569 91.6599591727935 90.161105926185 89.683491943492 86.5965770279156 86.4929039510761 85.8502991876409 85.2102520899924 83.9729291268427 84.0382101251414 85.455166282143 86.3059129026338 86.5503178399925 88.7177597929419 90.9984622151338 92.3580786251413 95.9522736605872 100.55710305925 102.378611635468 105.471445160454 107.983687684533 108.168339947678 109.92261960746 111.824597264195 113.58659080542 112.67261960746 109.56811757098 104.70957233144 99.8632948874698 95.5716111832537 91.7673319782255 90.8457209553453 91.4278372352941
88.8018383402495 87.6105671563263 86.3006279376419 85.9855891501693 88.2257454722228 90.0487442763008 91.161735949802 91.6201863399916 92.6628450671183 94.0005810972218 93.4083309723615 91.5813296248549 90.86022252763 89.5788105190284 87.7512619941383 87.1304197776312 85.4955555007277 85.0115405947345 84.9870540473152 84.9272358082556 84.9457152977956 85.1154606034256 85.7222686832559 87.1006848838356 87.0394964645894 87.0259582135228 88.423078574888 91.6524306032253 92.8019655147055 95.6272459006465 99.5837096145413 103.230939865754 107.320526941212 110.226392062217 110.620636901872 111.103092621893 113.169972391545 114.071703872314 113.105546622031 109.776096984727 104.648395122171 97.4773098420046 92.7249074633351 90.5987614027743 91.0019619490903 89.5760446598627
90.4963354158213 87.825771792309 87.2546134522058 85.8863733107719 85.5179029852942 88.2563561354597 90.0346716034233 89.9324756102936 90.4249747208967 89.427291151019 87.5294739999992 86.8956327761607 86.5796913342738 85.9276992034183 85.2211070972251 84.6080786251413 84.7990189496616 85.5903758476489 86.644729071087 86.5217350348664 86.5003100976488 86.9903186806147 87.4947150350076 88.0450147044183 88.5377864477579 90.014602187359 90.6265943097539 91.486044402634 93.1537580901343 95.9573466366349 100.7173849375 104.160035894081 107.330214906559 109.420901847 111.537211936122 112.167460070979 113.044358259551 112.836055715499 110.621858937499 106.073953143752 100.993692952204 95.1449214592742 90.1112753338731 89.1287915772046 87.0046674294649 85.0519904374992
91.1378640970836 88.635774193962 87.9658471526337 85.5507973808401 84.6434591597249 86.6679833127815 86.0752503307831 86.1412747848658 86.0769997829928 84.8198684999998 84.1599342499999 84.5219399332541 84.7342058066407 84.6102630000004 85.1951394684909 85.4197321614803 86.3113134624483 86.9590040729599 87 87.0660485831452 87.6916720947345 88.4914449624485 88.1246992864803 88.7921371832545 89.4692803686944 90.5254121292456 92.6923820285377 93.2078323967748 95.795032875 96.357284296059 99.8108613752821 103.728387683822 104.853102190326 107.305188309672 107.534378041712 107.872602809531 109.294281778457 108.732325528452 105.395603062216 100.030557264419 95.2633340277741 93.6819389101476 86.6593524178002 83.6440652773503 80.7892973481288 81.4021548124995
89.15589730204 87.9727498248863 87.6922735217742 84.7884506959572 83.7257408792459 83.79675063546 83.2096967309418 83.9751643750001 84.1055925267869 84.1441057497178 83.8700858342743 84.1726621601486 84.8720342225074 86.0248356249999 86.5423394105873 86.8975164375 87 87.135098625 87.297217249859 87.7545508933374 88.9822972225075 89.7766373248023 89.0012276872176 89.2493534100073 89.5403555921477 89.441828743286 91.7020415290906 94.3084423880917 94.8141324592739 96.5307618299213 97.6455470511851 99.2074384097514 99.7119496102938 99.1911509332538 99.7205854832265 102.2615959375 103.127416877464 101.480668423385 98.8227891145397 95.4226818304859 91.1513080147053 88.0906858447338 82.8563753919142 78.7759831363144 78.6341916845015 78.8071748967741
88.5 87.7122913100358 86.4913043472254 85.6145479958731 85.4737637089389 85.5416221872179 83.8144125272942 85.4773487498594 85.3029449644364 85.4364689677665 85.0546258880927 84.962552990239 84.5773472239805 84.8048557092741 86.1228785252223 86.8123648532255 86.9339514168548 87.532339271774 88.3527842760197 89.1141015757594 89.2690746614793 88.1907859365686 86.9082164895397 86.8516367647051 86.963535306701 86.5423306942018 87.2755111939616 88.953698965415 88.7561761598656 90.1867903267848 90.7431367777738 92.227596480811 92.4665470099785 93.2111432848656 94.6715047508494 95.3956030622164 95.4875417151325 94.5696460742329 93.2536816873576 89.0118946732132 86.1968775898507 82.4307125972245 80.0991237480163 78.3394191600071 77.0643446404721 76.8817222441407
87.4041982092731 87.273928684501 86.7800505042451 87.3564083711732 86.4209043411595 85.9907785927655 83.8235577358856 87.5028956917456 88.6092285967255 88.4750456148798 88.2180315274928 88.6650973288004 86.8310586252824 84.3459722845845 84.2173927571145 85.6235970277745 86.2310382568317 86.1919027225071 86.5586783747172 86.7574983188204 86.2152005626407 85.347814099262 84.9073392717741 84.4557485276335 84.0186375708045 84.0823070173912 85.1264632659226 85.0149076157227 85.5923849374998 85.05635642984 86.0242591207539 87.1276199010195 88.6891676791833 89.2644612092735 88.5131865235017 89.1305155927651 89.7569575624992 89.1870918198769 87.5450577977937 85.2711532781633 83.1333808645399 79.5479285667456 79.5787553393096 76.8169728082542 75.9708937452737 77.1580613470839
82.3055777845839 83.9994985648228 83.8757814026336 84.323279187782 84.8382421558681 84.2981334651333 83.4645975710868 86.3980220494075 88.1007864745514 88.6660705969768 89.3879943167457 89.4702204865415 87.2240168636856 86.3810616770402 84.8161570986979 84.5097979114804 84.6762016932986 84.6570385582543 84.6760945520402 84.5108555573579 84.5271298897059 84.2609647654305 84.0967879941408 84.1046679373591 84.2467284021535 84.7453616250005 85.8406318674739 85.7083757432904 85.3568523122182 85.060884643906 84.6692514723665 84.704967125 85.6109153003383 85.5263734098659 85.4121476038279 85.5369433398508 85.8571219374994 85.4797286080774 84.3698498476482 82.1865715748021 82.067273521774 79.0232978401336 78.9997829688946 76.7792386816407 76.920930612801 76.8262059677661
81.8960744677662 82.3274910490983 83.3949214592738 82.9515004261856 83.0267911988983 83.0081894196206 82.7334047753094 84.116439159865 84.7894378123585 86.5927930492057 88.9490605904143 88.2507814026333 87.470584655644 86.8670857498594 85.9441074271819 86.5236079377829 86.2425539287733 85.155031960065 85.6913216252842 85.2356365478571 85.6860973619095 85.0719264603638 85.2799223271462 85.5432901917474 86.8420095540452 87.3752757907273 87.433598198815 87.810609034612 87.8111931770412 86.6461816090251 85.6627995217761 85.032890853228 84.4092125375543 84.4405059157287 83.5551771154731 83.3186968238156 83.4549671249998 82.7570529251128 82.0386954072324 80.7612032694321 80.3484262847238 78.6509271252819 77.7714327568327 77.3471985975077 78.4084410833315 77.8341592154149
82.2192578404158 81.692174457058 82.7875635351485 82.7406827776334 82.6784570501515 82.7970969766652 81.3195846823614 82.8350619445229 84.6731988602946 86.7173116506464 87.4341684479601 88.3028123125005 88.2161838744279 87.613158691746 86.5339498909759 87.32158626046 87.5554322135199 86.2988423962937 87.8816319261858 87.4149263210873 87.7254744726491 87.7161572502825 87.1975210537722 87.5975350898517 89.4648489758225 89.2304493399927 88.4484558470845 89.2101873321992 89.1441057497179 87.8807531439058 87.9484558470845 87.8261101526341 87.6989097252548 87.9556137149929 86.393561451077 85.1217241214453 83.8204145842749 82.2836722558599 80.6395016816411 80.7606645610428 78.9780600667459 78.2165077197342 78.32794865102 77.8521828489802 78.0489495375521 76.9221584902384
81.9867049697345 82.2698254843601 82.2819873450471 81.4978156251409 81.3798784178009 81.7537221597253 80.4511081032219 83.2038085797348 85.9406764095841 87.427323803772 88.5180128751412 90.0248356249998 88.8303165437928 88.3791920904157 86.2489417559815 87.690364937641 87.3576680217745 86.7347948210871 88.986044402634 89.2882101251414 89.9641885322345 89.1443200322347 88.7842816927342 89.0762059677661 89.953344727154 90.2857810477947 90.5837096145404 89.7833616080859 90.0161603020403 88.7422516507381 89.9411073427659 89.9052958750004 91.0877493198778 89.8706623385203 89.2032112975966 88.2198744302602 86.8369651598668 84.8425140397955 83.0813700972255 81.294739981095 79.8497180904165 78.6894487223668 78.2089531996615 79.2251643750002 79.045032875 77.9165149792518
83.4601903247034 83.4149085584294 82.6992691037484 80.5646536207545 81.4568141833458 82.0479285667457 80.7580801510202 82.9783006375616 85.8308443427656 87.2438871927336 88.5069326397056 89.0075036467743 88.8582093061101 87.1137538636852 86.4544991275179 87.1096864957545 88.4676950351487 87.6549131999437 90.2590071247177 90.6576404991494 91.4518665348666 91.6410051595846 90.9560410082478 90.9217709652754 91.3605269149366 92.2503100976488 92.014602187359 91.1530606268429 91.2521843748591 90.8914360927665 91.1301697030951 92.0952502092747 92.4476371987195 91.6030296467751 92.2890491033216 90.8079233241239 89.1552958750004 87.5454849621662 84.7482573167461 84.2898179957547 82.6803485311056 80.9803488342748 79.7976679627311 80.1974634782256 79.3250529592744 78.199060953278
84.2845883509753 82.5761101526353 83.0837350511902 81.6602443476491 81.487699383106 81.5142907154157 81.1689413747174 82.0859609152173 84.5571405898502 86.1706675583023 88.1133635901338 89.043159972084 87.6762655597534 85.8385279651348 87.1747491553616 88.6444158473679 88.8290899072348 88.2951531604077 90.208433823814 90.9965243716892 92.8310586252826 93.9110817613149 93.1898236533064 93.852182848981 94.1080710230766 93.5178011264319 93.0207737542474 93.2595663531439 92.8082974852961 94.1612617369105 94.1560119594483 94.0086482516761 94.8929506399103 95.5981552851516 95.2310709095865 93.7664858487005 91.5764202502848 89.5918152022107 86.7416394652766 87.13977747237 85.3302071678029 83.5599451600092 82.9701941982433 80.5692874027774 80.2941166597279 80.3100903148252
