DATA/PredictorVariables/Future/2070/prec_ver_41_70.asc
NCOLS 590 
NROWS 274 
XLLCORNER -7.522276026 
YLLCORNER 35.996888128 
CELLSIZE 0.01 
NODATA_value -9999 
[rows 147 to 167 of 274, columns 423 to 469 of 590]
24.3546609943724 25.6816802312918 26.0246377042475 26.3724074267892 26.7132436329975 27.1892250918483 27.2600888665342 26.4420296605263 26.9584331012792 27.1270309309825 26.491921412755 26.081987162755 26 26.081987162755 26.065589417449 26.122979962245 26.9875329380235 27.40993425 25.5856772752686 25.1576150625001 25.1350986250001 25.3441058255101 26.1426046767893 27.2628171790657 27.6709045602006 27.9967690531826 28.8273745517892 28.6772638232106 28.4729912369422 28.2598252392892 28.1450441496972 27.9168660484657 28.1122486590852 28.3233344762792 27.4994274645443 27.623100247653 27.8273745517892 27.8826864799013 28.2153648997449 28.3990826614322 28.8793392252549 29.9258724860362 29.5500047784147 29.7185445312499 30.119144647499 31.2456541753321 31.7616608713532
24.2747809370041 25.6419210312852 25.820121124937 25.7571441375064 26.1906866688624 26.4300557943028 26.3524835625 26.7354047556277 26.6332359813624 26.1771496685087 26 26 26 26 26 26.0630460937148 26.6303154372798 27 26.0042232498502 25.8975164375 25.75 26.1441050625707 26.9552888562214 27.4231111567736 27.2124248312789 27.8864626181766 28.0341637937918 27.3239151749231 27.2519314063483 27.1726737937212 27.1366473562917 27.0683197687082 27.1294419313764 27.2031044813622 26.9981373563623 26.8847159499434 26.8810519500769 27.0069527999781 27.1903652812145 27.5105551688622 27.7173849374998 28.8715390431697 28.9208033312082 28.3226660313204 29.2627169622446 30.6456315559592 31.5905418182453
24.3533403768942 25.145496399745 25.7071620495128 25.559470725255 26.3810585494901 26.0752834781028 26.2650103857107 27.1099350129394 27.0785196227007 26.7736687676335 26.1125821875001 26.1050761357108 26.1501090107109 26.1576150625002 26.1561146767189 26.4370632984658 26.8743673218402 26.9024281982106 25.8424887883264 26.0600432607108 25.7875268232108 26.9260914244901 27.7540400755101 27.7376423302041 27.81350923699 28.1034715555294 28 27.9520754020444 27.7528825475961 27.2840625647994 26.9339510732812 26.8498909892891 26.8170954986771 26.6709045602006 26.6558941744898 26.295153160408 26.0854531390342 26.1575112116736 26.2419214127549 26.6018548619192 26.7673295732105 27.3353492882076 28.3597145107103 27.5583223727004 27.0496712499995 27.8516359234652 28.6720729813418
25.4074576683828 25.4627465625004 25.8293333183245 25.595661156215 26.795032875 26.6504369815827 26.3903722999936 26.8405031130525 27.4860334562085 27.6251108693099 26.9447333437856 26.7214316124231 26.8633526437083 26.8975164375 26.8834820068865 26.7102407999934 26.6114290562353 26.4658362062082 26.6161575559599 26.5885170187085 26.154974143779 27.5900657500001 28 28 27.8254639062147 27.2459599244899 27.9909935624294 28.5217459812919 28.2546609564762 27.573601262577 26.6993783181983 26.3167788562919 26.3167788562919 26.2214316124231 26.0900657500001 26.0288210125141 25.7841637937918 25.6216159690686 25.3987434375702 25.3073140379673 25.4006060812079 25.4772582815606 26.1900435499931 26.0695467687784 24.7555364104116 25.3181370534694 26.5042364324873
26.8784963773728 27.532888448213 27.8678820779769 26.9122276734671 27.0150103857108 27.0457201545103 26.8256278997457 27.4715929841194 28.8250553642896 29.7533399954251 28.5230889729562 27.4595797359662 27.0120092705746 27.0300224892894 26.9852177281028 26.2881010765349 26.3311795978373 26.6801315000008 27.758515950298 27.8882041865021 27.2961796637803 28 28 28.0060039481402 27.6345260895444 27.1200882392898 27.9590072005101 28.9324506874997 28.2660493460849 27.1530024515343 27 27 26.9579699580038 26.7043945895437 26.4099342499996 26.1311788348979 25.7575060517893 25.50023900704 23.6483881227 23.2642137140196 23.6997802607094 23.8910040741861 24.1628259729547 23.8031372262771 23.2456055334341 23.7565668129047 25.7635580018657
30.3761678931269 30.4071585186381 29.7698638104297 28.3224141349449 27.1944119561378 27.972925655719 27.9537401249298 27.6218685940058 29.2537327625772 30.8939206680291 29.4646092061381 28.154974143779 27.2924337185652 27.3798249500067 27.2549132378399 27.111811731292 26.4305688630526 27.7701972500003 28.5736680046941 28.6114061377059 28.5307524188625 28.2954155500568 28.0540393125706 28.1642269504472 27.9552888562214 27.8564076626055 28.0360264374295 28.6925493125001 28.6447259435368 27.2897592000066 27 27 26.7654687502756 26.0341637937918 26 26 25.6760848250769 24.3811132374858 22.6415996436373 21.9522926064413 22.1201750499933 22.3880660374638 22.6810371124225 21.4621112625064 21.2461102812498 21.8199098459002 24.6151392373357
32.3889105866968 32.6241286583731 30.6735716573957 28.6198920698503 27.904149086221 29.0914422163681 29.8042598147997 29.0840400154054 30.1108351918826 32.1076210232201 31.0739085755099 29.0560031852007 28.3224009305067 28.1368452770441 27.8711348112477 27.9474610732107 27.6156980466901 28.7748356249998 28.9024281982106 29.0448047611866 29.3562229244903 29.9089951628736 28.7188051119904 28.887293549513 28.8365997737209 28.7764402051812 28.3891387005102 28.9474610732107 28.9699775107107 28.0271290484659 27.0960696981402 27 26.8032317476531 26.0675493125001 26 25.9939960518599 25.0929574729556 23.826791123106 21.2615461272994 21.1034715555294 20.9653648997448 20.9002401893461 20.7569317984656 20.9694049752549 20.2774281982106 20.1443496109655 22.0328139954237
33.3140493061641 33.8099576702084 32.2450398937791 30.4665953004821 29.2056024249939 30.8810054252694 31.9900876064335 32.1875892062792 32.2338475175743 31.8454472372099 30.211789531285 28.9422275812787 28.3093133311376 27.2537327625772 27.4978913308382 27.8181833370506 28.4314744916641 28.3204169892899 28.7885723829979 29.3849007042478 30.9751643750002 31.2894440681984 30.8951972500003 29.9290053853488 29.8861424669194 29.087370229929 29.2800224892893 28.798395904419 28.8033093829975 28.8408362062082 27.7614977817891 27.1651211142895 27.0960696981402 26.5326150625002 26.0375268232108 25.9366465933523 24.8408362062082 23.7066252484722 21.714295293792 20.5101532263501 20.2826150625002 19.9660485452491 20.2576226874932 20.2624178124999 19.6904265686234 19.0627243624934 19.3391153181979
34.9131447846586 35.8671928911183 33.7811672166281 31.8937552890558 31.3233087122468 32.7376205437513 34.7546107036178 33.7279470493485 32.4745906193433 30.5279274380255 29.4358908997473 28.5686961012804 28.2900665129398 27.9682325765356 28.149171641454 28.6620673371511 29.6767814124809 31.1838646061518 30.8065454186528 31.065099731308 32.0180128751412 32.0936684624581 32.3366543750715 32.2434833428735 31.872359081279 29.5038553373954 29.6208181688632 29.3419283936382 28.8347920750072 28.9155296562149 28.900873124434 28.2288971375784 27.7759082880469 27.2590064375706 26.3239151749234 25.900873124434 25.0055954062153 23.542610981379 22.599072187571 21.7212543496105 21.0900657500004 20.3267134877618 19.9372823686763 19.7349896142892 19.0568123138934 18.3204410354554 17.8138645518591
36.6655761810222 37.0773246425037 35.214607642363 33.3013792130399 33.73635518743 35.9190648423525 35.7885711627964 34.0364653804462 33.4319548372044 32.7227824229624 31.9125264796372 30.0243385545027 29.1263123460851 30.0846569187925 30.7728931136449 30.5541010129427 31.5270084194844 32.6882116510204 33.6483659838834 32.6928171568572 32.3521828489802 32.7625764541571 33.5837064869903 33.6503295129399 32.6639466541278 30.6498696600966 30.9988279448533 30.6420067208736 30.0082990894742 29.2996454859659 29.4512678371268 29.8181218479559 29.2198480499433 27.4561139137794 26.9745918395444 26.6674254309829 25.8747008502553 24.2909834700377 23.2286303512795 22.8295625606536 21.6125821875001 20.7681226108953 20.2266803237764 19.7417234920026 19.0492693074874 17.9057929454975 16.8886112289218
34.7727518105354 36.8758713416269 36.9515008051472 35.8900452620475 36.6345003255108 39.1406475064075 37.9236320451381 36.9813662438927 35.2248410800038 33.3252512236003 32.1197834643155 31.176398737423 31.5590282561079 33.2015557500707 32.3816278700106 32.4484676701378 33.1227401925605 34.4413223124299 36.5081027324969 35.6350439370045 33.869269437571 34.4454849627577 35.0326150625002 35.9341715755103 35.9341762675748 32.9073482923914 33.3223754827083 34.2435005451379 32.2077185694574 31.0084150810679 30.4887239568307 31.0186485187087 30.7798792565327 28.4518774812921 27.7879852967131 28.2661183880989 27.4717530000709 25.6506896065199 24.1962820750772 22.8738003439277 22.5438058749299 21.9992716503911 21.4394596687922 20.5816946124235 18.8708181688626 17.6276409187212 16.7326767692749
35.2052098651316 36.5937026627962 37.2810647674333 39.2911277112162 40.5305689171374 42.637403285267 40.9861343416272 37.3561150960847 35.3885649448529 33.3136798299333 32.5044413717213 31.9422501627551 34.2082979450647 33.8036836541272 33.9556362432711 34.8238809041273 34.9851976595156 37.1795332005103 39.3816323051472 37.1612016677608 36.1489366119902 37.365811064087 35.8775922296372 37.1861351045666 38.3822056818429 35.9847393704473 34.82966641148 36.7112987166273 34.1394746427289 35.0883203181574 34.0489308786471 33.480351582863 31.1810484570981 29.8175493125 29.4298338517639 30.0057144667924 29.7915416323531 26.969040141452 25.2332429622451 24.6147625847799 24.9243463362209 24.4886703973505 23.6628019267894 23.2522934234659 20.3103712477714 18.0669510130103 18.0110705270215
39.3796627933683 39.6972406700677 39.4525131248596 42.8586673995884 44.6087127049337 43.8963988134212 41.6922260175036 38.1339178061639 36.2795269825674 35.7972172498592 33.7197606498873 33.8512565624298 36.8832648186788 35.4882162672926 37.0581566575531 37.5220583298629 37.814924719416 40.8422501248592 40.197821767292 37.4176543074401 39.3298323123593 38.8852305824683 36.7360318924335 38.272304355387 40.0869776700673 38.5359170614381 36.3478451875005 38.847521892504 36.5103317255542 37.4375876425041 37.9634978378989 35.9068461700671 32.9903179934676 30.63387162493 32.1386466494621 33.9733032951376 33.478899044926 28.7716912932962 27.23635518743 27.7769344255457 27.6447407061383 26.5689628875775 25.9034332313627 25.1854051749936 22.8362782994272 21.4018845000711 20.0854820629963
43.2673380688231 43.8447437159316 43.2759582135207 46.8457012303322 47.7130196046379 44.4780375931441 41.6864630916278 39.3334513889418 38.8302401671375 37.1154751306572 35.1367044253831 36.3221382208738 40.8461792444136 38.2032216931575 39.2891270822396 39.0715893880102 39.7122301921695 42.5981459010203 40.3406395056574 39.035548423348 41.5981459010203 39.8956130511475 38.3752730421376 39.9556362432715 42.5704173328635 41.2429273498734 38.9878552296377 40.2361343416273 40.0152198052317 39.3036836541274 41.1459410382085 37.3902858328633 34.4974454394649 33.5444345755107 34.2660275596301 34.83602567449 34.7904221713828 30.5214646677612 29.9093359505105 32.2946735825514 30.6593359505105 28.8203058792414 27.803683997701 26.1108355354562 24.0133857369426 23.8885646012794 21.9048476025315
44.1073897818565 46.9495002122521 47.0661868126422 50.2752955695289 51.0559003924333 47.8700894756801 45.2528177675045 43.8179065509076 40.714607642363 37.6413277674339 37.9568039179583 40.7975398577085 42.1888325319865 40.0726862675043 41.7704479675889 40.1248651873594 41.3687094997008 43.7521843748591 41.5310647674335 41.3585166753408 42.4279471251411 40.4482216446138 40.3925547675041 42.6618672201233 45.2897604202081 44.8839856929859 41.9003342050045 41.8608970797929 43.1461121746164 41.1953670800045 43.3987660190469 39.4248590452083 36.7766724179581 36.9975459998597 37.6298393690346 35.5944338125712 34.7344941075673 32.7490962949263 32.7115195624302 34.1945423498308 33.2543680625711 31.0983966186089 29.52424358135 28.6031188624939 25.5833733938346 24.4552888562214 22.3080793880807
45.0917589666316 49.0554145587381 51.2569298911167 51.4974679130661 51.7026479375009 50.8623561439168 48.5161571744909 46.2147629662516 43.0969738458757 41.5305689171405 42.6955918760494 43.8250280364831 43.8004381800792 43.1616274666308 44.4096718927316 43.123530358886 43.0512441812217 45.375849546385 43.9081638953668 42.9482356060867 42.9451166193465 43.3232978190204 42.3689137791296 43.2452413395946 46.0196234943435 46.7477959001286 45.2136179041278 45.2829157760195 45.7958295466914 45.20897952913 44.552403770577 41.5426860161212 41.0738663768979 41.3111655056611 41.6286045493524 39.0565516744932 37.6506575000039 36.2406154215982 36.8746747426512 35.9362256483649 36.4341439041309 33.7098912884486 32.6448965364823 30.5016441414218 27.836937437225 25.6743463362228 23.3403937370629
49.9984497049333 50.5224910008508 50.3409694550738 50.7627411074964 52.7105621876412 50.5063306988105 49.4189406875705 48.9446189321561 46.8627699827089 46.1130807675048 46.2405459871876 47.8410224376419 47.1289646429297 47.7348048923633 47.8986503879553 46.9630698574968 46.5766716550187 48.3447571075677 48.3944283575672 47.0549140386755 47.1174083577083 47.2415207066335 46.0015907674343 46.7493470125149 47.3515798574263 47.6556434569012 45.6506045174328 44.5608620624292 47.1840943060379 48.6031176422924 47.5013862310796 46.2866598300748 45.364225806038 45.6909990174334 45.6089540383933 43.2205260000008 42.8397954375717 41.3083752686228 42.1941400799344 41.1314770048499 41.600662955005 39.2882459054445 35.886055312642 31.9434239954883 30.4952177270691 28.6018915188502 27.0248932996324
50.8175493125001 50.8074030017983 47.8267983911168 50.5395176800759 52.323933119342 49.5552193140864 48.6432033198524 50.7441239488521 50.5819855989799 50.8210156323529 51.2115493040427 50.7592490786167 49.4485152479644 50.5363820958727 49.8420517526583 48.8810862208723 49.3607628005365 51.857394979637 49.7523191874997 47.2808485590186 47.9290089114792 50.5921588939167 50.7349899578628 49.7468972937484 49.2124984431565 46.316858398985 44.0023191874997 43.2211519708724 46.4748457173914 49.6524555260192 48.8351291295522 48.0918111818425 45.6549772173916 46.1120333546365 45.8767029439213 46.1097141671367 47.7309498823528 46.9852173845291 47.2274835625 47.0267918860454 46.7009270494899 45.0720528748589 40.5403668286184 37.9911621930178 36.5374770130115 33.5830805161187 33.7768588901304
50.9133456249293 49.3925415686778 46.3791802673625 46.5870387555558 47.4601991074252 46.1423229576088 46.5319809827079 49.0345308303585 50.3018556248588 50.5714187950667 50.4136463384493 48.7474930172919 47.4024781074962 49.7473212150402 47.2583730449255 45.6461987122037 46.2910874290694 50.4878022470701 48.189681292137 44.7277262035464 44.1319575624997 48.1092752241207 50.2313530450667 47.6445009040755 45.3628022470701 46.1442901280706 42.6948684999999 40.6438795247038 43.5161213941877 45.4093854171368 45.1494526930158 46.6539781497039 44.0264937484721 42.720473017433 42.3163414770506 44.1006602252959 47.0188795247038 46.6376604535464 46.5395726249998 46.5463643857058 45.9122534374999 44.9196499430159 45.5230122877959 45.0652075435237 42.925220082863 40.6875876425039 39.4191467869607
50.0265565130101 48.4679013078307 45.7141944083732 42.6078380543255 41.0877742338826 41.1413521298348 45.2644362864799 48.9967690531825 49.1027842760197 48.8123621046369 47.9117899506509 46.3527842760197 46.2960701175061 49.1688192823673 45.4360272761612 42.8329203922922 44.3130238558116 46.8285516425739 45.7745123300033 42.8183728929288 40.4798027499997 42.9587307738946 47.2772896251401 46.2742756871296 42.0232853299331 42.9152481939612 41.7894378123588 38.7192460173625 39.606438548923 40.8658050800735 41.3778706186081 45.1415980798623 42.5922822313782 40.2748356249998 39.8799871066452 42.8720467327078 45.1437817675742 44.4588752430419 43.3301019376406 44.2814811120449 43.9742076873584 42.1400970935796 43.1739023575664 43.8640813368907 43.7617837327074 42.0583220291269 40.3261126753822
50.0642734373585 47.5736484752709 46.3282415449251 43.5900878827147 39.3814617122037 39.1616796818423 44.3270991046366 48.3423317555995 47.3146812921367 47.3653972252954 45.9215025161164 44.5421648546367 46.5231775015276 47.2000381305215 45.5459591615505 43.32794865102 42.0217249635902 44.6616796818423 43.2280818619894 41.3284266651014 38.7996712499995 39.2402166157523 42.0589203286163 44.0743865895914 41.5098255828626 38.6545196154705 40.8701135056566 38.0814149708728 36.766767930982 37.1616796818423 39.4429671838776 43.1235798255094 40.9967690531826 39.1224077703627 37.774146781715 41.5716139318422 44.3891632443423 43.8702161362817 40.6443477036169 42.0411348713525 41.4474884010193 39.0124872846561 41.0271548124995 41.3972485931429 40.8816568489794 40.4104301002954 38.347193905443
