DATA/PredictorVariables/Future/2070/prec_oto_41_70.asc
NCOLS 590 
NROWS 274 
XLLCORNER -7.522276026 
YLLCORNER 35.996888128 
CELLSIZE 0.01 
NODATA_value -9999 
[rows 147 to 167 of 274, columns 92 to 137 of 590]
130.393632406609 133.554444416458 137.462360873138 140.24248810746 140.99954783049 141.433062937904 141.718653284348 141.857421244896 142 141.96997166996 141.86081147522 141.788313246033 142.296608190468 141.763833509666 140.70900407296 139.87241326754 140.3198685 139.375743872032 139 138.991803708908 138.688880243675 137.77694312236 137.49192610408 137.131181962448 136.18922929277 134.349828176804 132.611290741615 130.618629189728 128.545083748299 127.039986549694 125.893756747173 124.597248263233 123.803574884689 122.4301315 122.664845924065 122.859163960613 122.688424691044 122.59006575 122.510830874706 122.37491991671 122.70612288208 122.833706874741 124.693698141182 127.383264587792 129.654137413124 132.778709736168
131.023106061485 133.223994372719 137.146822753921 140.13475099675 141.138693854988 141.398993302124 141.53002833004 141.951509400589 141.963974249718 141.722356449364 141.186351946655 141.229562179184 141.614901375 141.028255566566 140.636516275452 139.293197502686 139.403719691261 138.956767450508 138.985589150169 138.74920346273 137.941292506058 137.364347079376 137 136.957974080887 135.9774835625 134.181515599197 132.052620732552 129.713289815849 127.668674064232 126.215316905578 125.485921054443 124.45900407296 123.198863100761 123.024835625 122.959999084473 122.176346663261 122.844350961021 122.87990591996 123.125182827526 123.102083686657 123.46773256575 123.502733879436 124.917661707108 128.133212461731 130.399199837005 132.509858003982
130.997070833259 133.863171338135 136.861911439117 139.65589730204 141.007171752403 141.703648739387 141.671908097244 141.76488419294 141.78633157225 141.215766319191 141.007204050621 140.765828500282 140.873240592697 140.178779414398 140.004983177399 139.292669817474 138.899662936104 138.601480655876 138.682226018211 137.668032196525 137 137 137 136.718653284347 135.839873038177 134.205272825859 131.844598506988 129.23441421154 126.844588012039 125.255247434391 124.8908270285 124.186571574802 122.26761051754 121.99216377401 -9999 121 121.722198486328 122.213222889572 123.341708144775 122.989720946888 123.621946653141 123.388171317726 124.795032875 127.5698685 129.529163715088 131.525801391571
129.562443721077 132.883191507774 136.40250244075 138.747816999435 140.632568010963 141.251575315468 141.563870812981 141.754277518776 141.615286465202 141.178612973022 140.83979708963 139.553117872665 140.219433635467 138.954932078194 139.322720386429 139.03888603434 138.46940966658 137.793539783829 137.49192610408 137 136.99216377401 137 136.975988330322 136.44745523246 135.521478824821 133.563080115921 131.437231507492 128.572136775013 126.587129697647 124.94804273106 124.417211337852 122.816095331604 122.868661065327 121.964333418373 -9999 -9999 -9999 121.666702270508 122.610318794136 123.049507266556 123.317732414166 123.478563757805 125.017148444038 126.573327598705 128.25175718412 130.608703613281
129.815689779229 132.24652505542 135.16397119796 137.354683580001 139.325345877234 140.184769874999 140.709841098876 140.755021050055 140.869758117324 140.675403581625 139.84239189714 138.984643653389 139.682927996482 138.531175858932 138.45440512162 137.913989819114 137.782881054344 137.46304102092 137.161487823785 137.05254476754 136.964333418373 136.913842742935 136.753811937919 136.080710997032 134.655897302039 132.62465933139 130.8874178125 127.91894988472 126.237234559249 125.136673940468 123.890346059391 123.097144035301 122.610119505844 121.89867603125 121 -9999 -9999 -9999 122.091086769844 122.578746895553 123.551803377266 123.479636676121 125.078051140922 125.69068288229 126.666702270508 -9999
131.28543423555 132.726999747315 135.106746933983 136.32279590107 137.748166083847 138.581541755623 139.29920593486 139.416635340156 139.582015098732 138.963974249718 139.45900407296 139.360744141632 138.786120955414 138.302201864036 137.70673515229 137.467772767868 137.328133897766 137.57738039254 137.582583334121 137.158098877685 136.851194163841 136.427723755112 136.121711738632 135.355894250282 133.8198685 131.884715949943 130.298443562782 127.661954783119 125.763975927181 124.972295601589 124.142273869137 123.355831010929 122.517113416927 121.53882396875 121.16150568961 121.247142871842 122 -9999 -9999 122 123.459124358368 123.928596496582 -9999 125.333297729492 -9999 -9999
132.045491906975 134.172495192337 135.767800625763 136.840100796806 137.15744975634 137.803130821526 138.16800814592 138.442019815598 138.867117265854 138.754159343132 139.323776992935 138.90993425 138.426443559028 137.830297204773 137.274793042374 137.713626621467 137.061612735428 136.821387026978 136.176526910957 136.444715618301 136.097545880104 135.826803188942 135.325114560096 134.497692584312 132.80486395504 131.235115740448 129.872269612297 127.127272925419 125.621614748867 124.729797684337 124.113549629196 123.90242235746 122.934409018776 122.09006575 121.915224626308 121.965809622032 122 -9999 -9999 122 -9999 -9999 -9999 -9999 -9999 -9999
133.214115210595 135.576946753418 136.823653336739 137.570903971672 137.41165201046 137.831058625282 138.229536758156 138.57326336129 138.613785181267 138.462244212852 138.451735424789 138.254372383156 137.470070934799 137.436605247314 136.998927727341 136.472633760963 136.298095934532 136.655534990608 136.130489304466 135.762761237007 135.48389264978 134.851431735863 134.039844209862 133.420440892982 131.744371264847 130.49256819075 129.251899801948 126.738068147766 125.734412070534 124.1264502155 124.124363452602 123.482182964096 122.957615390079 122.59006575 122 122 122 -9999 -9999 -9999 -9999 -9999 -9999 -9999 -9999 -9999
135.486713215501 137.558918713174 138.204701133157 138.496936940469 138.653860801149 138.366619135461 138.186367655487 138.262336394104 138.225614396034 138.158358934532 138.007478642646 137.058456589576 136.023319011695 136.121945278846 136.47172662326 135.868958353195 135.117084375565 135.283938223961 135.36893832296 134.86188334861 134.230516992287 133.882915624435 133.326213435805 132.439741386863 130.79307668473 129.588909992919 128.005822703979 126.085210742527 125.715934722 123.901276127827 123.942729740612 123.638848482498 122.764701843262 123 -9999 -9999 -9999 -9999 -9999 -9999 -9999 -9999 -9999 -9999 -9999 -9999
137.166969815468 138.560791880829 139.131841155594 139.99216377401 139.936948589478 139.228575062782 138.465355627655 138.216737985169 138.176526910957 138.416148808739 137.461548458221 136.771487776512 135.57730030925 135.63525286161 135.384417287781 135.56972346363 135.526244193657 135.172156935532 134.827072550621 134.762564732254 133.839417655258 133.09182293412 132.127035741012 131.015262280769 129.9290352164 129.044803746681 127.850093913891 125.751913748871 125.453391809532 124.400001525879 123.5 123.85710144043 -9999 -9999 -9999 -9999 -9999 -9999 -9999 -9999 -9999 -9999 -9999 -9999 -9999 -9999
138.999596268105 139.171935208908 139.271218269844 139.964333418373 139.987985919395 139.75403694796 138.839364131279 138.737356034096 138.400686554466 138.150773664009 137.493899886513 137.052730335342 135.644914563393 135.124311479149 134.780622025169 134.630985426399 134.712326159668 134.468835153 133.768589405754 133.538251424293 132.710354820389 131.727005682312 131.046106490074 130.023219547699 129.372628832107 128.752981273163 127.818199157715 125.996992264538 -9999 -9999 -9999 -9999 -9999 -9999 -9999 -9999 -9999 -9999 -9999 -9999 -9999 -9999 -9999 -9999 -9999 -9999
139.644747836388 139.969126279343 140 140 139.945317913612 139.985589150169 139.512207070587 138.59006575 138.87895417968 138.737636075104 137.105649291451 136.806366146858 135.717199260353 135.292625130112 134.76629159938 134.09585988208 133.419978878731 133.178658009506 132.411490975609 131.891201663254 131.444211009933 130.845282341805 130.960968174439 129.695602416992 129 128.222198486328 -9999 -9999 -9999 -9999 -9999 -9999 -9999 -9999 -9999 -9999 -9999 -9999 -9999 -9999 -9999 -9999 -9999 -9999 -9999 -9999
140.15010316996 140.194994519341 140.018014249435 140 140 139.934409018776 139.74379109375 139.09006575 138.586530145844 138.927948499435 137.156189853249 136.076300197235 134.110623856224 134.105894250282 133.825427811607 133.024091752968 132.68171740023 132.060036891487 131.687705927353 130.931370492195 130.300003051758 130.761901855469 131 -9999 -9999 -9999 -9999 -9999 -9999 -9999 -9999 -9999 -9999 -9999 -9999 -9999 -9999 -9999 -9999 -9999 -9999 -9999 -9999 -9999 -9999 -9999
140.863326059532 140.934409018776 140.24211088076 140 140 140 140 139.53002833004 138.776417696655 138.578083361145 136.967253315872 135.308419902283 134.295032875 133.394678854843 132.740391946373 132.1723520625 132.051506622314 131.490195833419 130.916702270508 130.447463883743 -9999 -9999 -9999 -9999 -9999 -9999 -9999 -9999 -9999 -9999 -9999 -9999 -9999 -9999 -9999 -9999 -9999 -9999 -9999 -9999 -9999 -9999 -9999 -9999 -9999 -9999
141 141 140.908913230156 140.05254476754 140 140 139.99248810746 139.577933854309 138.990992875282 138.174745132576 136.693338408737 135.481731040825 134.43837664444 133.14289855957 132.800003051758 131.25 130.199996948242 129.625 -9999 -9999 -9999 -9999 -9999 -9999 -9999 -9999 -9999 -9999 -9999 -9999 -9999 -9999 -9999 -9999 -9999 -9999 -9999 -9999 -9999 -9999 -9999 -9999 -9999 -9999 -9999 -9999
141 141 141 140.29647656884 140 139.979212424705 139.830710997032 139.088538755386 138.598741072958 136.59481740306 135.940366311935 135.483602028029 133.83591454212 131.458297729492 -9999 -9999 -9999 -9999 -9999 -9999 -9999 -9999 -9999 -9999 -9999 -9999 -9999 -9999 -9999 -9999 -9999 -9999 -9999 -9999 -9999 -9999 -9999 -9999 -9999 -9999 -9999 -9999 -9999 -9999 -9999 -9999
140.846887125564 140.906330850395 140.918130541092 140.230859391197 139.8874178125 139.743897529831 139.123908499718 138.4463187155 136.8198685 135.574804357529 134.908074912819 133.810502206627 132.101938716697 130.952433747596 129.107313275028 -9999 -9999 -9999 -9999 -9999 -9999 -9999 -9999 -9999 -9999 -9999 -9999 -9999 -9999 -9999 -9999 -9999 -9999 -9999 -9999 -9999 -9999 -9999 -9999 -9999 -9999 -9999 -9999 -9999 -9999 -9999
140.10797072596 140.393533377144 140.447239667892 139.795776747032 139.273134559303 138.883110289543 138.27079867704 137.186612735428 135.97998752668 134.861664860229 133.718459163444 132.269642919959 130.392278836837 128.316752270637 127.022188749836 124.873908499718 -9999 -9999 -9999 -9999 -9999 -9999 -9999 -9999 -9999 -9999 -9999 -9999 -9999 -9999 -9999 -9999 -9999 -9999 -9999 -9999 -9999 -9999 -9999 -9999 -9999 -9999 -9999 -9999 -9999 -9999
139.674370211349 139.751238992195 139.695632296997 139.35480275 138.543584566711 137.730495407982 136.848690199661 136.41772794107 135.405786842468 133.536627177322 131.834658717537 129.678001854492 127.672998620113 126.151528552322 124.886119610428 123.550006685196 -9999 -9999 -9999 -9999 -9999 -9999 -9999 -9999 -9999 -9999 -9999 -9999 -9999 -9999 -9999 -9999 -9999 -9999 -9999 -9999 -9999 -9999 -9999 -9999 -9999 -9999 -9999 -9999 -9999 -9999
138.468469478142 138.499989411163 138.203970837265 137.940366311935 137.059769190155 136.615885477096 135.729343811859 134.571016260299 132.728304183303 130.717245847564 129.072686542606 127.06474976443 124.795066043559 122.707643653423 120.867964434532 119.759761973365 -9999 -9999 -9999 -9999 -9999 -9999 -9999 -9999 -9999 -9999 -9999 -9999 -9999 -9999 -9999 -9999 -9999 -9999 -9999 -9999 -9999 -9999 -9999 -9999 -9999 -9999 -9999 -9999 -9999 -9999
137.553274649604 137.409742670051 137.098402420226 136.477272135963 135.307769196525 134.150041489761 133.261369082511 131.611441803474 129.827981819579 127.771863203178 125.137767410663 123.06519907595 121.420103470031 119.795239495879 118.140560955322 117.354300400352 116.055854578796 -9999 -9999 -9999 -9999 -9999 -9999 -9999 -9999 -9999 -9999 -9999 -9999 -9999 -9999 -9999 -9999 -9999 -9999 -9999 -9999 -9999 -9999 -9999 -9999 -9999 -9999 -9999 -9999 -9999
