DATA/PredictorVariables/Future/2070/prec_ver_41_70.asc
NCOLS 590 
NROWS 274 
XLLCORNER -7.522276026 
YLLCORNER 35.996888128 
CELLSIZE 0.01 
NODATA_value -9999 
[rows 63 to 83 of 274, columns 329 to 375 of 590]
32.1847698749997 29.881365862423 30.5354055564634 31.3434771249294 32.0787175434531 33.0153599318327 33.3653968817218 35.1801512865403 35.8943753749991 36.2813416568404 36.5212860205735 35.7107778987197 30.1459799551805 25.2078588479555 26.4145468609658 30.6674442793682 31.6609035278554 31.8400930778087 32.4412490919714 31.3406590138514 31.9025840123637 32.9468643925031 33.7218267149234 34.6134882974488 32.5394378123588 30.6412627069024 31.0307929454975 31.0222430517889 28.9625974397761 27.3689414505099 27.3227350544606 28.4067145561725 29.2956054104559 29.934410582551 29.303683997701 28.8532781016936 28.9974182488198 29.4295589645444 29.0893296400824 28.8416144812917 28.5142804561376 29.5209950502063 30.9027901124935 31.8649013749999 31.8457479669188 31.8037179249228 31.7120421562222
30.7950328750001 30.1645468609658 31.0720525312854 31.1789847112207 31.0972966982104 30.3754900708871 30.1683053875765 31.5212106746389 31.1894082499991 31.4769849824953 31.0675396559933 30.2791522687778 27.0265612755312 24.381365862423 26.9000620724451 29.2076416273694 28.9415992808946 28.6461974920018 27.8680048638348 27.8002437854553 28.529342821364 29.6056744352002 31.3885902112201 32.7067229524033 31.7176856510196 30.0020592412136 30.5589994187915 29.1614829812915 27.5450875629957 27.0090064375706 27.5771810565053 29.1200008392334 29.8937836749229 29.9207420437993 30.4117968936376 30.8885099999294 30.7155289575452 29.7541413045024 29.1712118731335 28.4774835625 28.3816326487209 29.9884498951217 30.7130457122451 31.3025389267893 31.3033093829975 31.0144378502549 31.0291038143233
31.0072054249153 30.6639809249238 31.33515251216 30.8521618312778 29.6127356514759 28.2799113792405 27.5877723265329 27.8632967948171 27.109714510709 26.6836230862185 26.0780782658787 25.7107522887778 24.4852286213292 24.4799121421799 27.3060253765763 26.5547680057517 25.9058875750754 25.4006060812069 25.3219771691609 25.8915996436363 26.5130242751762 27.2530896437068 28.422030331277 29.2076141101624 29.2846608642873 28.7045844499423 29.2919174157649 27.8123624482099 26.8147818525313 26.980949538779 27.7644378502546 29.03834164735 29.4919214127545 29.4471166515679 30.0889189612203 30.8164025237202 30.2988057197382 29.2801092999922 28.2180301580897 28.3224610732105 29.3329216124941 30.2963968681764 30.9729803437146 31.3810519500764 30.9565158562909 30.3412927500693 30.2255795001488
31.032795490612 31.3793392252548 30.6605232200371 29.4907730602004 28.2417233710209 27.1761235310091 25.704331825006 25.5133378432107 25.0066923561655 23.9940832061373 23.75924464348 23.8034040125767 23.1185953796641 23.591080754603 24.6912336198239 24.275304309629 23.8752991497447 23.7523191874997 24.1330348791225 24.1888099505097 24.3464310615489 25.3447041249996 26.1732237477003 26.4750463765198 26.8034040125767 26.9889294729782 27.9656834123312 26.785704706208 26.7180136380806 26.6996934500065 27.2083784999292 28.5465816062916 28.9099342499999 28.8252515671738 29.4089737825611 29.9756614454973 29.3063497583531 27.7754081604556 27.2177193510094 28.1583855187083 29.7979245979556 30.2055469196777 30.6518556627548 30.622979962245 30.0600432607108 29.1685853727008 29.2655901803884
30.9063315375422 30.1543388437851 28.6279644080903 27.714060716848 26.2058064278818 24.530719287732 23.6495364752551 23.4439968147993 23.3542794640205 22.2563592630098 22.0249559104077 21.7927394515339 21.4680286779448 21.7823480192744 22.2046453937785 22.2160810652263 22.3871093163841 22.4313585000704 22.8946502378395 22.8288749375704 23.0495902157429 23.3432187905548 24.3457479669188 24.7613051239069 24.9728709515341 25.1859166637791 26.0286460229213 25.9474610732107 26.7304307426881 26.7329149751843 26.3088981897992 27.8919210312852 28.3198684999998 28.2357600704974 28.360434451164 28.742542293721 28.3910478689554 27.0897440187787 27.3006282812149 28.575655243743 29.3003065499935 29.7609928754882 29.7229803437147 30.3468881562851 30.1940289375075 29.6042321726626 29.0775112879675
30.4055457752685 29.0404202640342 27.0698944173936 25.8688114003906 24.5251573562212 23.8760164817323 23.6363256250705 23.2515487312917 22.491921412755 21.3434771249294 20.5163757470789 20.1688134010859 20.1069356301031 20.5247153395919 20.8608612994899 21.0062001175794 21.0814046659822 21.3983881227006 21.7990822799625 21.9359166637792 22.2603977747449 22.3618152549886 23.5931553937081 23.8919210312852 24.1276409187212 24.5555880438623 24.9681971559944 25.5807375812082 26.2762070872325 26.2504373630524 25.6456537938623 27.0744282726392 27.3498909892892 27.4539232830809 26.9778388773698 27.7713696487207 27.3727518484316 26.7136182477008 28.0669767770443 28.7722923012657 29.0179038265342 29.1828628182754 29.4252059533099 29.5254081604557 29.4050866095724 28.9954253921423 28.4353384328766
29.7706073085953 28.2264397205807 26.2120000721969 24.8882309187715 24.0086784505095 22.8055569836918 22.1549961390777 22.0871980732103 21.6757634374291 21.0213696487206 20.6195670858069 20.2905088114778 20.045032875 19.9567684812288 19.9909935624294 20 20.0546601935367 20.5807375812081 20.9465812248219 21.2129503021152 21.4523745517891 21.1171267521858 22.3498909892891 23.2904202640342 23.8149021379393 24.0109703102006 24.4443452140207 25.0975718017894 25.7130457122451 26.4355665466899 25.7961796637795 25.6338116018429 26.5285683875769 25.8956537938623 26.0879570808383 27.2000070187791 27.1447259435368 27.3843484575366 27.7515487312916 27.8874451564977 28.3055880438622 28.5892960283564 28.5092852771062 28.7556822169187 28.5258728675058 28.2522864049843 28.0560031852007
28.5720347042772 26.6922966875628 25.432907231362 23.5463211624791 21.7207963124291 20.968531246887 20.2207549665287 20.2248426437788 20.0847163693093 19.8705835919186 20.1045293642886 20.5718323726299 20.2875268232108 19.7970209682236 19.944596694253 20.0900657500001 20.0360264374295 20.0075060517893 20.3279470872449 20.2715226474047 20.6906866688624 20.9927945750847 21.5916144812917 22.7031044813622 23.2360268567953 23.7822933312787 24.1468346126986 25.4440980437917 25.9099342499999 26.1912997309532 26.7665591170023 25.9094984195615 25.9252182621603 25.8210152887793 26.530719287732 28.2984988512793 27.5900657500001 27.2071650014126 27.0525389267893 26.9584274058323 27.7159374352006 27.8054306497449 27.8193928418005 27.7282540187081 27.7885709058686 27.8708181688626 28.2934841437085
29.3250553642894 26.1307193256282 23.7759824137792 21.956593491636 20.2338428255098 19.6212606380097 19.1556752360358 20.1934209977006 19.3111604669368 18.0276524053923 16.9655222938621 18.932893156647 19.8804088312076 19.5574293256231 19.7182526451214 20.5090064375706 20.3873373442814 20.2314509528753 20.1050761357108 20.3377527293369 20.9110810387794 21.009234551384 21.2575060517893 22.5011467887795 23.5501086292412 23.6310585494901 24.2951531604079 24.8919210312852 25.4099342499999 25.9266126853942 26.0683197687082 26.2544387128791 26.032795490612 25.9136670125771 26.0561479817324 28.1040322937916 27.8468881562851 27.9453398064633 27.4372756375066 27.2894440681984 27.4534183937084 27.4875821875001 27.3034710367404 27.4376375517895 28.2129269906122 28.9035749869901 29.3025389267893
29.5916144812914 25.9731782806573 23.9338642625782 20.5957088475282 19.1501441211153 17.8683127499283 17.0516705431696 19.2752975850907 17.921239373906 16.5217316567721 16.2136182477014 16.2540400755103 17.0623624482099 17.5889189612203 18.6558941744894 20.0981701012773 20.9085577836309 20.9919342817521 20.6493790811379 20.9453398064633 21.3956537938623 21.1988057827424 21.4707297396162 23.5487656375776 24.2777627684958 24.063046093715 24.162118281286 24.5402446320397 25.16512111429 25.7200169592081 26.1426046767899 26.1501090107114 26.12609218743 26.1281668265353 26.2812878456092 27.2800224892894 27.2881010765349 28.1801315000008 28.3146575895452 28.1681222294262 28.0343113181669 28 27.9108074123297 28.2391309187915 28.9279474687144 29.3506822062711 29.5251573562211
29.512691198211 27.6905252971661 25.3781668265345 20.6364045592102 18.8885745625965 16.8290954397994 16.7196291114893 17.2495268954076 16.795032875 16.0144105062571 16.9568297686377 16.5540393125706 16.3239151749231 17.1223590812788 17.9639735625705 18.1370963739978 19.3879903479557 20.2943275828464 20.8539310647992 21.0240168232813 21.31350923699 21.2668342205813 22.4984468062317 24.145496399745 24.483602254694 24.4745918395444 25.0906382854559 25.3665639748566 26.0127395437213 26.548580899462 27.1354203562216 27.2686485187087 26.9557875066827 27.3167788562919 27.0867156624797 27.7198907000068 28.2108839188627 29.2840528849414 29.509328168792 29.2155370564635 28.4924141371168 28.240174760711 28.1473360093882 28.1801315000002 28.7320961734659 29.1427289397763 29.2488532112205
30.6347768937787 28.6708177494967 26.656844606292 22.509328168792 19.9095738128463 17.4071174696073 16.918012837245 17 16.9474610732107 16.0775986880236 16.93649076301 16.8288202495747 16.9018655604878 17.5837064869903 17.8900649870606 18.6407970229855 19.3453394249935 19.3134327967282 20.3596277000064 21.1093125681982 21.4425493125001 22.4733017313625 23.6924333370955 24.2465886250707 24.6405026936866 25.2668342205813 26.1084408829977 26.4884144286435 26.676665523721 27.7562770735074 28.8044770191966 29.3775925732109 28.3325557206318 28.1200882392894 28.2718236166363 29.0459607253255 29.5560031852007 30.553747579792 30.6441050625707 30.5450328750001 29.933918950573 29.5164644874231 29.0720525312854 29.0540393125706 29.426398737423 28.7684505817672 28.2732868937082
30.5536839977008 29.938914063388 28.2353536704723 24.0854273750002 20.6452613702832 17.3472640844641 17 16.9351525500564 16.6437836749229 16.0978917123079 16.8164571250705 16.9852177281027 17.3508579186774 19.0146018437853 18.6122268726302 19.2495598193847 19.6056503890343 19.7413324427176 20.149536475255 20.9459606874294 21.9076150625001 23.44860786199 24.8845188303223 25.1137289762794 25.5640930825473 26.6403324275552 27.0543610437919 27.8116821005383 27.9410005812083 28.2469343131285 29.229563742959 29.8487507999229 29.3036019495182 28.7357195438624 28.5487656375771 28.8693825452786 29.5908362062082 30.403557362833 31.2234434869899 30.7424939482107 30.2988432729216 30.309470725255 29.4900653685303 29.40357498699 29.877020037755 29.155655167449 28.3077240732108
31.904974143779 31.7189865567134 30.8687511087737 27.3611610354125 21.5136821566482 17.45627305921 17 16.6387979128733 16.4220529127551 16.3528829290658 16.4884538727006 17.0519646734657 18.2203276277999 19.7430682015344 20.2975242192185 20.8385170187085 20.7503217312214 20.7383944059946 20.4965886250707 20.8398169966327 22.5574506874999 24.1295032187853 25.6345308682547 26.5116473562917 26.8078178835248 28.2343673255835 28.2800224892893 28.5025324305069 29.1501090107109 28.9555396604558 29.0720525312854 29.4070425270444 29.4665059930774 29.2961796637795 29.2956054104559 29.4284554890979 30.0077794375004 30.5602637629398 31.0146018437854 30.7698755187789 30.5870839185086 30.1565228750706 30.0511534364683 29.9057034521056 30 29.4819867812853 29.7968955186378
32.7534663198528 33.1662658416275 33.1422493619198 30.6888476031748 24.4097186255672 18.7344925437922 17.1441050625707 16.7137888244553 16.795032875 17.0298804230387 16.4057578350928 16.8093133311376 17.6906834348125 20.0841084295024 21.5075060517893 22.0240168232813 21.7315236380101 21.5284070158806 21.1535749869901 21.6005676351835 22.2710160517187 24.0554306497449 25.5067021208771 26.2804310312146 26.5773262062788 28.124966056589 28.4947263250066 29.2300553749369 29.7282540187081 29.2878887374936 29.5801311185305 30.0329367937216 30.4623701432832 30.8745025859294 30.3411092483458 30.6433689526531 31.6749446357106 32.0392674267157 31.5007481674507 30.9359166637791 30.7076198409148 30.3210152887793 30.6360119102076 30.0132463726844 29.9324506874999 29.3459603059596 30.1789847112207
32.4989229550247 34.521100955074 34.8534221664411 33.3977690905173 28.3127906520927 21.5635945830049 18.2713440387798 17.3598034907306 17.0900657500001 17.8662073092099 17.6278031141227 17.1293134612212 17.5044153598253 19.8239151749231 21.5611834500771 22.1885705243989 21.9875821875001 21.8032415123646 21.8997004687856 22.2627395437213 22.5744216442597 23.8276479375002 24.918012837245 25.7043945895441 26.5184763619899 27.5736680046941 28.6968885377549 28.6616986768292 29.128757009941 29.5779470872449 30.3819863998155 31.4763367737205 31.9167675657014 32.7568821299188 31.9872588925036 31.2318020431701 31.5254712685673 31.3423308155423 30.8608016760083 30.5217459812919 30.9426105999089 30.5937985125772 30.1906866688624 29.8978928567171 29.6516108037367 29.1540396940404 29.9857600704974
32.3335906046163 32.9919198489795 35.0920745745944 34.2155238576365 31.4965886250711 25.8022605378203 20.9720747312942 19.1172833432285 18.0764209374319 18.6984661063641 19.5966480023453 19.5786917794211 18.7536124681028 20.3920304234659 21.6680128372451 22.4448043797169 22.6350986250006 23.1010458065281 23.2199735297158 22.7915668987211 23.6965292453068 24.8850986250006 25.0857769211229 25.2142952937925 26.6046675937863 28 28.0180132187148 28.2027004019136 28.7467981331814 29.3580789687152 30.3612439745467 30.563408007998 31.6278315802513 31.7667461445271 31.623552497701 31.7376423302043 32.39549796352 31.5975721453633 31.1288651887526 31 31.3547386297165 31.4630457122453 30.6362457573543 30.3510284486174 29.952861373658 29.5729260371893 29.6242295437921
32.4083425049686 32.4324506874999 32.9813652566967 33.1955233243769 31.9509270494899 28.4909823256286 23.9803512392898 21.6612190989727 20.9272437580397 20.8337064869903 21.9696028984472 21.8903722999936 21.2894440681984 20.7409452169191 21.8490721875707 22.5555333558665 23.2049671249999 23.9707549665287 23.5279292479038 23.6172160296549 24.872272270575 25.7326704267895 25.8182259583944 26.3662669481405 27.7130457122451 28.0180132187147 28.2095797359658 28.2956054104559 29.5944542247315 30.0346351002552 30.7829033190176 31.0431702313623 31.3239151749231 31.6146631690905 32.2000070187791 32.2810053873733 32.7037401249298 32.3133690451377 31.5741612004471 31.1260921874296 31.0519309869824 31.6779474687146 32.054089221856 31.6705988110427 30.8286787681313 30.4752846604081 30.2668611506331
32.1638273332958 32.0664571250705 32.7350524681566 32.4750222707593 31.4099342499999 29.6129152806558 26.5239300125774 23.7611081206289 22.2686877789281 22.387691198211 22.7430037235682 22.3631547229559 22.2777033017896 21.772059893638 22.4335974762794 22.967204509388 23.0975718017894 23.5571515377552 23.9099141814132 25.7609513431657 26.9833730123648 26.9733017313625 27.5236086249296 28.0273269692183 28.0990721875707 28.2909396752693 28.7698755187789 29.109941268779 30.1116156715223 30.9350432607108 31.5540402997667 31.2211242994902 32.0421414956181 32.660961096945 33.6137293198532 34.0061941846528 34.5842802426476 33.8036836541274 32.1514854770789 32.1893587833734 31.9659845278011 31.7279666968245 31.4440980437917 31.2201207434673 31.0863329874229 31 31.4668025254278
31.9003303971573 31.4982791119897 31.759825239289 31.2771399416932 30.9249446357106 29.5884502765914 28.3106175140344 26.535207635711 24.2156402854687 23.9015631124233 24.0029818314915 23.4894448311378 23.714295293792 23.2648478693095 23.1782688563625 23.2810050437997 23.9214464500775 24.9973196507774 26.154880733662 27.3542728969873 29.1332139127629 27.9399470594312 28.2240175862208 28.2521840312856 28.871233310201 29.2212445848981 29.2404235140784 30.0386736119902 31.086011277115 31.3509348312084 32.2289210944139 32.0216155875988 32.8326096074962 33.6186360449256 34.8630402951372 35.8412305741442 36.4822378424474 35.2270254548629 34.1110604566328 34.5544990392248 34.385218910408 33.6437317799704 31.3227365203632 31.2692802929021 31.127020037755 31 31.3519639105262
30.3387227583364 30.076749902088 30.4835355125763 30.7378813372443 30.4422275812782 29.808366829476 29.0889867976763 27.8933751329978 26.9999173082002 25.7748098609676 24.8096799872687 24.685069610924 24.8752733857123 24.1015954427199 24.5040127477037 25.0931888846029 25.8993879916755 27.2910779988757 27.8005123058114 28.8580789687152 29.9370365980849 28.6531296707233 28.7956681749955 29.659389074732 30.1652079249928 29.6170854062858 30.3649654402858 31.2826150625007 31.8946736819747 32.1426050203635 32.7684763619898 32.3565713237124 32.7066880130111 33.5020765464539 34.0785192791272 34.9965336801474 37.1431881054725 36.5790957833734 35.060501206206 35.2227580809614 34.6531115001418 34.675033180472 33.0903890449976 32.0248582064773 31.448144375142 31.099072187571 31.1165179931134
