DATA/PredictorVariables/Future/2070/tmed_inv.asc
NCOLS 590 
NROWS 274 
XLLCORNER -7.522276026 
YLLCORNER 35.996888128 
CELLSIZE 0.01 
NODATA_value -9999 
[rows 168 to 188 of 274, columns 414 to 459 of 590]
2.96803406278966 2.24770616415628 2.65220237152416 2.92288737916741 2.99833886589364 2.7118945839532 2.4836950428152 1.54058573321523 2.54622122931323 3.0667387429104 3.92587568112138 4.71706204890013 5.35977976500107 6.27070907861176 6.64111259885676 5.12823169352416 4.14298219108616 4.65369465465682 5.09422946133725 5.74901673666613 5.91535716326465 4.97548345805849 4.79301988756676 4.97468987269253 5.67654872392837 6.18728305319557 5.37432996945508 5.96149524502194 6.33133228639038 6.88690440714906 7.27677368481621 6.71366893924344 5.83962450590648 5.67564664086139 6.85647252882506 6.56800030422853 6.70893717383537 7.6403153039663 7.4593529763924 6.53056466721692 5.84368073355142 6.06244715456591 6.85934032382901 7.65466193886838 6.90745725151048 6.00045932745587
3.17793214809969 3.3430917532943 3.92970053055103 3.96606069828261 3.85677802219488 3.73035935005408 3.20425355396646 2.14539554016441 2.53716805060505 3.63184093137197 4.56735714789558 5.71426812977356 6.47215300900914 7.0664669379278 6.93841503077596 5.30669643111762 4.64761181565492 5.48056533893962 5.86951047635792 6.55025084879508 6.58881380201983 5.60895727615084 5.73917863858375 5.93180074294583 6.52557107150125 6.58361796656246 5.73902839255159 6.44349510264632 6.74538535398021 6.83910551636113 7.73271522412996 7.37133858940535 6.55531520286564 6.32062573950379 6.94150756208977 7.58003993713126 7.25661305481844 7.73659732176715 8.10648126334048 7.26288960466724 6.60879046391707 6.62262732774552 7.2924319600823 8.12025857607733 7.42464980270497 6.61796919376911
4.8833985784715 4.86297466908059 4.26205705103592 4.88274999310796 4.98811675978447 5.16355526017097 4.45160197716995 3.5782679873348 3.19295902014833 3.86802986697885 4.74351757311291 5.79037859049645 6.87675953671566 7.94893588023215 6.86652540536046 5.36170705748722 4.94442508204807 6.02993335394155 6.47686857161893 7.023182955731 7.14300462530714 6.06762181219107 6.44465235698187 7.00392292418425 7.33005411446315 6.51652065330051 6.03087032394946 6.51256102742254 7.28067606867613 7.12642450642268 8.09890153031499 8.07066846845953 7.25351373645489 7.16127983128994 7.18272204878823 8.00917511470136 8.19599868650593 7.90303532765161 8.71736451056015 7.90300127510819 7.29491165813435 7.34624963415327 7.93221030734505 8.60968620293392 7.98163127281753 7.4188259109258
6.33310820758497 6.533225477505 5.72142228669911 5.78304550478553 6.30959578524715 6.42103816235222 5.38860343666492 4.46139028685602 4.0605188822669 4.92745513997077 5.76774950419907 6.61931492205832 7.66296540547793 8.1364913497295 6.71440198840744 5.19644121666118 5.54901622267396 6.53226915689689 7.15675081711662 7.43854933541783 7.28705161176219 6.39624117049009 7.02495850258502 7.77971909439049 7.51753398671146 6.54988029627073 6.68744662545481 7.07389888920391 7.94743377305969 7.97164482365865 8.44164554636483 8.87139570375171 8.08295041081492 8.03896727661744 8.00689222527376 8.47645830227386 8.92308928306643 8.53455848320311 9.30752133905471 8.38823279824746 7.98733089754286 8.10259607768193 8.60786810757504 9.27349860615598 8.74708921176256 8.26841250380101
6.75940627450536 7.69097368964649 7.24094207528243 7.03942363265906 7.71834832866482 6.99620695526886 5.82367786814237 4.85629597213246 4.79785341029173 5.98190794204596 7.0754915159872 7.74521560017259 8.43411509751036 7.8779670425789 5.91063912948511 5.09685520057156 5.89508475171114 6.83819681289174 7.75731100614622 7.82206336404301 6.83578524771736 6.70333946177365 7.46774644300488 8.26116260808804 7.37280811791875 7.18690008607035 7.49625589934952 7.78591898250325 8.44604197773843 8.92572096828705 8.80148893878466 9.58002445920853 8.95577601258905 8.83131112955052 8.84454532160003 9.08678615302711 9.68126643119339 9.46230116001851 9.94006613146976 9.04161953572993 8.76884763373381 8.87040690559249 9.13132928898815 9.8118385976086 9.37913386248448 8.97378255125431
6.53367188492422 7.78044763528368 8.49087682515289 8.48561297770804 8.18762817281357 6.90749872854274 5.79422229829832 5.11362305518397 5.77883659552313 6.6512980882669 7.72092106846174 8.74056734277733 8.72126419794555 7.37856222662873 5.67865738012585 5.50522941072693 6.15781023028883 7.07844296360211 8.14899740559821 8.0864464940275 6.84058051807139 7.05540706088007 7.928190932325 8.66726365945396 7.74932227566684 7.96256129574148 8.49699162742297 8.87699482988472 9.20036291842957 9.76462263576282 9.70242651330777 10.1996662267476 9.94679972848526 9.74814663614528 9.81315885163132 9.878593140927 10.2329032912031 10.428892993343 10.4002876988664 9.68948032901394 9.69535551752774 9.56419884977259 9.68687123608075 10.2370460971842 9.74262819142725 9.52815326471051
6.94900459594225 7.87634803825211 8.77221352417588 9.22588817659234 7.78756554871005 6.60520536144228 5.66230358866314 5.56496288330685 6.84404221156527 7.93184429002648 8.24642549188396 9.11796342400224 8.48961292268176 7.08540104253906 6.15207099913657 6.25766693921129 6.64615323917544 7.31931429094201 8.3179489944906 8.71077804193315 7.91011958486883 7.72422030370559 8.50130898716605 9.17556568282378 8.45341214596336 8.76527336517632 9.27643428059062 9.76956915952025 10.1591219424402 10.4241476173922 10.612892133042 10.8094779343992 10.712724727748 10.5510505721155 10.5501992898408 10.6314002437783 10.7348459691473 10.9908286641574 10.6752534254032 10.2922961474668 10.4397521506816 10.2559671112682 10.2596757928106 10.3239588836808 9.8611614446569 9.89063224627975
8.08394256043357 9.07568105920005 9.87241715375245 9.1145838154482 7.52669387045788 6.47020488561233 5.99618937076613 6.17786164573638 6.97805657303129 8.15456099123003 9.12822099916986 9.4441097506781 8.22734544850393 6.87370862424642 6.81506903151837 7.11890083408112 7.28407873496833 7.65334540592299 8.26524031213242 9.15955051991183 8.67849903157864 8.37608583960113 9.06425917221982 9.77075921430884 9.34000370881387 9.41069502878778 9.79893292742316 10.2758045075112 10.6939336664252 10.9341965035539 11.0255858091622 11.1659935813775 11.2292031897703 11.0541707850714 10.9804106743236 10.9714196434427 11.0297726431237 11.2696351134363 10.9047137931957 10.8346087724729 10.8629533852211 10.8489121814948 10.8126648387565 10.2012796333112 10.0108565968675 9.96745774519771
9.01611339191108 10.2055731804624 10.4201904409042 8.84083965331796 7.6001703776596 6.97897161610061 7.0162305911296 7.03838121313888 7.53659279241185 8.32515989298824 9.29065171684743 9.63901753588439 8.1231744879103 7.28104098120504 7.57972020304804 8.02437592368012 8.04773999198181 8.17768622071604 8.63345170712523 9.53886029093698 9.23413794099527 8.92679840826423 9.44322459747033 10.2064012040634 10.3170577945762 10.2375159017993 10.5304134171334 10.6566055545111 10.8051810590272 11.0426798644586 11.1542059170289 11.184293926754 11.4641149367747 11.3691240665365 11.2621319075194 11.1572180327692 11.4055317496882 11.4655053928566 11.0622396845813 11.1828130645142 11.1013811856828 11.039921432148 10.592967495398 9.92179980507087 9.66711235979936 9.62374606693885
9.73458220221953 10.8376396717787 10.6635838951923 9.29332057581482 8.19769311843071 7.9136962727737 8.00071543706726 8.01659961170078 8.26210320085447 8.8968207689129 9.51602433532103 9.82147653800539 8.52278329019699 8.13211346972294 8.35882795027034 8.76255114345182 8.94164217267241 8.86144133990733 9.2893907729627 10.0315003693667 10.0201001167165 9.86867589559807 10.0758739252692 10.4186891788598 10.9010788644309 10.8955779504014 10.9157034068671 10.8834874986726 10.9981226084099 11.1562566295519 11.351463303454 11.4693300672646 11.6524613664189 11.6847096267758 11.4284294446311 11.5022931229158 11.6356652996774 11.6260943225121 11.353567587111 11.3714872436657 11.2146702618084 10.9714041226973 10.5444397071643 9.77889051318406 9.34138784238721 9.26855108035948
9.99469177186448 11.0588580091572 11.2233899932671 9.75371496246961 8.72536308025802 8.89967592659827 9.15054173664589 9.22267743039054 9.15618063899345 9.43822319246637 9.91071188892372 9.91827097526305 9.06608618497912 9.08068170961776 9.16121890374195 9.38987284762918 9.6601588034226 9.70447842359609 9.97088905901349 10.250338079157 10.6235215349408 10.4508988483391 10.571977296484 10.8090529192672 11.0786205037251 11.1560002717667 11.1341202798691 11.1770013349948 11.2511808066778 11.4052885574079 11.5086391002517 11.5652002799073 11.7635880824542 11.842555855545 11.5882236388979 11.7595826026373 11.7138621134204 11.244897843007 11.1929389609303 11.2201543458575 11.1148196628642 10.8907770579233 10.4170737998266 9.77431831439354 9.4052350000782 9.29322741830295
10.3766897501413 11.3164125390464 11.2256398760655 9.89769020322991 9.40200982618397 9.840488425954 10.1247214922425 10.1396978705642 10.0634885950028 10.0050954251906 10.1721380127539 9.64463306053023 9.86436026140608 9.87977923452016 9.81642365399663 10.039145871083 10.4035608688823 10.5533079740449 10.5812426589261 10.7118551002188 10.8046468140636 10.6112783135186 10.7612456977711 10.8900312928476 11.0795433135772 11.2341569352016 11.1870681782365 11.2258393597899 11.251927699761 11.4927935958515 11.5793855908008 11.6600299187641 11.7225948526082 11.7836802154823 11.8606918119775 11.9584971582236 11.400900099299 10.7863783714514 10.7348790455298 10.7942757646164 10.8619391970247 10.641383160541 10.4596834647136 9.86857215788605 9.41709120873595 9.01187228556295
11.0208258218178 11.6756872018026 10.5163825676348 10.0957409709403 10.3418037443251 10.5317435186864 10.8477980112464 10.737806180491 10.6275851142317 10.4668362026433 9.99701765906158 10.0017067407215 10.5322490546036 10.8329594038787 10.6307079852209 10.9858147430103 10.9098293913968 10.9666461666953 11.0081773032214 10.8922537461406 10.8650929264963 10.7356458524511 10.7884203488418 10.8173066709462 10.9502129939013 10.9373619373218 11.012890391624 11.2973893429957 11.4040658089701 11.5504628868295 11.6100388320937 11.5827347567556 11.7766470018197 11.8004872623649 12.0657878604766 11.9716516633321 11.5786734465208 10.8722667588362 10.4548260520482 10.4918562941953 10.5507857390404 10.546204395819 10.5814482781846 10.0405830751117 9.494762457876 8.89897747255494
11.4349719309139 11.6583194272305 11.3759198048216 10.9195656549336 11.2144944654087 11.0446906831854 10.9284438230813 10.2669148609562 10.3672851324564 10.4998492741076 10.8434427001812 10.9341301385939 11.1562297926847 11.3592098186837 11.2075045126887 11.3000583210702 11.2432716135631 11.2198514760938 11.1557723131175 10.8911731966862 10.6039908316859 10.4678451680703 10.4253422541556 10.3418541238569 10.4459811480226 10.4551515710291 10.4250868955491 10.6853158483452 10.9287696588706 11.1482950820856 11.55191467421 11.6643016862811 11.2073959967712 11.1945680708412 11.6262817042551 12.1605951223617 11.5749996119194 11.2681636096329 10.9499045100031 10.6784421802149 10.660124608295 10.9540063815928 10.7875688266053 10.3903807828718 9.83143106588035 9.25455825844916
11.4294846878118 12.2302411551361 11.8883046982461 11.4591173009248 10.8379572022791 10.5092156534945 10.3626394402992 10.6287300866405 10.921936273781 11.4404272638651 11.7331753257676 11.6948037696161 11.775456031312 11.4794695521007 11.5693025639572 11.4527926987977 11.2880118706249 11.2118479290589 10.9682685279726 10.4200357649049 10.1326010345478 10.1903057592587 10.1190203237886 9.96706595529696 10.0557822816729 9.95176860443311 9.83088193714297 10.2675072535893 10.6674681246396 11.1973861138029 11.2681170850243 10.9794700618428 10.774502735303 10.8218587510324 11.5207813613586 12.3721509489045 11.8018626625858 11.1791242189861 11.0097027251248 10.7500058112121 11.0390070820346 11.3156226043311 11.0086972305886 10.7107384838501 10.1938204634787 9.71623870915185
11.5082365226513 12.2522611840453 12.1226102695603 11.5876496143222 10.8869952034493 11.0824513880983 11.2101837858844 11.4849013268257 11.6740810041786 11.9284860607595 11.9087285205192 11.5458440546793 11.5487040051154 11.27734251444 11.1758113704142 11.2354738970751 10.7252246232242 10.4613533191175 10.5848391414728 10.1019021914882 9.88737811151502 9.88129084645795 9.84063300921918 9.87545779808667 9.98394436446239 10.1369948344521 10.202101440195 10.5531314249424 10.713757685945 10.8437699325585 10.9660973997998 10.7705313223892 11.3046248564573 11.341347995544 11.6534804696155 12.4076713673034 12.0714528236184 11.4061978894854 11.0355619713474 10.8548903707753 11.299010683868 11.6740667307387 11.523600462111 11.2624909375758 10.8523336181255 10.2641100770984
12.172831698727 12.0483466549424 11.5570654891877 11.8012378670095 11.7665874655905 11.8720522748399 11.9203895653657 12.086363668506 11.987026618947 11.2975956031178 11.3654856172427 10.7092375430798 10.5298515712441 10.2840990104411 10.0604334926814 10.6483511300262 10.1521914199262 9.89027065471503 10.1711569415483 9.5819721320829 9.59278361691854 9.72437258210373 9.97625116105223 10.1627766693764 10.0528324153122 9.78097364456966 9.48174337379587 9.70165454309321 9.92881898317634 10.2637013796393 10.8874803824454 11.2913781312395 11.7179007240978 12.0026941369104 12.2082206985302 12.5657290970011 12.4227893196626 12.0385361587734 11.682634085414 11.571744085806 11.7883142611709 11.8718661414056 11.6392421582589 11.3057437270046 11.0811341000505 10.8085347836214
11.4478562612217 11.4331326840881 11.0579906884973 10.9795507947453 11.8606400795902 11.8215478226998 11.509770906381 11.2325603393672 11.6397444385981 10.7616740905585 10.7941324139751 10.4072060226788 10.0163956728554 9.58018228150033 9.43684215060804 10.0394697353066 10.1032474529484 9.70837941226049 9.79600450790455 9.4800607690583 9.55020949696595 9.73393045743467 9.93025636089844 10.0719019946441 9.56238447207879 8.93165803513675 9.02930312760407 9.80874961222371 10.4275168917718 10.8282006914154 11.224301787748 11.644412375134 11.8985038204287 11.82753821958 12.0903387067669 12.6478997252073 12.4960353732595 12.0868709760517 12.0083721767616 12.0723838073684 12.0474490106779 12.0155511190277 11.6748910987349 11.5327302021151 11.4856030453726 11.3800568994365
10.5012309640201 10.9372429446901 10.0249616957593 10.4099898050241 11.4464193271179 10.9487350719127 10.6234670696114 10.229877130339 11.1891526490187 10.7173990715284 10.2623704424605 10.2437095441651 9.90685185660885 9.55595062701894 9.46194703865349 9.55320717168006 9.64407029952388 9.60734098056945 9.95426799858866 9.91175814360487 9.95827045006767 9.89868757699691 9.71166198226072 9.71884381197828 9.52839103861952 9.16593343867355 9.33026894141247 10.1740914012194 10.7295277984682 11.1163977920685 11.5156932648105 11.4576459980262 11.2953959613199 11.2315053634821 11.5427853423987 12.4486815810428 12.3432214531499 11.8666198892374 11.893827708147 12.3962300226372 12.3061574562011 12.3288809894492 12.1597733254839 11.7114371161958 11.8873310655041 11.7051056912495
9.83069144611543 10.4884621048407 9.83339881929921 10.3362661394162 11.2094799545441 10.6845259107771 9.9611245471754 9.58232619336603 10.626350190299 10.679339913516 9.92859972929475 10.1091153009395 9.784543161417 9.65589481001428 10.0604595786281 10.0019831773739 9.98848286561445 10.0138058992701 10.456885151875 10.5248064786311 10.6125362854161 10.3447894829354 9.85629978640511 9.58541659478096 9.6639238594232 9.44680240972617 9.54544264972453 10.2911129223471 10.9515227380981 11.1681270993237 11.0149008528456 10.815475240243 11.2063916303825 11.3590075017156 11.5498241437211 12.3712958452835 12.6098207764196 12.0284083944993 11.7511472011648 11.9063186555954 12.4137321216989 12.9045313260183 12.656921424954 12.3363656298933 12.2679380619612 12.1214528425665
8.9902091885819 9.97415927813998 9.70495887338491 10.3250792926445 10.9839740203342 10.4289659895124 9.80271272227231 9.28733502291968 10.2459454375195 10.4386117543639 9.53863348944759 9.77627402288343 9.6974764185744 10.0805484773379 10.5622948701034 10.4323013068505 10.5726502657839 10.1696349037533 10.7769080353484 11.1230462633048 10.7652697222658 10.3993305244833 10.3052396127669 10.2302816351096 10.1889605039802 9.74714181729982 10.0504407388343 10.395045897818 10.4948406254362 10.5759556729016 10.7265968825589 10.9131209702798 10.8823787116899 10.8597568146553 11.1028095749054 12.1526562412976 12.7321441065908 12.2656889913116 12.4026750907632 12.6248679004341 12.7717933479386 12.9497494198356 12.8624874979692 12.71415633739 12.5971006674824 12.4322590722952
