DATA/PredictorVariables/Future/2070/tmed_inv.asc
NCOLS 590 
NROWS 274 
XLLCORNER -7.522276026 
YLLCORNER 35.996888128 
CELLSIZE 0.01 
NODATA_value -9999 
[rows 147 to 167 of 274, columns 460 to 505 of 590]
8.02863673375393 7.90288498417355 7.78709554500224 7.52736494127538 7.13953233617999 7.29655770172907 7.30415418988803 7.15573889498878 6.78162527766919 6.62896205860947 6.40846940913366 5.91853679033637 5.62122760379243 5.45769943541121 5.33002415434384 5.73330171955797 6.11493682995317 5.71345665132045 5.847733838397 6.36777621139094 6.6772996176829 5.80663919903898 6.01852794312476 6.55119164152356 6.92591883755205 6.30891628226087 6.43187295308351 7.01538156576823 6.45833150276537 6.11932575454592 6.52271467287398 7.07460236007473 6.84897038158891 7.20646977466774 8.0192677590377 7.35751447049549 6.9322657227874 7.09484264053776 6.37079229502135 6.34905210186697 6.06059679651353 6.37671988951563 6.63258893409944 7.15577492530726 7.72213217819285 8.18375938070917
8.20321462127689 8.15851087713293 8.00801775136689 7.87087139194088 7.42011910324725 7.40473019814276 7.64416879192925 7.25622381246505 6.85322430827655 6.59452193002761 6.35224073782482 6.02035916580542 5.76060326515659 5.4728515474502 5.2947273900543 5.45395618205432 5.86937188817691 5.64548789223078 5.58817404772665 5.96401436345763 6.19841205192388 5.79288696206787 5.82298016245386 5.97030284151691 6.54705879324952 5.96751529520626 6.29718092378966 6.64405463741498 5.90144911032391 6.06764585905296 6.65163932946181 6.65765520666872 6.44243472174473 7.1328740834369 7.48995140612969 7.57668504058559 7.17453233020588 7.15617196093329 6.94890662522424 6.47593450513317 5.75927233837425 6.34951360879114 6.75983397848799 7.05257844930269 7.69901427936004 7.98131341551789
8.38227765847973 8.35461782894853 8.20874357695774 8.10815904446224 7.84127539425857 7.47299469688091 7.68933085818485 7.75186136202749 7.5133338159431 7.24339850587475 7.02537340584881 6.50508094733133 6.22637991469874 6.07621063686733 5.68092076127348 5.66612635999254 5.80978963178109 5.79713199189117 5.68176970335916 5.75003795875765 5.76560786252905 5.8838342276399 5.72701955144385 5.7141696914232 6.13293415764493 5.78412042474271 5.95011589791772 5.83202040085078 5.98600790199762 6.38622553212742 6.52361226616869 6.04925425602482 6.26300691711571 6.82229645586271 6.75067949173344 6.68141064393571 6.87271570224339 6.3811281335317 6.35827666619288 6.45426501086962 6.15927320380634 6.44383306096216 6.83610639551899 7.10753984883998 7.54085011705486 7.31953479692818
8.55740023965075 8.49668819554761 8.39588540163807 8.30689578526787 8.19624230423551 7.94119369357428 7.91425813095363 8.1507417704511 8.00377511874803 7.79847053730042 7.43931196193706 7.16522936994203 6.85831326031688 6.37795551409712 6.23892078651014 5.95684736708583 5.79735723390418 5.93586105651503 5.93105143249309 5.85130770600303 5.89271923374757 5.86227810878183 5.81547462602492 5.75801928021355 5.83617743620246 5.8086276281149 5.83883994134759 5.87774020648149 6.21702434966492 6.46608615621607 5.92873475807285 5.96964968872356 6.3041443078646 6.55306334264342 6.20048071095244 5.71095342952268 5.99280822859533 5.79938752106487 5.76328205788343 5.88034147340172 5.92388365878272 6.31267001553466 6.71474134729458 6.95336282051603 7.08774387999643 7.18971111951641
8.70886692150466 8.66835881379619 8.6036782366406 8.53358156314439 8.47827385116645 8.37757704723288 8.34726318717575 8.39531969598477 8.3918389605968 8.12541881313097 7.88348794958108 7.50999321887905 7.11583345830524 7.10576869006718 7.0187932240206 6.65430667734914 6.19261821354797 6.26612263060074 6.58421170342826 6.36452275517594 6.4383786498681 6.09670232451652 5.74189386808861 5.65309919366681 5.59110691830125 5.68076913122929 5.79567104272978 5.96565213698299 6.11982171261405 6.08978255356625 5.89071065781758 5.96380310470865 6.02536888227219 6.1641579263146 5.91244075610609 5.54683799480875 5.48283201202465 5.36220911509912 5.56973645064694 5.67292245145402 5.95255835728895 6.36625065437723 6.66429201478223 6.52062565217479 6.54308089623625 6.34607714427552
8.90128492794755 8.86420439140085 8.79866840349297 8.77032211089853 8.74589015369803 8.7221781698285 8.88603712230973 8.88395643317515 8.69718198772675 8.32857466904936 7.92271654969681 7.70922240335813 7.86325559068073 7.86998478081646 7.76733381287469 7.33634050161757 7.11844865250269 6.98171427954428 7.3334406341951 7.40349543879241 7.40353256019605 6.90507535096009 6.29684956990785 6.1805775915212 5.93356899385616 6.00095186857553 5.84882545308819 5.85587838973338 5.99072970146623 6.01674157867828 5.93939861039695 6.00609004801113 6.03789959555776 6.07270394364159 6.30649016311929 6.36379016296508 6.50265988069562 6.02672869896223 6.39723777909616 6.20793730065604 6.30793956057312 6.36404037041761 6.30195852644407 6.31606564047384 6.40389536916025 6.66879381117034
9.00872995013666 9.03810566421414 9.01245419100956 8.99343515067726 9.05100641469913 9.10846714814906 9.13175344505602 9.17716529154878 9.0301740799199 8.81653206889591 8.5656227973739 8.44827882167877 8.52074297760593 8.56248631356011 8.42994212681257 8.04685726812927 7.92878568759815 7.84651070485871 7.524766418384 8.25958121951542 7.98361564102131 7.32033756885995 7.31683137850643 7.0019664128853 6.97405109056228 6.95151236827696 6.49424357894258 6.27804013435783 6.78142014297291 6.85770372452996 6.54453227969555 6.45794190241021 6.45371450483715 6.86769222558485 7.2890446786798 7.5759029503881 7.83805350374955 7.32170371999453 7.71705760787455 7.18618352826322 7.54304990820616 7.66388514306211 7.0539657277568 7.45202191176359 7.88465437854307 7.87266845551322
8.99198081723261 9.07174754184913 9.16142757508514 9.18586863591382 9.24748083790301 9.31713016644001 9.37718495130636 9.41713655354504 9.42998079157214 9.29204377723701 9.19957839499244 9.10478221804008 9.06029278328712 9.06354513710506 8.96865850187547 8.8272094745456 8.69733803402007 8.65990129428639 8.41423529415198 8.75644292645513 8.33543205960569 8.01581306124059 8.46475609140457 7.64877791061612 7.87838122912092 7.68279878400848 6.92461716648249 7.05151938040897 7.76764479052939 7.90524609054937 7.81318239157927 7.3193099537352 7.0966783197021 7.35620311327344 7.71228977762986 8.14442901218291 8.60246878193428 8.40617635095423 8.43212209151606 7.87626882467546 8.32193830259186 8.73323787821158 8.5057281848299 8.26601401521794 8.72218510021747 8.82973261089854
8.97836732392106 9.03557938106718 9.02820559858072 9.04452328546852 9.18266618088907 9.31070118389454 9.44095549883025 9.58508172935717 9.63989511303575 9.63045180684773 9.60040182713244 9.53698027852221 9.42199493062761 9.42310113799361 9.35760658176264 9.40186461226396 9.27317634312091 9.29043241810112 9.32064318665109 9.28858381371299 8.82432242672484 8.79826443635177 9.11631631989995 8.62024225171948 8.7983973823205 8.68421498264353 8.2386972460042 8.07943972815934 8.41649088203216 8.59516136931085 8.43080801299855 7.8407758620805 8.03460655353526 7.81217449438894 7.80159916799902 8.04089439741137 8.70007590565266 9.17817315985799 8.71158173916007 8.59311057853417 8.59811234487551 9.03282855366364 9.32802625762997 9.05591270616297 9.33081013342699 9.09121596133543
8.74359074159327 8.88239347274488 8.89590439390468 8.96120160522936 9.09065526528879 9.17568621884103 9.34242501903483 9.51191178587914 9.70927338010024 9.79353318519354 9.84774051112512 9.79541235291677 9.75795611872536 9.76287961631446 9.7588450355125 9.75815530777365 9.69364986034258 9.65212487213141 9.73111588552672 9.7765447405649 9.35645997028028 9.37571701397284 9.61565545993385 9.24871706526388 9.49071782131633 9.21795854642927 8.91857431296165 8.85796756725562 8.75011661915883 9.18473127734385 8.98658850429878 8.56097477987532 8.68352439755118 8.83955054875294 8.19274271938912 8.41567642927657 8.86017479263308 9.36483213021272 9.32352026795017 9.21215517227609 8.83936031112678 8.95802164838841 9.42047727475881 9.63533304966549 9.73367671204097 9.35542720999766
8.3295562924895 8.61947199043607 8.80923916073696 8.74051224501119 8.8084333216065 8.89792549478568 9.09705495162617 9.45246943352597 9.64917084888026 9.76974612628314 9.9349679577994 10.0116996969447 10.021192927196 10.0161168623596 10.0353649014345 10.069548348373 10.0682006573644 9.96487465011698 10.0110992277737 10.1363114369393 9.89560855995044 9.81167840506897 10.0654776511274 9.85624378313215 9.9500356933399 9.78911120281228 9.34961047534 9.47630042967331 9.20320987823116 9.61744239361003 9.48234836529408 8.87609201564278 9.23343922293239 9.5795580677143 9.03411218495054 9.01181055906837 9.03610114891395 9.21308142453304 9.86577262333496 9.59812890516718 9.15346292330603 9.13342312012012 9.39013147665264 9.76419449841591 10.0493605880604 9.4369456208845
8.15844829717968 8.51516828188894 8.33433964074368 8.01334272036165 8.08713340338083 8.29848489347071 8.4172102894742 9.02967458258385 9.40117793398854 9.60297367909859 9.76945864631175 9.97562574395608 10.0773295011825 10.1343478428955 10.1800419593835 10.2337156155872 10.2961861276059 10.2562453704333 10.160460279254 10.3704680374336 10.3452659804945 10.2866747397394 10.4309475496454 10.246156548275 10.3343815150328 10.2304779294501 9.92219849117425 10.0169055182696 9.78102810885767 9.81818216913132 9.95910208738663 9.57699250302224 9.58414433725409 9.99600568359902 9.90286852562574 9.78183620250514 9.47456960923101 9.84565331104136 10.2134858628688 9.89779388861608 9.38154420693495 9.51982942227605 9.53891665582231 9.6388259934559 10.2512209581351 9.83661499223568
7.82342633986826 8.081454045045 7.52576498222546 7.23400125956452 7.41083716746439 7.59830889912834 7.8358166733093 8.36366654554028 8.80553271211227 9.23987104931008 9.49934346561992 9.7367994027833 9.89559846211237 9.93809241708177 10.0290931362757 10.0358613443664 10.0469215288147 10.3658770894985 10.3076711576205 10.5636935371609 10.6506746354284 10.7155699606896 10.7107597643152 10.5430723535667 10.6183944123569 10.6301014004641 10.3911658389612 10.4204750509878 10.3009760614691 10.3168424146386 10.3379891991521 10.2367145837727 10.1526328898755 10.2810585027276 10.3433992587939 10.1879531944862 9.79340733384473 9.96385612931923 10.3811232580771 9.73258365684984 9.66323852430876 9.92960500489194 9.97107142483574 9.95699425650369 10.3896997778741 10.1577959912611
7.57887665741489 7.43891652464313 6.67459636266754 6.68146810256095 6.90537644304864 7.19434209977006 7.64576917765441 8.07813957733529 8.16693487415126 8.68231049793049 8.92923534370704 9.2969223797192 9.55009958942499 9.51514055290776 9.36975290269928 9.35428006968812 9.66186849607643 9.95680150505235 10.3016095565132 10.5493306792592 10.5570995263298 10.7239445801757 10.8442481658797 10.6796446308814 10.7194774908667 10.847594344841 10.7234986728816 10.6679301166945 10.6281401570473 10.598865070293 10.6153459471965 10.639988056799 10.5591697864495 10.5072191738907 10.5645851689449 10.4703132320157 10.2132789785363 10.196547753748 10.4620027574678 9.79887802928371 10.1199588338434 10.2755516421228 10.2559430302334 10.4496934500065 10.7438180253625 10.7545202966209
7.39272485201994 7.13114535907186 6.57631496753502 6.41788535194509 6.56898470212291 6.99016953671415 7.14925039707793 7.71591389792268 8.256976096405 8.53442608147525 8.75302309625151 8.96805411786308 8.96821260724765 8.65498653041974 8.50885966450877 8.45970826570316 8.89104312013327 8.88508701624711 9.56361475916135 10.031829723761 9.62455811189972 10.0102348888414 10.4767623847517 10.8256484037313 10.7911098825217 10.9552332304707 10.9318234640484 10.834072720511 10.8450599973474 10.7325702005306 10.7951109575248 10.7939985006023 10.7884354409395 10.7851217247053 10.7998023171377 10.8142813694463 10.8020743038321 10.7071921301008 10.7961318738919 10.6403540254656 10.6493169180722 10.6098820841136 10.5097360917502 10.6054042783694 10.9208257950006 11.0135969583407
6.84042262153957 6.50431795202583 6.4751088504042 6.00056263229152 6.33463163036263 6.26395412531225 6.77328413633091 7.3665602499264 8.01118688006702 8.3813901561479 8.7142654486985 8.35592663779398 8.02977989343992 8.07397283869697 8.15695290053382 8.20735462725803 8.3530254589548 8.30548136382332 9.02406518981639 9.6160527558921 9.11895033503177 9.18441274312713 9.87218315574406 10.3682689283902 10.806470739974 10.9107394535727 11.0268328005469 11.0521804466801 10.9675295691157 10.7869779599602 10.8408724982351 10.8489609368377 10.8970071771012 10.9287247649346 10.8890742546072 10.8828320641946 10.9428634333362 11.0896899149551 11.145976758854 10.9761245198207 10.6710472837768 10.7846683739834 10.7905491375749 10.6695083264314 10.9905695792199 11.1158091852171
5.75592995285096 5.40719352058596 5.59035631095447 5.20290869722458 5.47000264116977 6.07105101587474 6.89262186435702 6.97468479043865 7.26746804906806 7.55229489792675 7.91715252245612 7.38101143227605 7.01269526361591 6.95290552514182 7.40162979277356 7.80468183975875 8.28592055374521 8.69896532517671 8.96215440942577 9.41395369313001 9.37483990049265 8.96662559251834 9.23886936238277 9.90407921551354 10.1268144614499 10.2126517210616 10.679011273331 11.0743855181255 10.9976457957172 10.4594190366373 10.7136941349244 10.8494692613311 10.9225172070503 10.9733422579975 10.9707710524865 10.8741321205917 10.9313894160147 11.1007859297752 11.2520864388514 10.9602928971935 10.7695256741004 10.8942434595862 11.071955279872 10.9054913431526 11.186079274149 11.3762439296932
4.35327158531786 4.18523803757504 4.17176252187183 4.09555280801588 4.4463879827352 5.3320336394205 5.66883497678484 5.69847132723279 6.26764268519697 6.02289028024093 6.37158611435356 6.28753853506777 6.11950122623143 6.33218150926178 6.71139352993702 7.26274661011147 7.97610628662272 8.57119208728019 9.00126600649013 9.23129871988806 9.08339534495188 8.86351686756117 8.62408379943074 9.03570705187064 9.17088592440498 9.57341551644751 10.149245271802 10.8063290433197 11.0169330002656 10.509886771905 10.6203250175738 10.7768880459528 10.8291598354759 11.0178655225529 11.0881462407837 11.1112765400405 11.1068423764916 11.2040200120469 11.3195122536917 11.0895888833085 11.0593410008751 11.223232427363 11.2799944849921 11.2331193371187 11.5650930630823 11.4994581329971
4.5440506521228 4.5181761982363 4.42509269896895 4.50869520295985 4.84187213815483 4.47582740331776 4.31929272287277 4.46977200658226 4.67309567223645 4.70560821902348 5.02801608905724 5.3313947497204 5.61395914776425 6.06198850423003 6.60967645864151 7.13039752524301 7.71527619540903 8.19493682476615 8.62241133145668 8.67595573672631 8.17986930756189 7.98309956744141 8.01725301184459 8.22117898748588 8.69668878670026 9.49126523004295 10.2559485908313 10.8181606816483 11.1133894770241 10.8271092545362 10.6735813811688 10.7647146015296 10.8111479177017 10.9222157080121 10.9936920720797 11.2386129591269 11.3823316371341 11.5672754454518 11.5232167254405 11.3801579135571 11.4334397193446 11.5408144460416 11.5778800980439 11.5969397265058 11.8855694746776 11.6235379735227
5.31286310951308 5.60048284616034 5.27276708667722 5.53555523791831 6.0152699594273 5.42182704277385 4.91750495644157 4.59214894398945 4.8198766720544 4.98532124753038 5.5681436365446 6.23494603713119 6.3353071348288 6.33221704025982 6.52839836912296 6.8445659413187 7.36316206805186 8.11479963951349 8.83279325511459 9.0575428225737 8.36429518469429 7.37463106648145 7.48921932419047 8.11431794631675 8.8475433900943 9.71062405704068 10.2888159777183 10.9062081929954 11.4367499274087 10.9707692387271 10.6880341247344 10.7958860330849 11.0084452609945 11.0384414065362 11.0567312623444 11.1127029200883 11.4623120576806 11.7984593420267 11.8449417633653 11.6468772039581 11.69108058072 11.7972209687372 11.8408745810633 11.8170518134285 11.9299951762071 11.7294434575511
5.5362252700246 6.39043184589632 6.0533726192803 6.43532814090295 6.91608459366169 6.12176061673491 5.80317987150974 5.49568204797359 5.4670961626181 5.76496629771483 6.19266931468825 6.67914245635194 7.25248225291484 7.29960124992708 7.52571909146436 7.77490587521712 7.75835102230524 8.16098838235145 8.88132220682803 9.27322187637335 8.53189055502193 7.91340106363145 7.9993516844081 8.335180817927 8.98135234663971 9.71382227769524 10.1828872686648 10.4111938571104 11.2142745330181 11.1257681878849 10.5573356657697 10.7900037223425 11.1093077894878 11.3531165327507 11.409239981196 11.3251218427939 11.4973430683174 11.8699786497631 12.0135358810726 11.812924060186 11.7988208062749 11.9606448889479 12.0317663791857 12.1055433557773 12.1858725668469 12.0904656696359
