DATA/PredictorVariables/Future/2070/tmed_inv.asc
NCOLS 590 
NROWS 274 
XLLCORNER -7.522276026 
YLLCORNER 35.996888128 
CELLSIZE 0.01 
NODATA_value -9999 
[rows 42 to 62 of 274, columns 322 to 367 of 590]
9.15128279182002 9.04886098060179 9.08829843360281 9.22894383454131 9.34156173715879 9.50098096762941 9.82842817920727 9.92012633740091 9.68390861001211 9.63465835279903 9.70820502974658 9.79973074179983 9.720497768352 9.62545146184679 9.54897539995622 9.40736875625182 9.34328789849755 9.27173877214764 9.31400425240087 9.33353013647271 9.39909911220264 9.42165480568884 9.48895986609933 9.58193510478305 9.52165738904479 9.5598916700802 9.57913790034342 9.54157035211182 9.48895264238978 9.38506524507522 9.36196970447781 9.51451210371068 9.56028395780851 9.53067665540125 9.37000520982363 9.49249712724832 9.65695664633036 9.96089718059116 10.3027839730802 10.369956496861 10.0791321901559 9.62806467902613 9.53946269143489 9.65099503729346 9.56830424651098 9.40792363120129
9.06078727810486 9.07176609177074 9.11176218814859 9.18354486371896 9.34336380392534 9.3657782341421 9.51866190792102 9.79649801743941 9.8873045029887 9.99351925434969 9.85397743091896 9.74400491179449 9.61706344469649 9.46140816966539 9.4979420893806 9.41202464026963 9.20370183776137 9.19374505241868 9.30043180897422 9.37269119036717 9.39740220880653 9.3607388579388 9.38072611266851 9.50608589348785 9.5948401675214 9.62525948241335 9.61992601429898 9.55658331676718 9.49548630601735 9.3762568813014 9.52019799823442 9.63453416759158 9.65279622173558 9.64323000401041 9.49172407717816 9.68619904423542 9.73873720239815 10.2147984161678 10.3566799748462 10.258661225174 9.89552002382461 9.64513110025118 9.67590988324175 9.77627453722676 9.59759208073625 9.48796710625412
9.15147688786842 9.17668773771001 9.22204057482483 9.18243700106004 9.17274075312998 9.1772734336367 9.245091615634 9.36493336736968 9.77718182558967 9.99387862743618 9.63805913931705 9.53750184147498 9.61358116417686 9.49916297228621 9.36796154221251 9.28255721293116 9.15989214276551 9.17093088943721 9.25060846970129 9.30615892080258 9.40540292404031 9.40845470868494 9.37812272143841 9.43516111901523 9.52495727452327 9.67032381188725 9.70073445260002 9.54134659642746 9.45654317063572 9.37966074516011 9.68872165747166 9.66857106249097 9.77339134963084 9.88624344684889 9.67816042796376 9.86303041976592 10.1089109096775 10.2972597566142 10.2290807680655 9.88101613334042 9.79575087576053 9.6709846574121 9.79477845590021 9.83610290862843 9.69301253379297 9.52109232341625
9.21279380078412 9.22574935859206 9.28605387576675 9.31943744031001 9.27316810839846 9.31949524044134 9.4181385136843 9.48779600554468 9.84808331686832 10.071819928997 9.69836465698769 9.43834255221036 9.28763382885887 9.39779964343687 9.43697262799354 9.2771563266053 9.14129234058001 9.21578074596312 9.28307738549998 9.2854530141578 9.40967850138952 9.46833943148183 9.38698780481958 9.49200753443717 9.57883195011329 9.61000987753677 9.76467858207797 9.63810389222719 9.53618070399668 9.43387151289416 9.67793243381114 9.7871023469467 9.82689667426017 9.97521184827708 9.84010527251345 9.79140705912738 10.2729997033382 10.4110557125602 10.1875882218503 10.0936089410038 9.74557218515066 9.90138352030139 9.86671150645542 9.74097026946215 9.69451448237803 9.60755015345002
9.25500630159902 9.3269512245388 9.2942033234625 9.35801363074446 9.3622399308672 9.39592543329907 9.54033219070199 9.61733786020761 9.93558062016441 10.094666902874 9.77078104826448 9.54333675040148 9.35371655960751 9.24200846923734 9.24349427025364 9.17398399336382 9.1983845076432 9.29777443854141 9.38443083353521 9.42149813864852 9.49593537766839 9.47956749276832 9.40265088546469 9.43081138490962 9.51735218941401 9.60309820609855 9.74707420997239 9.69556642847489 9.6104893420472 9.4729208066783 9.48699015553379 9.73387144929123 9.94760389784719 9.9775069100447 10.1157538793908 10.0328528390599 10.4567077351088 10.3503083391986 10.0311546313983 10.0190206483837 9.9464757672358 10.1087480237741 9.86796569325877 9.8695787662949 9.74980924369045 9.63100358784388
9.23578463986158 9.31737414263532 9.34609738571165 9.35946960809755 9.39597268189475 9.43163992332887 9.65951571112297 9.88968046386781 10.0305784756396 10.1828723686694 9.69387325215158 9.48018516561459 9.37513355606947 9.31528054074105 9.15795171443465 9.02786682519589 9.12153333962497 9.280943956656 9.43379515706489 9.4692422630529 9.509150572514 9.61511366292288 9.52438144412951 9.41422365074067 9.48530123054082 9.59544510471249 9.7897407337775 9.63104990370217 9.5226781831316 9.49413330672166 9.52528057888802 9.72934915746784 9.97738370345382 10.069491079386 10.2341598609728 10.2102345732733 10.4295639994044 10.3118376976687 10.2990888259067 10.2352706662547 10.0999922503899 10.0238199251549 9.90287782350969 9.6704358118945 9.6148351119047 9.55473068445395
9.23406732664347 9.29514833954669 9.32548089679432 9.35184013122749 9.36129707875156 9.43010028508473 9.63858378840255 10.0371446101837 10.2497984433231 10.0956663304863 9.88054293548785 9.55639313012371 9.52722725251346 9.40150086324549 9.2188917210193 9.19674194457443 9.29047513889607 9.32395070104696 9.41306108973981 9.44498749273112 9.46605019489815 9.64233981553413 9.55161009820268 9.45494641450214 9.5576986484828 9.63462555409292 9.79305149199679 9.54749186640502 9.46649210455899 9.50504313400655 9.62765263850357 9.72493784830046 9.77193696507025 9.87547094008403 10.0828260895877 10.3292566936111 10.4091282614164 10.401908015892 10.2654727693343 9.95534593837547 9.88467874330087 9.70269111407326 9.85945158861394 9.75013081427431 9.68539269065284 9.53843309084368
9.24752541237735 9.2993535882182 9.2964382791643 9.33302861968563 9.33561975953721 9.42895429079056 9.63633182700779 9.97738359750554 10.1955434673252 10.1611846456084 10.3459416834636 10.0213756793433 9.77051460405878 9.5154122608596 9.45505331902516 9.52143847440627 9.5756560500793 9.39740414833069 9.46243296044399 9.55175730937816 9.60125355643991 9.71125373131135 9.47356629485181 9.42889253950882 9.52190368569896 9.74004556633753 9.88053738485906 9.65626079989489 9.73582035378464 9.78390829379901 9.77601057133682 9.80059334638128 9.852557057345 10.1209657139054 10.0269031811028 10.2130677707687 10.44066420507 10.2475525474462 10.139154561059 9.90344583905742 9.70055957497884 9.64834780406046 9.63515441289804 9.71474041583679 9.62965765713929 9.524078161808
9.217397606927 9.23474997077991 9.22338334871912 9.24784221022604 9.30568058732752 9.43502678549152 9.71094684074068 9.88958543225536 9.98648131192264 10.0529873775547 10.4862237545519 10.337909929741 10.0104016182569 9.99117129684062 9.87450648159708 9.60857203658608 9.40091395420264 9.42046556899413 9.54998008590468 9.64531593240506 9.76536017951115 9.83392989100645 9.61153113274247 9.43406382854565 9.40421501467894 9.47829198821916 9.70842399251102 9.94022291229465 10.0488326146177 10.125095299262 10.0987293634921 10.1512822764596 10.2381834153196 10.3362579678631 10.1794081102582 10.2742324220164 10.2620049954311 9.99748937895179 9.94557466235688 9.7407639751479 9.72442421640285 9.63050148123921 9.51362639363237 9.59861500761261 9.55741554215281 9.44545871761556
9.30611811991549 9.26558200487567 9.24157410675098 9.24167726902057 9.34785923007154 9.4881232624216 9.68143962527749 9.94921480656 10.015074166892 10.3072494768176 10.5247855395331 10.393017295506 10.2593868789691 9.85437298664942 9.51808563133145 9.41301064931252 9.40992863828423 9.53832031203893 9.65374817593434 9.73606687579491 9.85573522424841 9.81799167716742 9.69418113159276 9.53823862429764 9.40606532907011 9.3970303756266 9.46404870706465 9.68142914719197 9.92440374639891 10.0905660612984 10.2007399783717 10.1138318327552 10.4030819349137 10.2812153708372 10.2121682909598 9.98249262166635 9.87616998703428 9.74736049882602 9.503115174768 9.44902817636064 9.56775375524951 9.51376390374041 9.45783578289746 9.48393831624172 9.45911895837066 9.43597477987532
9.34231951996902 9.33850559749367 9.33391065259458 9.28514217310907 9.33116231980515 9.43911121840428 9.56661162397864 9.80038447547582 9.79811901978118 10.2969784797869 10.4762628017105 10.4103649014345 9.97100057174258 9.49687665222695 9.57153315108206 9.58734516573531 9.54680417431787 9.67981485358429 9.76853278920891 9.86955237419036 9.88467984075119 9.83456542132282 9.73385067068337 9.59910397392986 9.4808389777446 9.56566576172546 9.57664672713997 9.57935923668054 9.86863796174336 10.2754367838673 10.4279324700036 10.4642417701783 10.4709748368225 10.0951873934713 9.90333855187083 9.62587094025898 9.66926929843424 9.70463969837042 9.61969325621126 9.58157177754926 9.57615490564249 9.4943349057803 9.40359898352527 9.40109690899992 9.37251777086305 9.59372724648854
9.45765978404807 9.41186348247242 9.38240242829752 9.37091241198496 9.37537714780525 9.39013147665264 9.65369604985234 9.87461254189916 10.0165180395803 10.2169549904064 10.081739992526 10.5395308151941 10.219831157528 9.7138948304969 9.74377124325761 9.93659930257661 9.68964844712307 9.68670832575988 9.85814599471473 9.99749560204793 9.96810734095908 9.82950319983721 9.67792520330812 9.54117411682752 9.58113782883504 9.73993405873109 9.66480317771102 9.72973396055749 9.91540966443494 10.1714547310763 10.5511643835516 10.6146723322993 10.4470553790088 10.2290858975739 9.92654206455039 9.62763950117397 9.61719331737711 9.55842718388608 9.55074643049528 9.55271911530591 9.50815720732737 9.43272930528499 9.42564405011323 9.42893795938449 9.41651020940787 9.54871030582725
9.46520242032024 9.39955718575291 9.38267895593309 9.49940390188972 9.51347659170486 9.47426521460064 9.50662470880691 9.63999769851943 9.62717071252936 9.78449138156044 9.85292540116242 10.3604574756333 10.4785982774301 10.2643498771442 10.178193174381 10.2102115418314 9.74899934197664 9.68818259224806 9.83771372278558 10.0240598939647 9.96541982817598 9.83699079644531 9.73892413037972 9.70765418966172 9.76176162978812 9.78508096569916 9.68402379779147 9.84077758247664 10.0720468359785 10.3335285726977 10.4090478621499 10.6943299232188 10.4959310822058 10.1806538097926 9.91539583805149 9.67211149611728 9.7003841793452 9.67145819776683 9.6323518755293 9.6023243917804 9.5356617436033 9.53057555181234 9.61514423294284 9.71503670927415 9.80521414313986 10.055614081013
9.71443204780439 9.48153333131985 9.39137764047577 9.42683787936021 9.53238475116444 9.57533645948746 9.42417234920026 9.35307106276942 9.36087180834061 9.4379123658586 9.6174914649863 10.0350660962257 10.4580097026114 10.6089477094717 10.4602210775252 10.060662075911 9.75985601138736 9.86096611067542 9.98446436124424 9.94475035071943 9.92005375830173 9.79445645078184 9.80610033744052 9.95784290414765 9.97588525145769 9.79907406710488 9.77471451411115 9.95985003940163 10.1234819497914 10.3721911190357 10.5410938523011 10.7214075548453 10.5880317914829 10.3273174645615 10.1107028096004 9.85456535153676 9.73942703986165 9.7046469912071 9.621790257915 9.60989564884327 9.63151199945548 9.7599661133471 9.92631718676667 10.105442206584 10.3582474595185 10.3647823186598
9.86114633143379 9.67498008590462 9.48162781886533 9.47413095716049 9.60827293626694 9.64469535887432 9.46854058621408 9.40916916607335 9.60496038131667 9.66493956481128 9.55519767108015 9.83608234049604 10.3309844167299 10.6527181507993 10.5094099446358 9.93009846364884 9.88488958086306 10.2293902393618 10.1701112668734 9.87242018652347 9.96281868137843 9.91005283034472 9.93409011186936 10.1102846939941 10.0912252233807 10.1741689884068 10.3225189090453 10.410665871882 10.2583282942868 10.3701454756785 10.4432161388031 10.7003489500737 10.6016571040873 10.4162072131943 10.1633864368333 9.88947278508855 9.6283902069731 9.58981213364026 9.4969793042216 9.49932307756995 9.7668001402097 10.0056574896589 10.1263305135031 10.2695687900181 10.4561517125506 10.4591284521513
9.99419909206968 9.79060678949837 9.64970745165307 9.6135659377666 9.82948163040547 9.67497913401132 9.5911058402296 9.58087691641527 9.67741583093649 9.94152984246118 9.74404622796873 9.76259977473311 10.070538224742 10.6247295474481 10.4148060253644 10.1642061459108 10.2009993132172 10.3647667001228 10.2925466964006 10.0960434973675 10.29037523032 10.151393855485 10.0954368481937 10.3970904820491 10.6177402404686 10.7433809965077 10.7099758934026 10.6071999022136 10.5735608703509 10.6586534214793 10.7377733966346 10.663311200181 10.3031856316008 10.1191387177686 9.98014902031848 9.88176867196365 9.72702901263236 9.50323155691819 9.41637905824476 9.48132684445815 9.89712923286583 10.1560925304017 10.2815044627109 10.3363329874229 10.3989195718679 10.5060800265417
10.2260561099133 9.98388380627843 9.93295782429982 9.83654624728871 10.0589115008303 9.92049893629046 9.96947330002131 9.86225975916268 9.96819064759663 10.2696995017959 9.93484838339297 9.98963695165165 10.1916299548588 10.5891879875623 10.5978414995189 10.3813878790352 10.5015894056339 10.4004641626601 10.3233112584184 10.5988191246893 10.5910132534724 10.4914656354964 10.4099624610266 10.7385090991626 10.8036551505162 10.7679024781683 10.7673686085122 10.7156363273369 10.7487130742486 10.7978500438861 10.7168432052058 10.6240948400953 10.1621815069204 10.0089680360852 9.85165546152354 9.70371401305445 9.72115028924809 9.73722703632276 9.68589094498182 9.76703528702102 10.0442496490499 10.2300635633143 10.3634841566824 10.3683142270585 10.3465409017687 10.4894573181301
10.234394003459 10.1653788430385 9.92580775121926 9.88299975701908 10.2129932759433 10.137627614728 10.124074751616 10.0930948437223 10.2318112755604 10.4783366766219 10.192169749611 10.1868169848529 10.3426308508192 10.6926549120827 10.563816008634 10.5677957071566 10.4256620452289 10.3819777005496 10.6197118024382 10.829067985156 10.6321949967723 10.7254497570958 10.7194638251828 10.7079290478968 10.4743532127776 10.4512710239519 10.4426350547737 10.2689738420876 10.4752996596083 10.7093738136725 10.5595310589895 10.3927943654017 10.1756051211395 10.0916899815488 9.88439879938748 9.82931792043309 9.89164844365079 9.99733290049038 10.0403503835174 10.1702506019946 10.2312059516854 10.1483847640887 10.3179082266483 10.4563730433831 10.4267344849887 10.5712845765362
10.3916661502595 10.0828103801456 9.94849192997845 10.1017944616523 10.3785756090584 10.2323554190049 10.2122606532522 10.0353481241213 10.1607468379965 10.6029407349348 10.6367153911849 10.710238219707 10.6658599438285 10.5567673830165 10.0594614143977 10.257801155775 10.0477714241237 10.3312701487822 10.4371172834014 10.6583860726546 10.6784793491416 10.5421216755138 10.4179457918926 10.4236757011977 10.2573637751265 10.0486277242484 9.82390999785993 9.78309096409985 10.2204776502222 10.4428509148449 10.4839909450554 10.2918999393176 10.0203068170223 9.9825236044531 10.0143953002749 10.0356972708049 10.2224194425321 10.4427838092723 10.5073887714119 10.408630252698 10.2653274886141 10.2750414245792 10.3380171662445 10.4952926305514 10.5208103805332 10.6096438442812
10.5090427040387 10.3691521099403 10.3209016020066 10.368048175493 10.5161048018967 10.3669314699925 10.4336505239916 10.4765150571456 10.4692170985988 10.70059930013 10.8484849239063 10.6290468665888 10.3802129288734 10.0499450052128 9.82620867827315 9.80828959989157 9.77520623438443 9.85310071468143 9.9823759188268 10.063327163524 10.4911248631434 10.8789134388919 10.6747005032574 10.5841781822634 10.2557389169177 9.91278457918023 9.72603547565894 9.66091959567644 9.87257729856245 10.1795035553781 10.0647928741524 9.96538212021344 9.8890938149391 10.0499048914729 10.1580780147448 10.1833828570649 10.3684865941153 10.6038490011335 10.5762121103159 10.4563333623439 10.3532877117749 10.4218847787252 10.4639841649214 10.5835056601439 10.5453394060455 10.6277263166494
10.6044484147329 10.6114951458636 10.5356305368524 10.628611995194 10.6881173337431 10.7054382593069 10.516924243537 10.5433205973583 10.8543487645578 10.8445848249683 10.7944387701125 10.3493582203055 10.2333926996684 10.1167795579153 9.82311011824899 9.74021870698217 9.70203779726795 9.67255996195987 9.73276444663765 9.95703118902741 10.5492965825335 10.9177890889468 10.7185156267704 10.4908658764118 10.1779722137523 9.92046394335368 9.85305609795579 9.76283056539305 9.83165757111601 9.84734325848962 9.84537424210073 9.92932835097556 10.0337626232916 10.1587384419012 10.2247113430648 10.4159573849993 10.5114635974098 10.6711491719427 10.6596061073413 10.5588893479281 10.4874505802903 10.5263985776038 10.564920054111 10.6273537156544 10.6024014453654 10.6116838309569
