DATA/PredictorVariables/Future/2070/tmed_inv.asc
NCOLS 590 
NROWS 274 
XLLCORNER -7.522276026 
YLLCORNER 35.996888128 
CELLSIZE 0.01 
NODATA_value -9999 
[rows 84 to 104 of 274, columns 460 to 505 of 590]
5.02909276602111 5.17675267712877 5.53744175406049 6.2414758744598 6.36358462293155 6.16812734249283 6.0588192388552 6.22530908639094 5.3113892597607 4.11163400617393 3.86995827094602 3.96706333861361 4.14623216430808 4.59473176688072 5.24600142137115 5.31181668839992 6.28377406907074 6.47965576587552 5.8221942757635 4.75703994863345 4.36208464990531 5.31388475422057 6.0039821792758 6.58694406540799 6.89201347140932 6.9481900314155 7.03484115707235 7.06283583824256 7.10578907967806 7.00338677272654 6.81560649392203 6.4375633171228 6.66283366375907 6.7808757053917 6.7786355206378 6.69509008471423 6.69956858196951 6.5794469962084 6.3189519287058 5.95525775683678 5.90438350558198 6.67088300131995 6.99603468247345 6.95530587222815 6.60799939540723 6.04694825963955
5.45534894266942 5.20021073450173 5.54866830027042 6.52173862709525 6.71331563801725 6.3340417443999 6.40561919482876 5.96141704963505 4.73342271970232 4.02083954341074 3.90977431766206 3.99568408237162 4.20815864404444 4.47742897433401 5.03510018938289 5.92634448851306 6.96073828573418 6.24717075652528 5.75364266443797 4.8485942957523 4.85053828272846 5.69445951525738 6.21167225383283 6.56619741349244 6.86357759109806 7.08316098084067 7.2089574571178 7.21064353858307 7.07652820886226 7.01443035674952 6.9764602625673 6.91982819524198 7.01144039609293 7.02530986989739 7.01681217140653 6.94628345934057 6.73849208824943 6.43173758333442 5.75701804790687 5.65103163141745 6.48624484232742 6.97199319906954 7.11289925370765 6.96519503208518 6.71441670496177 6.22575512874435
5.44827668217488 5.68601693627736 6.10079172286825 6.69841226980593 6.83263247932594 6.56733027930585 6.23546134710733 5.47096446048285 5.09773355672218 4.47623588343195 4.26964208199338 4.68064890387157 4.62605616413054 4.66496744625074 5.58077121432929 6.40450029318507 6.88712568249579 6.14032578043861 5.43172787576788 4.99496203452542 5.14971733758599 5.80905214001394 6.21686185180353 6.49084661423848 6.7220758161275 6.97759610006473 7.2068312146809 7.34349512416792 6.93034446559526 6.98521842409683 7.07657654646183 7.13930622875381 7.16984125090957 7.14899027766324 7.10153885042525 6.94688187537289 6.61587620364926 6.25708441538379 5.82760205397442 6.46341201278331 6.82559413330963 7.14420245663524 7.12053556479692 6.93282659035061 6.62946690082978 6.12671387992071
4.96195136423922 5.46438232468143 6.69464881590178 6.8609741047765 5.87080912016068 5.46104863589067 5.34309225267297 5.68123251038799 5.36298599529817 4.93702848804879 4.67488686832612 4.96452908276359 5.74216967435496 5.61280339077394 6.35707450487992 7.30369536776542 6.30463824522032 5.46474498131935 4.71199180889279 5.45623104641354 5.99924574361763 5.95154583916525 5.98337578609646 6.14380564857855 6.19570922568532 6.7184161188777 7.17950554564768 7.30918845762653 7.17075902328039 7.12476803741863 7.22329053948186 7.17027378566117 7.19341827519342 7.26543341679097 7.13398535391235 6.91020617529365 6.32020610525677 6.01429805458576 6.30578286866813 6.81479539197166 7.14226868895726 7.23125401908563 6.96974839251035 6.60046549370295 6.26060418517739 5.96042307987161
5.1072824668788 6.25308245733802 6.82108839188627 6.25373459029424 5.37360459419592 5.2850115591176 5.67284012184701 6.05906727968499 5.32792901993691 4.76212620850047 4.45105812658245 4.7379432381145 5.5053021395827 6.37291349732192 7.3192478115097 7.23026750366778 5.92866482112127 5.33167487413572 5.25330235804324 6.08243776353968 6.36170705748722 6.08907555689618 5.67049220245592 5.86706011713897 6.17411485129942 7.0112250872024 7.40895203867553 7.09548668748711 7.18247623252915 7.16109449642102 7.07569126704186 6.85454747000232 7.05538196560311 7.31177789054299 7.04001480225007 6.64754203631411 6.22760530652953 6.26320367474149 6.61771767325149 7.17497948023705 7.33398709124661 7.11864807598751 6.53670671328266 5.74780965610089 5.58379300596267 5.85242117332636
5.80854162063798 6.95243991355207 6.93358429592512 5.82589333764801 5.81743088705125 5.60078351597133 6.11984358724601 5.74350195132999 4.69490829691995 4.15005565480548 4.85859767142809 5.46327386990538 5.81146818811994 6.73925936206417 7.69420668374158 7.00284956746194 6.23322241631086 6.37526572901688 6.52912725624189 6.60146435898826 6.22346095883989 6.03254616145283 6.44393351488839 6.46478275967756 6.87946024288096 7.45097975679068 7.34109396763561 7.1003254757362 7.10914618289469 6.66932873374113 6.74163155837242 6.56601645331298 7.09282360992344 7.32810168403553 6.73015097444965 6.2095981052536 6.30965661103158 6.30529454111733 7.06899571937924 7.37250625787904 7.34866405030583 6.80643343811938 5.9711024209801 5.46791511679333 5.95201235351478 6.36953694256671
6.2816900469148 7.06175365990532 6.84636845766549 6.32257029144251 6.54106050119163 6.36904299676504 6.33021669005892 4.86225438032028 4.25360003299639 4.57623876975711 5.49749955922588 6.19454658329293 6.24901548103212 7.03260807894555 7.74131492938807 6.95969178784661 6.636450768068 6.83424596465012 6.93678789001193 6.56367852422178 6.3363206511256 6.42972897137922 6.95355470416775 7.16820158402541 7.47982474805673 7.63074489519379 7.29261381632032 7.38318924302016 7.05755884985724 6.18221162640477 6.57674568264697 7.09390853449028 7.44261996223989 7.30283384730211 6.90909338913796 6.88186574568059 6.65160799092276 6.9679266381494 7.32126111893905 7.45078860953739 7.31914840099678 6.75693329739173 6.51424190501194 6.28994156433317 6.47774929151707 6.75309506993791
6.72282402357096 7.19175159482741 6.92372757853583 6.76578611523779 7.10675334968858 7.02703945606519 6.04055453369545 4.65742577520594 4.58889536705148 5.5563066153144 6.21641160712018 6.77445253314197 7.3225907331613 7.50292280638844 7.72126793280931 7.25596659063625 7.11440885243826 7.08650715296296 7.11470261790446 7.01718304038389 7.08383122614271 7.16616870013075 7.33079458002397 7.46374051748444 7.59131925288942 7.64447687759595 7.47154582009176 7.50906363781073 7.25756547846417 7.07822781805196 7.38700044373211 7.55423725844387 7.62061148674537 7.48723567888144 7.40808248842409 7.22138282861502 7.27881224377709 7.39525015026071 7.46865430623199 7.48672353939128 7.42139429591656 7.1318295480731 6.63374002438243 6.79458546107749 6.80332357028677 6.97848481552864
6.52669231554917 7.22865161397604 7.12372795162231 7.16700783289607 7.35223476000001 7.07967649316312 6.09232956237635 5.17986313356988 5.33884357680156 6.34481147801651 6.87952484086903 7.33524683469136 7.72761534450369 7.81554340579777 7.53147877300025 7.31844587101967 7.42013817339715 7.25926600587728 7.28786937309054 7.35207074163487 7.38858479453565 7.28463252117672 7.12598100819962 7.51487360036469 7.73642943458441 7.86200021590783 7.65464885404875 7.60348841689278 7.51288846560484 7.71067515467291 7.74851932926132 7.72339403707888 7.71118128567531 7.63906460982301 7.51716451267887 7.54400026961137 7.52782607058812 7.50785762002111 7.54390063236762 7.49988588569594 7.46620290835406 7.33109385956645 6.98739290020589 6.95284060799003 6.84894312887379 6.99595111546801
6.6976193995607 7.41659748388816 7.44989844289185 7.51547884260608 7.4186842727425 7.15617410811973 6.60890581545477 6.12674885507306 6.57925197087031 6.96622441968181 7.23235565856744 7.63007410040975 7.89238990582298 8.00544847715044 7.70235475676136 7.699673175926 7.76462791500353 7.39135731648852 7.45481082668686 7.46851335699154 7.47214673202778 6.9789612875171 6.94541478803686 7.56426359864451 7.88489031094719 7.90772925597881 7.75987293385697 7.65219311696482 7.78712776781322 7.90638988173175 7.84714312688494 7.83133044510365 7.8200147254963 7.70814530332565 7.58315964065576 7.61119306247115 7.56524149504543 7.52929106545783 7.59224007966161 7.54129973477865 7.51642836405706 7.36001609503913 7.16376013096261 6.96367111426068 6.73727694038369 6.95472106763745
6.84832173699986 7.57836751583863 7.69609238353969 7.60127856117103 7.25525786167825 7.21696244132755 7.25166388717873 7.29177926739914 7.2589973234983 7.30688805520802 7.36184705327299 7.60725678851767 7.73300568417979 7.97747375597623 8.31019899187949 8.04922621307633 7.64014906223704 7.56218202011802 7.50841210242747 7.53776669432352 7.57559096873238 7.43291357381924 7.50872434644896 7.73528868443778 8.04671871197225 7.81546181159736 7.80642879251982 7.73894538582471 7.91942897248936 7.95451445692207 7.92765282923843 7.93809570716645 7.9244206604221 7.70038972810674 7.64580698645592 7.65204169541526 7.63545562431385 7.59793047258284 7.60966479482867 7.65619055607749 7.52604602385926 7.41655287025404 7.2429509811218 7.02613726643327 6.94712326691846 7.04791198502973
7.33346781612114 7.63621364427568 7.75131490393209 7.50459624608874 6.80932786200049 7.15485028199293 7.57929709445503 7.60147043271425 7.51865097194102 7.56652303087547 7.49872573005559 7.46622301472929 7.74912934252498 8.12857238676789 8.41487627531338 7.96282475953034 7.72779620278743 7.63564156118892 7.43710992292356 7.48275375228335 7.66279168908334 7.76817843731643 7.7836182684162 7.86538766044762 8.10815982191659 7.88835990299727 7.87089939527538 7.87078447502091 7.95445647234251 8.02648154030278 8.01556586385728 8.02417194878245 7.99295583721376 7.73162343904687 7.66909088623215 7.66789878388096 7.71208586954975 7.70234688270595 7.70709683441236 7.70523440892554 7.54033803212429 7.43895275670529 7.32253634212137 7.1813847231784 7.15236649618413 7.21471969373539
7.51951582305934 7.69272789805032 7.69089859920735 7.45778386487386 6.98385021567686 7.28541831520777 7.69024266344356 7.7282901352394 7.68270834023122 7.70215418054393 7.58892905709675 7.6125469520493 7.70099956100373 8.24113923558904 8.4396852245183 8.04040221474237 7.81739928562519 7.55916037509848 7.43113052407244 7.55479235761787 7.69094725075793 7.8154733287964 7.93508437224222 7.98568730864242 8.17806280174352 8.01672412570243 8.00188148564532 8.00732546003273 8.08076977802756 8.1292757720647 8.06284949868871 8.06433768862534 8.03622150488377 7.82152524806049 7.74242381383136 7.71979424754002 7.74612921172144 7.81010451334407 7.82467104868127 7.71408925361395 7.55416907367633 7.44098233376668 7.33326096074962 7.25760724123597 7.26032142739606 7.34035686445047
7.60708185882291 7.75243387262903 7.46028911507505 7.39305363020317 7.34665833722112 7.51290405989661 7.69762080451344 7.89343744289264 7.90352162883325 7.86275442277015 7.75572731588996 7.84899786014507 7.98633910613931 8.31281298584095 8.38113606966992 7.80359357706498 7.71800207594543 7.64757857972561 7.59253889928681 7.62881083289323 7.71547904281507 7.8722680309108 7.95961807052143 8.12346190554812 8.23106642446521 8.26450661847509 8.16468008239809 8.15513561139595 8.20998263520583 8.20733079807672 8.13630416879041 8.10642700113064 8.06202905077932 7.93782927569033 7.87524903905449 7.83741290966876 7.83213926431278 7.91297180752757 7.87909131443237 7.70679424143597 7.46383423723933 7.36853299445868 7.29790215634848 7.27748825196602 7.30594580876 7.41799824312527
7.71120795216729 7.91287292417842 7.45557852551753 7.59073058511237 7.59378336865714 7.67499576341964 7.90506239831325 7.96928468984697 8.11987628157045 8.04004778679805 7.9303908915823 8.05996958081816 8.39843996223978 8.43518226074166 8.03628010711998 7.7968283602376 7.77703945606519 7.7699766618972 7.68825138891367 7.75275094179299 7.83730463607885 7.9581400941229 8.0544641491008 8.16046117633678 8.27580813712217 8.4086991673112 8.35642656724981 8.3101601697741 8.31499937726309 8.30314010681391 8.20784729432011 8.17210944254064 8.04834467945243 7.96890305440523 7.99271292594029 7.94104473187497 7.8793272199359 7.93102883968304 7.87804096774484 7.68245445107938 7.45428726453927 7.3773496930709 7.31895681940843 7.33324678427318 7.41953533740524 7.50631166179158
7.78824098325065 8.15850899534321 7.75199861052324 7.75720211904647 7.71375920735433 7.73799600631977 7.79175038222863 7.88400660935737 8.17807886998415 8.26977377405647 8.14122611704685 8.00676117845824 8.54760891488934 8.19493769100208 7.81499974882771 7.81627385521508 7.82237108833886 7.83525857022834 7.84571455364752 7.87189491103054 7.91684486365224 8.01638786133529 8.1587172016721 8.23360757895854 8.3343067019229 8.43533755265378 8.51641896891259 8.47637577795887 8.39065047086525 8.31571482067633 8.24867190957072 8.19885122383693 8.14185915407517 8.06860189337018 8.07288331528378 8.0412321065111 7.88479718369529 7.82950057644481 7.87411816624493 7.73466167229938 7.61162312225918 7.46772278265363 7.42307715103061 7.51866604022794 7.596034806263 7.57753719284128
7.95330124624424 8.18854711428742 7.82532606749655 7.85334893510628 7.81237494143702 7.7950716997576 7.88008055225017 7.95327079838946 8.18746675562431 8.42066978843832 8.27442455269485 8.20369330255658 8.53976273483845 7.95901557830332 7.85411788644743 7.85959987030506 7.84963399503803 7.86297161679269 7.87827519993473 7.91984125090958 7.96076920953561 8.09449477353241 8.23760540214778 8.34212481318141 8.38962644598819 8.39567412038611 8.46277998322818 8.46478104092311 8.41241653969099 8.36583834662107 8.3704849279995 8.33210216890285 8.22492509168812 8.12194509589428 8.02580033117671 7.95799683696815 7.74273548195622 7.5949833445592 7.68811112894537 7.69657343923044 7.72873649599335 7.69691465668152 7.70614425293347 7.69287654885456 7.68407736393855 7.51937914439345
8.16195306973504 8.39943143119582 7.89200311394383 7.87236066727045 7.87311991930728 7.91782602296712 7.96056856934617 8.05907775488224 8.21992383685877 8.37544236466714 8.50459616019533 8.51451555031652 8.43829321914113 7.90967383485398 7.87813703876882 7.87162821012122 7.86866540434652 7.89917225383285 7.93439327491404 7.98443082406121 8.04286612940513 8.18822021077451 8.29163744075593 8.37372267697956 8.42814629974833 8.36154041326143 8.34599422344211 8.44876679005912 8.4828060294123 8.47694552906838 8.36181175977023 8.20617838982519 8.05569243673004 7.85290787257115 7.79786642961945 7.78260750350276 7.66578756188875 7.65543813070405 7.77732288038203 7.66528169966506 7.59846095883986 7.58216053754102 7.51196543904443 7.49047598515773 7.55157917440116 7.51145591360991
8.18202126950125 8.48776396985197 7.91685298176766 7.91017811745001 7.93178065695501 7.94825681589819 7.9481842509656 7.95685135578275 7.99204004342437 8.07781059314488 8.42495939985556 8.69892262362574 8.60881312026696 8.08290731380232 7.9690898226755 7.95163938713338 7.9439943491533 7.94759337057473 7.96866727822354 8.04830602470065 8.1556429942379 8.28160095759535 8.37003733983754 8.38367506772851 8.34770933987094 8.38691281521941 8.39674657365992 8.50029212112142 8.50427320205639 8.35946935664795 8.17475015417861 8.03493053008175 7.92518928775404 7.75529279651188 7.70404104874016 7.70774382700016 7.74076142806126 7.77969180461383 7.72857878990578 7.65063849965167 7.56471359992242 7.45353767397381 7.24465278957942 7.23567280552006 7.43863404564835 7.44278248687077
8.34996103426647 8.49616940694096 7.95007594593741 7.9521007563429 7.96075761311008 7.97895284916974 7.972705814492 7.97728681797196 8.00182883644677 8.03875116105223 8.17164218435621 8.61456945099781 8.79780904649401 8.48002341064603 8.20272956815634 8.10354328811225 8.03379132438185 8.03876910087302 8.07479967188408 8.12133680794958 8.1861123015361 8.27257708887957 8.31760213183879 8.35902338981009 8.42106704107382 8.45198436885264 8.52218600029664 8.56535810881375 8.42972038104342 8.27206000584268 8.127213987978 8.02975201631833 7.86970668903614 7.72922418145587 7.75407899460745 7.77981854800821 7.81775392703629 7.77362313510323 7.68045488688183 7.64411983042455 7.58523400891448 7.53000054669716 7.41671579828362 7.28608337998944 7.50354108292173 7.4105762426972
8.32666520451831 8.62543565304947 8.10728145286993 8.03741748046781 8.01907846680689 8.0213498354764 8.03268132559538 8.03789857666159 8.05320082919169 8.05295027861977 8.17494057403565 8.54762986528397 8.81654249042415 8.8033225356064 8.6404779797125 8.48068076002695 8.1568336335683 8.18210082367707 8.19644183816482 8.30973723172618 8.27627298529626 8.23791255659343 8.32540290105344 8.4299444591756 8.52343996223975 8.60503372584535 8.7048119091916 8.52067763963556 8.38797171216011 8.2780597465148 8.19658150706959 8.08061964589596 7.93248596766877 7.83007957962776 7.77270935881901 7.81385633722115 7.84416899213815 7.77659762895536 7.69285927171279 7.64861364207626 7.61668946600962 7.60273260155439 7.56153146653509 7.47681912922978 7.42273219831132 7.18365204736421
