DATA/PredictorVariables/Future/2100/et_ref_71_00.asc
NCOLS 590 
NROWS 274 
XLLCORNER -7.522276026 
YLLCORNER 35.996888128 
CELLSIZE 0.01 
NODATA_value -9999 
[rows 84 to 104 of 274, columns 322 to 367 of 590]
1160.20537004791 1160.24334238653 1164.33288706988 1164.16494811346 1158.15218217585 1148.76782977448 1154.60501807178 1143.47702344678 1155.93281244678 1179.91000313427 1163.77609470117 1143.65636955164 1145.53230298389 1138.58045778888 1131.01382300476 1137.31213344458 1143.73735313654 1136.28691876575 1125.27539350965 1140.05376487726 1133.25296928021 1129.23496305097 1128.36122467407 1135.43712378521 1124.40254581531 1116.37625538691 1124.02156380164 1152.9342350744 1141.64111681879 1138.2250237381 1147.53113959809 1158.45685280059 1144.01583728045 1150.20883151574 1149.82488236346 1161.00696869757 1154.13002961121 1170.00832418524 1166.97721720105 1168.27696980548 1177.30150582202 1161.6437982987 1153.88247948847 1148.4711553039 1143.40365995136 1154.25296222534
1150.53433033649 1154.58757352118 1159.77308651087 1165.21341121503 1175.32826211957 1166.99897561871 1157.00446911572 1156.06929142371 1168.72573446752 1165.22894230548 1150.43407994878 1137.8905107987 1137.50396091894 1134.27921640253 1121.88902508265 1147.37452284143 1157.0382159494 1155.68940825 1149.02108084247 1146.5732966369 1137.83789910034 1143.53757291632 1133.41858201752 1127.69283351136 1128.75345675928 1142.74137998834 1154.61239718048 1150.76423082178 1143.74792182917 1148.7353613612 1161.76095786963 1136.30945334039 1113.01068235645 1124.42529355097 1143.24913584454 1159.53402222772 1166.49978971929 1163.05081260382 1170.22780326996 1160.47102839618 1163.01664310797 1153.88065197851 1165.63063329132 1159.95205133142 1167.65243184698 1167.52254387671
1166.18365714355 1172.55086196307 1170.17257234949 1173.31681415918 1174.57332525928 1171.64685749756 1167.76260449994 1159.41721709192 1151.33192341565 1169.3007801994 1131.35961227893 1119.70288774707 1119.4511987013 1133.21685473761 1142.46343774774 1156.32961494836 1149.02527039594 1152.80157637952 1159.97785785107 1154.90028201154 1148.04696662689 1143.75783543518 1143.91674739356 1145.18747011817 1142.888386125 1147.07888854791 1149.30567330829 1148.824506875 1156.09419178168 1139.45956902014 1151.18498542541 1139.39223998267 1149.30791282178 1145.48082334924 1125.68004888654 1144.52987249579 1140.89987902387 1163.38440743976 1166.34587033112 1167.59865131476 1146.25060244977 1141.07505404578 1149.38406142822 1146.27884091406 1154.08250163428 1169.32155606531
1161.85823466895 1166.15351612469 1163.63103839752 1172.24521980017 1182.11516275452 1185.52499131897 1177.36916850562 1183.42708255774 1178.9745196615 1175.13403195129 1167.93273318444 1153.9176854624 1155.48904709558 1153.07011058313 1152.52133860382 1159.274835625 1152.16087918592 1157.02944159558 1155.15464349268 1156.42899014618 1154.01957699152 1155.40025559076 1157.5537325487 1155.55522607916 1159.40664675 1160.72629969958 1155.01383100219 1144.86735125226 1155.13577904443 1146.2168804397 1149.47809011572 1145.85293525958 1167.06718755322 1152.53887404431 1159.69851195868 1166.6617186369 1153.12681324268 1155.4411926369 1165.91226292737 1159.45943245868 1143.41533141633 1146.02812014472 1144.15465900702 1145.87110466859 1160.27481280323 1164.51703336573
1164.6869907013 1166.89268141596 1175.84062584821 1171.02398111694 1175.85566110486 1179.4862255119 1180.31869066632 1187.15929529236 1182.34830484595 1166.42149778308 1154.66266255439 1162.55737311511 1157.46525075702 1154.5605680976 1160.23239906476 1159.59197087952 1158.97727238006 1156.56566076379 1156.18844371234 1153.014737 1149.13334687115 1146.34782250159 1151.99075565442 1150.09157264038 1140.3688643125 1138.0185535 1139.49286336694 1141.79260953046 1141.87359086816 1142.36073646435 1149.22683094677 1143.69481538263 1150.04658450476 1163.3673550343 1169.78137912952 1167.7801975138 1168.9081133952 1149.99279763879 1159.44891488159 1174.46755503937 1188.92488657178 1163.02575572535 1156.28615315705 1181.05255463916 1188.31119830322 1190.16560982178
1177.76131873914 1177.3614308985 1179.53699205798 1175.0720167478 1173.88932210419 1177.3950988888 1186.38416845362 1188.40339074548 1178.27280645612 1169.56534127777 1171.08780048248 1167.5884703808 1166.8988731131 1166.29467924658 1169.92038883368 1162.72184447058 1149.17043707385 1143.20957309558 1151.26361325018 1149.01833817822 1142.31027605322 1146.09588404834 1150.24380999524 1147.61955088507 1147.72270371997 1131.07151225 1130.10762230316 1139.48514190728 1126.17914947027 1120.49098746179 1134.6211835 1139.2590877323 1151.41417438586 1149.22882072027 1167.1780819707 1180.53286686413 1171.47625628156 1153.78736747059 1159.62890377173 1176.06591391004 1188.17177498621 1183.87556427753 1190.86331194226 1196.02843302118 1195.98729133106 1194.32707086121
1193.305853 1179.33049475881 1182.59363044836 1185.30098427418 1189.62486761787 1192.15990184559 1193.61025003259 1185.88445559192 1183.73749879058 1182.4061759732 1172.58528093749 1164.57478197173 1171.96461936346 1160.61821123472 1153.45042129862 1151.76682713655 1159.6253119267 1147.99546200001 1146.59316074999 1136.88840894677 1138.49603706249 1137.47856311083 1147.60566110485 1149.92606055865 1142.68608450354 1139.20899894677 1113.69298621395 1113.49153321688 1116.54437063356 1134.63620119263 1140.78411237499 1138.46612535212 1140.4136523888 1139.35470100405 1146.8499003199 1175.30195186799 1177.36850961285 1176.74932288209 1177.0852406756 1184.84634416404 1186.07343319836 1187.08825483038 1190.61150851087 1193.2524195625 1199.69082093525 1195.46188820765
1196.14106505322 1195.86518025378 1183.20773269904 1198.24867194678 1198.74239443445 1191.64753925927 1179.47874111736 1184.66268206249 1178.4243231488 1174.22764920838 1162.35263 1153.39564409858 1166.56369053204 1140.80238867664 1127.52363835431 1160.67734639618 1160.81456417261 1152.80952507629 1139.5363332013 1133.04706204865 1134.99060830799 1132.08112093702 1138.81070669201 1141.3145066112 1142.15721850378 1134.99706929407 1140.27302261572 1133.86239147742 1135.16789660486 1142.25356831653 1137.04375088428 1143.59137079589 1142.96995592663 1159.32646430322 1157.4004201015 1175.75820428045 1172.16096179937 1182.41977187127 1177.69963756476 1165.86193040241 1181.26967532403 1188.53692611316 1194.14564363654 1197.34597238654 1204.73067943475 1200.03848937048
1198.18416332178 1174.40932815405 1185.10593452594 1190.98572311572 1197.6009378692 1166.49407963428 1147.4863809181 1153.42179737958 1175.75768731726 1179.09391549701 1177.74126799774 1168.03408087231 1154.8595415 1143.96637805548 1144.50825236871 1149.18387911572 1150.15364834296 1145.1952845957 1144.27822848914 1143.90020455109 1156.62317333264 1144.00662172674 1125.77869230384 1129.03632619837 1131.93819560083 1139.42162419268 1135.44970064123 1140.95963000696 1143.40898168524 1144.23701504639 1142.03624655548 1125.75167615442 1133.60530892822 1134.68030075928 1152.40016793127 1149.64289759948 1150.09307696057 1162.32214619769 1171.71645890546 1169.1413323692 1166.91147384296 1188.29053467963 1198.37175478046 1202.99885864618 1205.25082210364 1200.86650864515
1191.77792237024 1166.00155162976 1185.03703195062 1184.3439303263 1196.12902888233 1182.50139482868 1172.97684701593 1166.81643690247 1172.83478434192 1175.74421665301 1170.57864285382 1153.46351836432 1152.75918462976 1131.79553527118 1140.96495820343 1156.45023662976 1148.04967125 1137.54974159082 1140.99573711346 1140.6963350885 1141.10971825226 1131.05589567297 1144.27030271887 1145.31390207178 1118.29362019452 1120.79323505865 1111.72379003064 1128.56201329443 1138.02897160382 1139.72436170837 1128.0173432619 1131.71931954395 1133.32701855774 1124.80766600928 1143.96835438757 1136.25685245093 1145.4505557113 1151.8959732959 1169.64665599298 1170.14343148639 1178.46366679871 1184.64230098621 1194.94571571979 1197.46329131024 1206.01933428247 1216.50639706702
1185.24773387793 1176.41843019837 1188.9470992782 1206.39666215808 1208.27100262744 1207.47577906628 1198.43534695129 1186.67126173639 1179.56955280322 1172.08002808789 1156.80799543524 1153.94335543976 1139.17011133716 1137.06220813666 1140.58390058557 1151.49307484192 1146.12014630322 1142.90256864184 1143.93719321954 1140.46597355212 1147.41874508367 1138.50592036572 1136.90592186523 1136.58037705084 1126.40339452752 1104.267202625 1102.74646062726 1112.74525747992 1124.21847443298 1121.6657463952 1126.49143725702 1135.68738901153 1136.59887280163 1127.63500902777 1117.00077372284 1137.47859606531 1136.397662875 1160.4189820249 1168.32575359295 1174.27694679815 1172.29567183264 1183.97708532336 1180.8712757561 1185.48985909454 1194.31340368627 1198.91821028308
1192.18283983405 1208.15561157178 1208.37762873114 1206.94775895599 1208.51285292401 1198.740909716 1193.57582534558 1183.03519585815 1166.41256711572 1168.3681444121 1146.63140910858 1139.50117783368 1133.07225566285 1137.23004361408 1149.03421731073 1148.17749661572 1147.46551213654 1136.89368880243 1137.13500650476 1134.92173761182 1125.96746459955 1125.62748844677 1122.30041766143 1110.17235969134 1116.1384990293 1118.70665112494 1122.95090003046 1112.55964243415 1105.84638027942 1109.06194503607 1111.63855916632 1117.78297102118 1122.70306199548 1134.76712771149 1114.36344466254 1137.32026681024 1147.83023474548 1148.81321845062 1143.73631392596 1142.25897181903 1168.85616937274 1170.22928082403 1160.68524406524 1151.42887527769 1163.29632193975 1168.49734187499
1210.01633846954 1213.86386417822 1207.25356831653 1206.80041854486 1199.4525495763 1190.19660304712 1171.63745638202 1173.75890910705 1144.02080582179 1149.0023672638 1144.2187051452 1138.06984483564 1155.19462377716 1158.61100777905 1152.61562069256 1141.79243656024 1148.16978228045 1139.07428545288 1132.20664327942 1128.34982722742 1116.92420510504 1111.15072638428 1094.34957238159 1100.07041324774 1110.61257576098 1115.4377119038 1111.5333888612 1124.24426053308 1106.60680624072 1104.52661713878 1112.11068370361 1109.01302436572 1115.38294253168 1130.91944914355 1132.32542664916 1115.91019562232 1126.88042377014 1129.15731133143 1135.25010415704 1145.12850599706 1156.68109905297 1145.78596564617 1130.55824000054 1087.78142289764 1108.02280266931 1114.68219638201
1201.62992543745 1207.35962613202 1210.05121294458 1210.7564504417 1211.55306411413 1201.3044038349 1167.40172996957 1169.22351400349 1184.82034436347 1175.34302797058 1150.12786718415 1152.97529665716 1138.33408028206 1132.75291201155 1132.32912242824 1132.6287376686 1132.77356736346 1139.86765618321 1136.93950037024 1122.66345080097 1105.449291558 1104.24076931252 1098.58837858199 1092.10444679133 1081.40861985487 1085.57418354938 1086.11682232335 1104.11789599999 1095.93544531249 1071.25832411416 1099.44146967615 1109.69830951153 1106.416001903 1102.71940417598 1109.30157637952 1135.72488820226 1137.55771206701 1145.49399297172 1133.68044719678 1117.98951862695 1116.70444052157 1121.5871408471 1109.42727960156 1086.45236109173 1100.60911244885 1072.68208395105
1214.89832882263 1212.37360684454 1212.9566909176 1200.40954519623 1203.86827148846 1204.84649348187 1193.82960738428 1186.94689506281 1190.52565251807 1174.5768741388 1160.92762723438 1153.20067570887 1159.2291273125 1152.25368951642 1153.60690661572 1145.90134288464 1123.15540003204 1124.5089284082 1137.5151530957 1126.72698116632 1119.49019600153 1121.25841630548 1114.62491745764 1101.78051119678 1095.9332725625 1087.5594001991 1081.40207219904 1092.2176906991 1084.44445444202 1097.42203636572 1098.91918824933 1097.0676899494 1093.24998703259 1113.1922622381 1111.58546385486 1117.53510751995 1128.29574479235 1122.88082954535 1133.78546324999 1111.34174190442 1083.355438159 1103.43983976726 1096.12564520103 1076.532468625 1072.48509847477 1053.71460392265
1221.40161916931 1213.66230362262 1213.19860969397 1202.76223897058 1195.82789853205 1210.69654488306 1210.83018244678 1209.02084028308 1194.26825083539 1194.48051466735 1184.37810083172 1175.39658669451 1163.26403006701 1150.32767860479 1148.00331032178 1131.2165228006 1123.8267277013 1127.75780650335 1127.81602112323 1120.37753450928 1120.02163901489 1120.17435177118 1112.67580882178 1105.30310316895 1102.88149744678 1104.33156226556 1109.2362255119 1098.36434742993 1089.59685524835 1090.54967125 1088.12208005512 1086.54316007404 1086.98841776776 1099.06230320354 1101.29050944201 1097.27458418066 1107.034112375 1102.02596418249 1088.53161050111 1095.4204823032 1091.68105264513 1073.94441480604 1041.55419447127 1064.66029600928 999.386046134297 983.942890497211
1202.64837434228 1201.83997132342 1202.12317124298 1191.23702498157 1211.45528282178 1213.05686652765 1213.9541913125 1204.52324619226 1188.15724624358 1171.7165630625 1157.82348594714 1142.61503416638 1131.96891872985 1123.04892451715 1138.68837105322 1136.55076074548 1129.32454335486 1112.39366345765 1127.46781365527 1115.09328942596 1119.40524281677 1118.12758056702 1121.204967125 1108.20635943067 1112.73017823846 1107.75204080121 1102.72288375702 1097.77354211389 1086.46802604956 1088.55998519678 1092.9843469151 1088.16978228045 1094.22891961957 1059.87043129273 1076.74211060485 1098.30356876385 1093.44667949071 1054.43811284179 1015.9616049885 1018.57305056478 1054.52273546303 1101.37299650928 1105.62853930164 1082.31552098145 1087.47594768048 1061.89835701166
1182.08114358773 1194.43079940145 1189.11069651192 1192.93435475057 1216.96021205322 1220.02712980829 1218.64904406475 1202.56294334192 1163.79890171931 1164.94281069201 1150.56619194621 1134.28390359169 1118.27307693299 1123.80546589593 1122.22858963877 1115.37955751306 1119.59583756941 1125.06486836571 1117.58219588463 1092.20079466634 1093.86745977009 1111.06637765588 1121.675493125 1120.49577206481 1113.1627882381 1109.82638561242 1096.01798221954 1084.89928468891 1090.40079526135 1088.41275961572 1084.97872697175 1077.34891186122 1094.90737026379 1085.74096306678 1056.29437318527 1086.9559110136 1061.66598732406 1042.12561098291 1051.9295744325 1102.20583128048 1114.26508194508 1108.84806050928 1119.88118175 1086.57251913204 1104.54614182441 1066.65336029489
1210.90944381952 1217.51505767871 1213.14783213428 1211.72408691632 1217.94058607172 1217.24835625 1207.70940593793 1200.91186885645 1179.36970718104 1163.08814480164 1141.01124985487 1149.79634033197 1133.30231571692 1126.3989214939 1103.63011416737 1113.62497098511 1124.90707676763 1107.85210807404 1104.38070006677 1110.12144487952 1105.08663199805 1107.23881470703 1119.49916237725 1113.20999301331 1111.83387574524 1103.11657752942 1097.7954448194 1096.49548700421 1092.84576061816 1088.5940286875 1094.79552081134 1090.96881713581 1092.56983609558 1095.89375826544 1090.3531648006 1075.93697389185 1086.5415034494 1095.70553469451 1105.63154190239 1110.75250099522 1110.26932028624 1105.82554205322 1118.65509512023 1106.30973256451 1113.90396782178 1100.69732627948
1231.31929721955 1223.98932986591 1221.87222069678 1221.9923209375 1219.49245587134 1209.43177525 1213.53489682758 1207.16883551153 1201.51498760651 1178.40887423145 1173.4643903125 1158.79329866602 1159.12496143048 1143.76900948114 1141.48410092126 1124.7530406875 1104.23744115332 1102.99489570868 1111.86088266126 1114.46756785486 1120.37921473914 1117.56492036468 1097.6385267619 1111.22223501611 1111.33942679236 1107.80662384729 1107.06085082318 1100.41857413202 1093.90979648865 1097.9223520625 1097.98758434192 1101.58931901715 1099.91557950702 1104.18193666376 1107.4450680788 1099.26400436969 1101.21116790753 1070.19876835383 1057.23690561244 1049.99726584559 1055.36832318293 1070.30437850927 1085.80045205163 1090.27125133209 1104.40268381249 1117.19398723059
1237.15765363202 1232.55817715271 1233.53719912024 1223.60210807404 1225.61543449518 1224.20764807178 1217.29847606897 1202.62107934296 1206.59397838568 1200.49821183106 1186.13570517822 1179.81251631653 1167.4117186369 1150.75064257581 1139.91559598785 1126.59577079871 1109.11992308398 1095.36792749549 1115.75594570331 1121.68339163666 1119.85026273621 1109.40830421722 1105.77909851154 1105.79488559967 1110.64737 1109.60576881531 1099.29473653937 1101.95835878205 1097.50188583313 1098.17085475 1106.76670022882 1105.44439179871 1107.38355903204 1106.55425023059 1110.72434796722 1105.54717677399 1110.42396323859 1116.81099006024 1105.36038298309 1094.57793213879 1075.06029677814 1049.6277233103 1052.57938380774 1074.67737460211 1077.82903030798 1116.37250287231
