DATA/PredictorVariables/Future/2100/et_ref_71_00.asc
NCOLS 590 
NROWS 274 
XLLCORNER -7.522276026 
YLLCORNER 35.996888128 
CELLSIZE 0.01 
NODATA_value -9999 
[rows 63 to 83 of 274, columns 138 to 183 of 590]
-9999 -9999 -9999 -9999 -9999 -9999 -9999 -9999 -9999 -9999 -9999 -9999 -9999 -9999 -9999 -9999 -9999 -9999 -9999 -9999 -9999 1195.09496550452 1181.99129242883 1186.69116000385 1190.15759762237 1183.99642621624 1187.60720489629 1183.18334144678 1176.6550245603 1185.22505875421 1182.32332904132 1188.853980875 1179.91349404792 1164.35874286573 1161.26834397882 1169.40142421515 1160.73920291821 1170.52758183313 1177.91985403308 1167.31270156415 1171.78607425678 -9999 -9999 -9999 -9999 -9999
-9999 -9999 -9999 -9999 -9999 -9999 -9999 -9999 -9999 -9999 -9999 -9999 -9999 -9999 -9999 -9999 -9999 -9999 -9999 -9999 -9999 1188.69995117188 1187.87821789704 1190.27760119904 1181.40169469678 1171.52431561762 1164.24923060926 1173.42866450226 1180.26506099871 1191.92112984674 1185.83371474072 1176.78984024548 1187.5305533269 1195.41927988427 1180.4736670625 1163.77332905604 1158.97866359058 1151.31408498914 1164.2877292962 1160.63588307758 1183.06089694482 -9999 -9999 -9999 -9999 1192.8573322893
-9999 -9999 -9999 -9999 -9999 -9999 -9999 -9999 -9999 -9999 -9999 -9999 -9999 -9999 -9999 -9999 -9999 -9999 -9999 -9999 -9999 -9999 1193.09997558594 1188.94522445867 1189.68849180779 1187.79862884265 1184.81390207177 1177.3467951161 1168.67922679488 1187.28722442262 1190.45260187499 1158.82940164518 1158.18111629813 1175.84706440503 1185.56139787725 1183.71055603422 1172.25905718891 1160.5935685718 1153.11893142854 1167.95585341633 1166.88549189894 1153.87223920816 1170.85270883141 1177.88639254776 1186.57418893099 1179.4349770659
-9999 -9999 -9999 -9999 -9999 -9999 -9999 -9999 -9999 -9999 -9999 -9999 -9999 -9999 -9999 -9999 -9999 -9999 -9999 -9999 -9999 -9999 -9999 1174.78771355322 1173.94685816876 1179.50440459466 1179.32041324774 1189.8989274256 1189.67592037903 1197.11527686346 1181.73193229865 1195.68158856256 1194.40065727136 1178.67524517017 1176.27241228046 1160.44054712165 1174.62554145819 1181.79252868048 1172.11642228076 1176.56740127539 1187.62893786853 1185.93797242157 1166.70835878205 1150.3842751504 1148.79568381031 1156.37573652429
-9999 -9999 -9999 -9999 -9999 -9999 -9999 -9999 -9999 -9999 -9999 -9999 -9999 -9999 -9999 -9999 -9999 -9999 -9999 -9999 -9999 -9999 -9999 1161.57202668298 1155.43785662024 1167.9101612113 1169.80351721497 1187.88613414136 1189.98135109021 1197.11748901361 1195.05623018085 1196.79638448065 1198.64869805322 1188.98906080084 1181.43460061573 1174.30957199335 1163.69633943732 1173.5156995119 1176.83470724596 1186.77464480541 1187.81753356475 1175.478159 1182.13493348834 1179.61086955322 1168.55407927894 1133.41087015809
-9999 -9999 -9999 -9999 -9999 -9999 -9999 -9999 -9999 -9999 -9999 -9999 -9999 -9999 -9999 -9999 -9999 -9999 -9999 -9999 -9999 1130.50442010181 1134.741016125 1166.01404790442 1149.94654789203 1155.88734892822 1172.63559740302 1193.43395915833 1182.77899836517 1189.93983950275 1188.83377452765 1194.01024375787 1188.11537723846 1191.8290084599 1191.94406321057 1183.23256832404 1189.97101179865 1170.32162921057 1156.88261303461 1164.74329054987 1173.01709846796 1169.16618109503 1177.95626457092 1187.90630275702 1193.13869692767 1165.94738844226
-9999 -9999 -9999 -9999 -9999 -9999 -9999 -9999 -9999 -9999 -9999 -9999 -9999 -9999 -9999 -9999 -9999 -9999 -9999 -9999 1202 1160.25285074415 1175.66080050708 1158.99819608808 1160.13753896436 1161.45458212975 1170.50626056469 1184.58522845324 1170.96182053046 1184.77538746845 1176.54647739154 1186.93706405829 1193.79870705768 1197.01429061346 1191.4240763363 1182.5993121972 1193.15813666229 1192.94536510034 1192.42848154492 1193.72336628284 1188.50742432861 1192.36878155347 1197.0850675415 1200.64911790704 1193.96671801861 1189.82987464746
-9999 -9999 -9999 -9999 -9999 -9999 -9999 -9999 -9999 -9999 -9999 -9999 -9999 -9999 -9999 -9999 -9999 -9999 -9999 -9999 1178.71398925781 1191.96521972357 1187.86935925091 1170.29680200421 1162.79633597119 1126.15922233265 1141.56544506622 1146.44900321979 1166.79647587024 1184.69485066259 1186.81938198742 1185.10690661572 1194.49573665143 1192.4081498631 1169.19378524548 1175.94033500793 1173.09447507404 1187.23158307342 1178.3953035495 1192.74025348688 1183.55165553235 1189.04191123755 1188.94470049975 1189.43949784723 1189.27531255493 1186.79427354334
-9999 -9999 -9999 -9999 -9999 -9999 -9999 -9999 -9999 -9999 -9999 -9999 -9999 -9999 -9999 -9999 -9999 -9999 -9999 -9999 1175.80972063965 1172.13002673809 1166.76967143725 1175.21078543053 1153.50819488336 1148.7019725 1154.28213251752 1159.00313496216 1150.78623486401 1163.76559535486 1170.2972234624 1180.00768731726 1181.82159108142 1191.23914341906 1172.06159246692 1178.59569549268 1185.6368830119 1180.6182821543 1189.43553417187 1181.27728550226 1185.50813161414 1181.28289439136 1180.71242323688 1182.31311654077 1184.50271742664 1188.30712803583
-9999 -9999 -9999 -9999 -9999 -9999 -9999 -9999 -9999 -9999 -9999 -9999 -9999 -9999 -9999 -9999 -9999 -9999 -9999 -9999 1161.1226903504 1157.68006429616 1146.96490274863 1144.1945302101 1152.2080671141 1153.97487149997 1178.78974272209 1174.86441263691 1157.18473102969 1159.80109967823 1171.1501285711 1174.56402078863 1166.7303375506 1177.6194126256 1188.08810630321 1186.93797281885 1186.62519662263 1190.85617725824 1175.90575938024 1174.95553840545 1183.06440825 1182.31397942748 1184.45251724774 1191.40956045391 1191.82716213885 1190.30023134821
-9999 -9999 -9999 -9999 -9999 -9999 -9999 -9999 -9999 -9999 -9999 -9999 -9999 -9999 -9999 1155.94995117188 1142.14119608112 1176.39020291632 1175.65502929688 1194.92952494678 1161.22820753834 1178.18066962622 1183.58110469678 1164.3841783888 1127.07627424073 1130.44276252546 1154.43695048724 1183.54278257177 1183.79588738306 1170.98009478241 1169.81462936762 1169.60470164911 1164.34438842822 1159.78696507519 1168.58769140264 1182.63348727942 1192.66452341833 1184.82438325927 1171.02961134015 1170.16836630323 1179.22134290503 1163.91002604882 1186.4896143006 1182.83186267664 1188.35893738178 1192.08637993976
-9999 -9999 -9999 -9999 -9999 -9999 -9999 1157.2080078125 1172.34141662499 1148.03701942133 1168.64469847198 1172.83705805285 1168.76434576379 1172.3186523446 1139.09402131122 1152.92681159558 1173.22513529059 1187.42556200927 1174.69942201434 1185.31273881707 1183.14995680797 1190.37678597931 1194.6980095625 1177.54536222986 1179.82021367371 1172.17865807331 1152.57449860108 1170.64446749524 1179.24719333343 1192.54891858069 1182.45529647986 1166.35981427124 1160.50500013428 1147.23205460975 1153.7133841092 1168.66221486798 1176.64504782025 1143.17899013898 1174.76903467401 1186.52763151379 1182.41659071637 1148.76347741461 1180.95293879395 1183.298749 1188.74575061401 1195.73561895868
-9999 1153.61096191406 1180.27095330408 1167.92914714478 1155.53630458368 1128.61387577942 1119.37297284967 1153.3535631228 1149.954967125 1165.88997576947 1163.53379667822 1163.34120138403 1150.95216122516 1144.1767072099 1140.31410891492 1145.0722357638 1163.256128966 1172.12463992114 1163.46445339618 1157.56424840473 1150.05920439514 1179.55167113452 1194.8785107384 1197.68243493976 1180.55256093927 1182.93955244031 1190.42906505969 1174.29877091284 1173.70894777844 1190.39364807916 1198.27359018524 1185.55420400421 1180.36847973145 1183.32551166736 1174.97943149365 1176.88573171094 1166.30163278644 1170.40925192151 1169.09853637274 1178.19458928308 1191.91111949109 1158.63149767542 1180.80811239581 1176.74497620612 1178.54258179785 1183.8049850625
1159.60383149085 1160.49595637482 1166.94764402594 1181.96252097216 1178.73984041211 1179.94361598621 1164.62019360083 1144.4424957187 1152.36947086573 1146.3358331543 1151.84504432873 1174.96508279285 1171.18386529376 1143.67267441444 1164.81415403009 1168.95005366046 1172.93004654656 1154.07471103845 1129.63469080798 1168.96744591955 1179.93809392596 1159.7777110639 1172.70049938024 1172.8703558244 1150.22006352515 1160.22360028704 1180.01327505772 1173.95553930718 1173.8475619599 1175.61090195764 1168.34102411536 1189.5588073631 1195.61507063427 1193.48634625452 1189.72701773896 1185.90817926416 1183.18523579132 1185.1378519336 1181.38621134449 1168.17464674781 1161.85027248835 1169.19609819202 1183.81991373187 1195.18287759619 1177.65230147864 1171.39889880799
1179.27939790332 1186.36907761572 1176.16460670984 1171.3502104375 1177.30131138184 1184.7915163999 1172.56354865527 1184.76102633746 1166.60812881952 1163.8500193421 1150.05342689185 1174.97020072058 1169.70187709021 1178.77562017755 1175.96224595148 1161.28070928791 1155.58869121064 1152.13062768104 1125.45126058265 1134.47438901978 1150.96108124499 1162.4814465 1143.24630795356 1149.42335894452 1144.9319120401 1149.72635772779 1113.81853330165 1150.87507152399 1162.19657911571 1170.32776287951 1196.68828559533 1193.7071859375 1182.41628525928 1193.58034961639 1194.9557831994 1202.63180734295 1197.405295875 1198.206779737 1194.46917271393 1192.98454104273 1193.58580240143 1185.88677885486 1177.85548799878 1185.4516101148 1189.94191244452 1186.98147890442
1171.34587094507 1165.51548999073 1170.43601459607 1183.63421578711 1180.80980844452 1163.21591009424 1155.01217748651 1181.4498604226 1173.26224484228 1169.36005507843 1161.31284911286 1157.6576631388 1168.33435015692 1176.42112977069 1182.01066410485 1184.55657681353 1194.00245146966 1180.73208336798 1158.00721229639 1141.26098062507 1131.00454066363 1173.59926200012 1186.56992241998 1161.01273729132 1148.27774763654 1169.17250228205 1186.13313917822 1161.12021720606 1132.00848012953 1150.20896654236 1177.52806328771 1179.50149529394 1172.71173968048 1184.78808029443 1176.94648690522 1190.9446581482 1196.39742683551 1190.32154872986 1197.00931203473 1193.71692280322 1179.55629358593 1186.96803174066 1181.76833817822 1172.07161761413 1188.33963223809 1190.90872779395
1183.6161755202 1181.30761994677 1177.68164247059 1178.22764920838 1172.70946486311 1166.70514545772 1157.60586065974 1141.85271261345 1156.296184164 1166.11086955323 1184.14412093364 1183.66344121831 1170.04354622358 1158.21609594387 1154.36369693754 1165.09429833373 1181.91319828062 1180.92741528043 1156.44262535638 1162.24352980465 1121.94495837302 1183.77477198651 1187.10179237725 1164.39023441903 1170.47719144704 1178.34531067822 1171.31828655548 1179.03843505321 1180.38292294276 1155.63340754629 1163.77699603848 1147.17950413883 1163.30584921797 1185.37517281267 1198.15405526457 1194.21100475578 1186.25030791603 1192.50069118525 1196.52745961957 1176.03125837972 1161.64060115548 1176.30606506809 1172.16926531727 1159.26812286121 1171.12384954164 1187.44444906259
1175.4802586264 1169.34774893988 1184.29569256475 1179.91639319836 1174.20225468749 1176.82550201995 1172.68075116126 1133.93052853205 1155.99921098669 1168.07467613427 1166.11896267371 1167.16693205048 1176.27894659961 1175.36493377942 1184.1676195487 1158.17858472351 1162.31320095135 1152.08851412024 1149.26709823456 1170.0717869445 1098.80403242664 1185.63464929425 1182.53252168323 1188.45501719818 1192.73799763336 1181.2739153888 1169.07284275738 1167.27768751148 1190.60966671533 1182.05096096234 1191.87675081128 1189.3701022832 1173.73444196759 1173.80702585651 1185.00998474945 1182.68059741632 1194.6945672583 1195.02114778424 1197.00689213885 1196.45763039825 1183.10899473846 1145.87188755987 1174.77567912665 1163.58442258264 1177.12146823443 1156.80215121814
1167.3376984862 1168.19131568585 1157.27838780603 1161.11618336572 1142.99841806025 1157.62135275928 1176.12592771246 1167.93672932178 1147.58774858106 1153.08727069903 1158.55330483264 1165.90652740002 1168.85343612726 1170.47525649524 1150.14789106422 1158.91970221393 1152.37025407843 1153.5154123664 1151.48776510486 1117.76457186091 1102.54332530095 1163.42758421354 1179.66493754265 1178.83080980321 1191.97336460961 1186.76852109558 1157.53058418928 1174.85224798981 1200.96046594452 1188.98691585455 1191.8202602287 1194.54814886853 1182.40856022705 1188.94370133935 1196.15062887763 1198.75215489343 1174.90678346899 1175.00371943866 1178.72063015704 1180.2746343897 1171.22880790478 1150.46536030543 1159.94168210089 1148.95167962499 1135.51122044184 1164.93666473596
1140.0810309184 1174.19911610083 1166.38350851355 1153.7863332013 1161.13603257843 1158.20734147236 1180.20075985083 1180.70392992822 1179.98248167822 1152.46195122498 1136.79406456249 1162.99497915277 1171.67203258368 1174.42388585485 1173.59661029687 1169.00738155566 1152.43194450928 1172.75390114398 1153.79522167126 1143.60957430413 1061.40943260616 1100.83291434298 1119.64625417409 1133.29578788429 1164.33863031885 1179.95087846295 1177.82702032598 1175.17386867138 1191.63819740704 1184.10107827027 1196.41582040222 1194.44692630798 1189.73396147949 1186.55395389496 1192.66206093749 1195.59849137671 1175.86839839618 1186.61397409589 1179.85403519226 1163.30475819398 1154.33904925898 1174.70568041332 1138.85705539068 1128.90387822455 1159.83142016492 1162.27236083631
1145.83277271316 1160.84769874999 1146.37068352209 1157.69439467425 1150.56683000691 1175.38334918944 1179.25927675 1173.779574375 1163.20752402766 1166.8385473792 1127.55045573626 1137.84918708661 1168.70611345598 1155.38787792821 1154.77592362086 1159.27573851386 1155.06687387501 1152.96984227408 1124.64890366845 1096.80325313183 1139.14013890925 1180.38860026603 1180.14686708263 1188.88818865979 1171.43637714516 1167.99042764504 1167.58381512051 1165.61025921796 1174.67472143511 1199.28138715564 1191.43829236243 1195.96024445764 1187.71778695868 1190.24575698383 1163.86835813429 1182.47529626465 1172.70511356252 1190.89694274596 1179.31388015892 1181.82996132437 1183.50827061059 1135.89150436577 1128.9022598506 1143.11300258422 1177.76756236572 1189.37008449773
