DATA/PredictorVariables/Future/2100/et_ref_71_00.asc
NCOLS 590 
NROWS 274 
XLLCORNER -7.522276026 
YLLCORNER 35.996888128 
CELLSIZE 0.01 
NODATA_value -9999 
[rows 84 to 104 of 274, columns 0 to 45 of 590]
-9999 -9999 -9999 -9999 -9999 -9999 -9999 -9999 -9999 -9999 -9999 -9999 -9999 -9999 -9999 -9999 -9999 -9999 -9999 -9999 -9999 -9999 -9999 -9999 1187.44067651154 1168.35751814611 1166.7018260625 1169.11975552905 1144.50974468012 1165.83654372461 1160.52060304126 1170.32841962738 1182.04090429639 1182.05308341052 1171.3809547887 1175.34883134461 1147.65939531483 1144.80543177521 1123.194946058 1123.59780366657 1141.76239499073 1144.11320364588 1159.5623722901 1140.41639312726 1138.67460542188 1147.779474
-9999 -9999 -9999 -9999 -9999 -9999 -9999 -9999 -9999 -9999 -9999 -9999 -9999 -9999 -9999 -9999 -9999 -9999 -9999 -9999 -9999 -9999 -9999 -9999 1183.68999822484 1154.62340857038 1168.9213185647 1165.78959250013 1172.75053886408 1171.69430800451 1166.6050683736 1176.18988523907 1187.95325617114 1174.57621076203 1189.20430541669 1183.61465857317 1175.75892651111 1173.34661633807 1172.82523795288 1162.01815533039 1168.08945919678 1156.99115050403 1161.53746707886 1157.62544807892 1142.50342208374 1144.76263313428
-9999 -9999 -9999 -9999 -9999 -9999 -9999 -9999 -9999 -9999 -9999 -9999 -9999 -9999 -9999 -9999 -9999 -9999 -9999 -9999 -9999 -9999 -9999 -9999 1151.1803511706 1181.85859558563 1195.94476858227 1182.39557999805 1183.65232123706 1169.19148341028 1173.7269545625 1149.46450773511 1189.25615897131 1177.15583921814 1177.36666132605 1154.6869181228 1168.52432697094 1165.16614099945 1172.58314466736 1164.68416920544 1159.16461498852 1158.10341954169 1158.67341827417 1152.03011703308 1145.88261402503 1140.97105668042
-9999 -9999 -9999 -9999 -9999 -9999 -9999 -9999 -9999 -9999 -9999 -9999 -9999 -9999 -9999 -9999 -9999 -9999 -9999 -9999 -9999 -9999 -9999 1184.59040244031 1182.5430355774 1194.16955733295 1191.8222357638 1194.5448747508 1205.67016187238 1205.58332396655 1200.86360279871 1191.90731511347 1171.39663441828 1153.0291666388 1151.70436660102 1163.95422234119 1140.03489568048 1148.97220454944 1161.92979837506 1146.45071952417 1140.5442577812 1151.46859138159 1154.21241216657 1148.71539719452 1160.7167095 1126.36571747108
-9999 -9999 -9999 -9999 -9999 -9999 -9999 -9999 -9999 -9999 -9999 -9999 -9999 -9999 -9999 -9999 -9999 -9999 -9999 -9999 -9999 -9999 1228.55454491216 1198.75110111585 1210.42714597236 1215.20099333863 1221.6180946651 1215.1292461651 1213.82577017133 1208.1947701388 1200.80033008277 1207.35295031665 1196.54639981916 1181.2847554889 1180.92083192823 1179.69992582709 1154.52326151881 1152.84944241773 1141.65690178138 1157.41281393299 1173.57897808758 1157.04539474622 1159.12928626312 1169.90546891632 1167.32654893524 1160.79647538971
-9999 -9999 -9999 -9999 -9999 -9999 -9999 -9999 -9999 -9999 -9999 -9999 -9999 -9999 -9999 -9999 -9999 -9999 -9999 -9999 -9999 -9999 1179.49096220503 1203.89118642176 1231.81999387921 1230.79212690466 1234.65179388385 1230.67198735181 1228.83457664899 1222.11371766962 1215.87958964167 1213.1915660357 1215.40362761804 1204.57051492261 1208.51717112951 1192.73994892517 1183.85253725385 1161.84651301166 1165.31331318732 1162.74305825634 1150.91834084894 1160.96647031634 1165.95436057178 1155.23083994678 1154.3819633631 1155.01655219172
-9999 -9999 -9999 -9999 -9999 -9999 -9999 -9999 -9999 -9999 -9999 -9999 -9999 -9999 -9999 -9999 -9999 -9999 -9999 -9999 -9999 1210.55894799999 1214.19868996997 1218.61149893298 1231.76142996301 1231.90144944081 1234.5687231355 1238.59574725824 1230.78085637049 1232.30668894952 1227.96569628901 1211.87360306251 1213.77612036737 1206.96012742598 1185.62332300776 1183.13383435022 1189.9083365625 1178.14865101226 1173.19897787502 1157.34269151779 1157.17157109703 1153.66994116899 1164.66878036122 1167.26677198623 1178.92032373144 1181.14198730323
-9999 -9999 -9999 -9999 -9999 -9999 -9999 -9999 -9999 -9999 -9999 -9999 -9999 -9999 -9999 -9999 -9999 -9999 -9999 -9999 1210.5457083125 1205.99945525226 1216.27027594556 1220.01001111743 1227.59511996814 1242.81360382709 1239.66930312024 1244.26066290253 1241.48044170764 1229.18617323425 1235.9863118363 1224.34571100702 1217.38720961512 1222.43546896966 1192.97960441108 1188.25614701533 1192.63204968274 1174.89249709961 1200.560387206 1192.60981051312 1199.43308587506 1192.08395288427 1176.31238697858 1197.47843408954 1178.1903305 1193.0769264375
-9999 -9999 -9999 -9999 -9999 -9999 -9999 -9999 -9999 -9999 -9999 -9999 -9999 -9999 -9999 -9999 -9999 -9999 1159.47540706489 1180.46714384254 1203.43552286573 1217.29163413916 1223.51095578473 1228.47345151209 1239.47096825916 1238.97704867963 1242.65307497284 1245.55434202942 1237.67253377997 1232.82382975708 1229.77970009955 1237.3776888562 1235.73801185261 1223.29662292169 1211.26870078009 1213.10824674659 1200.36914347748 1191.0306132522 1212.76627964911 1202.30363586792 1200.02941249201 1182.049759581 1190.34218354719 1204.83394021436 1191.55930100007 1197.65988027088
-9999 -9999 -9999 -9999 -9999 -9999 -9999 -9999 -9999 -9999 -9999 -9999 -9999 -9999 -9999 -9999 1102.99793629871 1185.46081152765 1203.95346218366 1232.19350781372 1223.69724200476 1229.41179037756 1234.02914361951 1238.65633307178 1247.06258502496 1247.0170561875 1248.82853491473 1238.43541668292 1239.90430118732 1240.22839457745 1239.94610791052 1248.71730758179 1256.01572813428 1240.17870932965 1230.48092382422 1234.74315624195 1226.10607451776 1210.62096736927 1220.10034999597 1218.34906953376 1228.76453301801 1224.32091742908 1235.26848247803 1222.75464305243 1231.0228681449 1224.22450213355
-9999 -9999 -9999 -9999 -9999 -9999 -9999 -9999 -9999 -9999 -9999 -9999 -9999 -9999 -9999 1187.0419921875 1192.91799290442 1218.4645756601 1219.44079062049 1235.10806288666 1233.36718408264 1241.10154634821 1241.09784497082 1245.03938761798 1246.40692980176 1245.06707841901 1248.06925698157 1253.11155300488 1250.98844263202 1247.01946983026 1251.32836565546 1257.88542255981 1251.5658416482 1255.82983643524 1241.75944256537 1262.8713544397 1248.30277606128 1258.411691495 1244.9239461366 1251.76345224567 1248.79902234522 1241.66843140546 1245.81376679736 1242.35667524646 1243.95192242682 1244.94592432007
-9999 -9999 -9999 -9999 -9999 -9999 -9999 -9999 -9999 -9999 -9999 -9999 -9999 -9999 1207.12531948602 1192.46845362501 1211.71731605323 1224.65615400122 1230.88328770538 1236.36927074164 1240.40993425 1245.64479027081 1236.44669848736 1238.15038240326 1249.14835913739 1249.42258385315 1253.40621175519 1254.30540998627 1249.01810626367 1254.40471833667 1259.63174392114 1253.64877933655 1265.50957489471 1259.51993256897 1267.66483270941 1262.20208790405 1257.7045630022 1261.8127748205 1258.90169349689 1258.57615684204 1259.42619593781 1252.55000648853 1252.51362330206 1256.22795565588 1254.6211835 1259.48220679816
-9999 -9999 -9999 -9999 -9999 -9999 -9999 -9999 -9999 -9999 -9999 1191.07104492188 -9999 1182.3355738125 1183.4370888747 1219.8239318125 1227.25052521076 1228.06846330774 1234.5720470506 1245.36129899689 1240.12014630322 1229.9298539563 1235.67675929688 1253.19413163757 1253.31116092883 1253.82351218732 1252.79854676233 1251.08946714704 1255.49548868463 1245.78675307184 1258.45021510309 1264.40212219141 1266.2164247439 1267.61942927594 1273.44171252038 1268.29550873847 1265.70400296875 1264.70794864673 1263.61845049512 1264.74594310925 1261.99591557007 1259.28305602179 1257.8761333277 1260.22638611676 1261.78239974072 1258.82170187689
-9999 -9999 -9999 -9999 -9999 -9999 -9999 -9999 -9999 -9999 1154.49063356258 1194.48074599355 1199.12976477828 1203.96310915962 1208.96168837696 1231.86890288202 1234.3661930603 1239.72731549835 1244.46952989575 1246.36401666412 1242.04788308106 1247.81165199 1248.36002108161 1248.75752228534 1255.47449899657 1258.93430394671 1256.17712134393 1264.0486319516 1262.71614862397 1264.76527338105 1268.47829255811 1264.03811132313 1269.29048704144 1271.46336346015 1270.25441695289 1275.08383464075 1274.78931751056 1272.48249244403 1267.47369846045 1267.11598791907 1262.71605349952 1261.5846288766 1263.45029634559 1263.5638684842 1262.96095839356 1263.56165633406
-9999 -9999 -9999 -9999 -9999 -9999 -9999 -9999 -9999 -9999 1227.0827257105 1208.27973537951 1222.82354837378 1219.42975478119 1217.29792213587 1232.04936134906 1237.28766888336 1239.73101100317 1245.73390231372 1246.00030176288 1248.32454215973 1255.73790969244 1253.85966165735 1253.17277530585 1248.88303598047 1251.53972910962 1258.21727129059 1263.95221691339 1267.18096077521 1267.88676920026 1271.57962642401 1271.1781762973 1268.50173943561 1273.79790469574 1275.51118518103 1274.94534386145 1269.69740701996 1271.34530509906 1268.44499749738 1273.02451801916 1271.826404159 1271.58451092084 1271.60846986108 1269.3313509425 1271.92641336121 1274.09884010382
-9999 -9999 -9999 -9999 -9999 -9999 -9999 -9999 -9999 -9999 1189.33024640668 1203.59847036402 1217.52544217822 1235.61441269604 1230.64538225702 1235.31756044757 1240.91414318134 1243.67224451593 1250.13101661334 1252.51114192212 1249.45541423743 1254.90250459412 1251.16433551184 1259.5260616228 1255.20257110297 1254.87299178467 1264.69364748413 1263.61565804303 1267.7522188125 1269.5189133335 1267.34165931012 1264.40697202942 1271.09420534698 1269.12770460638 1273.72776994623 1258.29751183667 1263.197334125 1271.22588428259 1273.465887625 1267.36228177643 1274.2979307312 1273.91332711414 1271.17114657294 1270.78678797125 1268.37646083264 1265.12027615515
-9999 -9999 -9999 -9999 -9999 -9999 -9999 -9999 -9999 1144.47874475001 1206.65586925708 1215.55681320556 1222.31653199085 1223.29044310944 1239.42358469397 1241.27949087811 1242.74483862061 1242.58955873395 1245.72500106415 1250.19932185602 1253.75426977753 1254.27581399658 1258.00813071155 1257.15674170251 1255.79797730292 1260.78346194171 1264.7957496217 1260.49046609784 1263.24819860632 1268.30702915326 1266.19173010113 1270.32668543756 1264.68346136352 1253.47504903571 1267.21128572986 1270.28029881921 1276.534112375 1276.9310586272 1278.61576930774 1266.56116303046 1266.97115136432 1266.66265259033 1262.7995191214 1271.76403640075 1270.74475507178 1272.26502530951
-9999 -9999 -9999 -9999 -9999 -9999 -9999 -9999 -9999 1203.29973802547 1196.39353434835 1207.18998194154 1232.81004888721 1234.51742998359 1239.32370437787 1239.18469823908 1246.58957255115 1251.11141721649 1248.77961997546 1247.57406591571 1249.71588785364 1254.45583686682 1257.20612134149 1254.93896912305 1259.83907535358 1264.03935730322 1262.02804369879 1263.37519217382 1263.96024621478 1264.1730378205 1263.66971694958 1266.16552390184 1261.67858766772 1265.44677987047 1266.3726808125 1272.96479650824 1270.75988330322 1269.34918927624 1275.75013685485 1263.1816412707 1257.20871474073 1252.33656132862 1252.89372811457 1251.79419524506 1267.33208968987 1272.6942333244
-9999 -9999 -9999 -9999 -9999 -9999 -9999 -9999 1204.29334887506 1222.78083090424 1218.58086187103 1219.1506575 1231.26788415088 1239.77710174707 1244.38991245239 1244.03685044983 1246.90759214795 1247.49718469812 1248.93704504248 1247.11550029938 1254.11598791907 1255.69765914301 1253.46274373499 1253.79078776917 1259.71916909576 1259.3517620625 1255.51786277679 1250.59997558594 1258.77705065546 1264.91617177624 1261.37356660657 1254.79018319367 1263.33298498596 1254.93345140442 1268.09712536792 1268.39949954864 1269.15056537976 1266.11914111835 1268.798127875 1266.46378896508 1262.54056375928 1262.75089985663 1259.53639751764 1255.73845814636 1257.87601298236 1264.33309243975
-9999 -9999 -9999 -9999 -9999 -9999 -9999 -9999 1205.2490539737 1223.44552027313 1219.34509591846 1226.2920498656 1234.55243608618 1235.65036376324 1246.80556130096 1247.39722378393 1249.14117333765 1247.16196698901 1250.95338378064 1255.5535823172 1258.45034637793 1260.36659532208 1259.99488599017 1254.50574626513 1258.59100172919 1257.09342709949 1250.85411863635 1251.73571436847 1258.03693774072 1257.22278625037 1261.59201385699 1264.10290719836 1269.9339599729 1269.38010514111 1269.43855819794 1266.54272911383 1265.09473652942 1265.42445760864 1261.63128044458 1256.06670472766 1255.15284599774 1260.25990830743 1266.33372992169 1256.50069531262 1259.79306262652 1247.34889316925
-9999 -9999 -9999 -9999 -9999 -9999 -9999 -9999 1225.58919926904 1228.51162573108 1230.5092309209 1239.76004150891 1242.38724710144 1235.51713268146 1242.77166423578 1241.48235108124 1245.98156619531 1243.54970365442 1247.57330176599 1249.28533265302 1241.75747724127 1251.65137657696 1250.7097461369 1246.2047039364 1250.35582831445 1253.6971418584 1244.5325144469 1255.78875052136 1251.1552842594 1261.55163279364 1254.99680292786 1258.45919059943 1258.02673896936 1262.21922278235 1261.35840850091 1261.70959436493 1257.17213842114 1261.71445965405 1265.29635297797 1264.46326533478 1258.65203203216 1254.95999008105 1257.16285757965 1259.58014079224 1252.34724320697 1240.47928538953
