DATA/PredictorVariables/Future/2100/et_ref_71_00.asc
NCOLS 590 
NROWS 274 
XLLCORNER -7.522276026 
YLLCORNER 35.996888128 
CELLSIZE 0.01 
NODATA_value -9999 
[rows 105 to 125 of 274, columns 276 to 321 of 590]
1218.08845728473 1230.39887689038 1221.74738793749 1221.20738805847 1228.46972078167 1234.31301630163 1241.67313550384 1242.41497781903 1251.96555238647 1259.21913117132 1267.0480275 1256.22301942871 1250.33433787952 1271.5054141875 1264.08515314001 1240.8988731131 1241.39393854309 1234.98379809192 1213.37854865088 1197.13482142664 1192.22228671058 1194.67325599866 1194.8361508888 1207.20792438037 1218.53315981024 1217.85916777978 1206.29325514569 1195.50113757178 1208.18478297827 1211.50481141632 1208.89906138818 1224.23747599993 1225.88002673809 1233.2605947633 1233.13513510486 1223.51309906256 1223.28175461798 1203.39723223621 1229.52183106482 1221.65852905774 1226.23811783069 1224.14538225702 1222.68884436975 1233.46002317615 1240.03300342559 1234.46772130163
1209.97357069818 1206.80323337341 1189.52014622229 1192.4890795 1199.43761680346 1208.89241592822 1222.23833560662 1237.77021221429 1240.28768251977 1232.01761065374 1249.49610594677 1245.09569881268 1266.41296535485 1258.86936880554 1250.44641871319 1245.26210211572 1234.27819789294 1234.3176476737 1230.78177948224 1220.02551687506 1220.5051121488 1224.40735474945 1214.52359011414 1208.67450175732 1206.58035548809 1190.47594396954 1191.83278893732 1203.79679156701 1184.43916843323 1186.44730262951 1195.92944963598 1199.10595745245 1203.80330274298 1213.67039261572 1221.227337125 1227.78795578827 1224.79606343335 1231.93840345764 1239.32337501104 1231.50467485486 1232.48104584979 1229.40508349267 1221.31917731476 1221.87883399926 1221.73438680774 1206.5590363382
1202.198685 1191.100885875 1186.8773650166 1185.9168918125 1186.43843299933 1189.01727150928 1200.1574542171 1214.37057492822 1198.44859287976 1210.59447017993 1224.1360188612 1231.2123288103 1241.91546338427 1243.97999346008 1238.84258344507 1239.57279424072 1226.17321870014 1224.45261145764 1225.25905379938 1226.13039091565 1223.78442807178 1218.24691494714 1210.51455199298 1200.26508917663 1189.93437451617 1178.75809513428 1191.68712763202 1188.89337465808 1175.29323371161 1161.83778304236 1170.25766947985 1185.59507915143 1186.21413971796 1196.38233717834 1205.2779766875 1211.20784810309 1212.07836486481 1215.46398249548 1226.33929868475 1218.7763329375 1209.26208341657 1210.74005520795 1209.04396040545 1199.63835718121 1206.12989017663 1207.92013243133
1192.69206764123 1192.15060318273 1181.24887356329 1180.54434168975 1178.84328856421 1186.15669281249 1182.07098484961 1181.49965482629 1185.87010982337 1199.08215539411 1216.40025926086 1218.74224957738 1227.87751960412 1229.65163288652 1230.29338127947 1238.42252132177 1237.23623921716 1232.88929474084 1224.18808019677 1220.39724123602 1221.98615375927 1215.97698116631 1202.38792020868 1196.96881336573 1189.89969521674 1188.05981425709 1182.55439011769 1173.79673094228 1169.94061287305 1158.59618855092 1148.03452019202 1168.75314023186 1184.37550617822 1194.97154974341 1207.761125044 1203.63060088689 1206.74764825053 1216.03407589514 1217.04394984912 1213.30887911573 1210.15197364032 1204.77072449848 1192.98182198847 1195.45536626586 1193.52725317369 1184.5214773197
1187.54852797516 1185.37585835486 1177.85311280164 1173.39195203046 1176.73090279462 1175.2275819237 1183.53465712274 1174.9140257876 1198.77898356952 1203.99503017328 1210.59651713428 1206.76505269678 1220.64060832227 1211.5663390744 1222.09184967963 1227.01031394678 1232.61500937884 1225.76601050732 1216.65967287048 1214.27971759881 1212.07419117822 1209.10371949548 1207.7078024259 1204.16298319226 1198.720526 1197.34912672095 1191.06645559686 1189.73587459429 1176.06466005163 1176.81848868121 1156.90569411414 1154.08688843628 1181.57724012048 1199.03198751574 1201.76477132544 1190.98023338879 1182.27186465241 1216.18217356024 1211.16293096466 1217.12714327307 1211.25318758228 1212.81237567963 1205.7793333631 1192.86451278327 1183.44343676307 1189.62464404132
1187.66048277978 1179.94528255798 1179.7478214494 1172.53445425915 1168.95717491913 1162.15751677716 1168.62531947882 1180.08908161865 1207.79295561309 1202.72342827135 1202.54633853008 1209.39561130798 1221.35539643579 1220.69490706952 1223.2707723125 1227.05145941894 1227.74003038434 1221.60501598212 1220.34826882336 1208.41523750616 1204.58439514819 1207.52376194836 1205.59304093799 1202.00399534192 1202.10682114587 1197.19073630322 1186.26352613599 1171.5627726189 1164.90034180322 1171.18571376361 1164.4312110603 1159.60224289594 1174.96705263599 1188.77019725 1181.47164202819 1174.48672790808 1185.11738666565 1199.5439239256 1197.5998773006 1195.3049543385 1212.15885806951 1215.09965121301 1213.81367849524 1210.35153099774 1204.08122010083 1200.07424549548
1170.78163596503 1169.80666121692 1167.15799964355 1168.15303207123 1165.51082837976 1161.89302828204 1168.41526381024 1172.80816344745 1174.59056695825 1170.22908125 1177.83370069012 1200.81129959192 1211.08644905267 1207.58791960382 1208.10216786572 1215.19585963428 1219.94544428839 1219.61774830347 1215.90670106726 1209.60429866144 1209.1381416308 1208.28223957404 1206.85411276465 1205.08047330322 1201.80421663824 1198.64142099994 1192.32722430164 1181.14838066406 1160.69300942822 1152.95659489862 1148.79968240833 1174.7972137439 1190.05779529443 1188.54993262952 1173.01289618701 1178.09012006726 1181.48719969134 1184.52002429175 1185.72455580322 1176.96115640631 1161.66071384454 1187.07449089862 1200.90632147058 1199.33463210382 1206.12942305322 1196.12952434192
1169.29946879566 1159.48762908783 1158.46088252551 1169.51869414166 1166.59991257337 1174.11403344226 1177.22855603205 1165.39622704657 1166.2084601355 1168.64331283344 1178.23700511121 1189.29609954871 1196.74927270416 1192.17928099066 1201.058948 1206.6352695647 1205.13318546936 1207.6803527702 1204.27727765674 1206.96666721954 1206.24717841632 1204.9279529494 1203.66245194507 1201.36570750226 1194.88804317682 1194.35921345696 1188.18879967821 1172.88507706226 1153.06569225928 1151.69602351191 1153.08835579132 1178.70977854132 1168.92008148444 1184.88610341736 1199.19621582636 1190.86779063587 1176.40570816474 1164.64844732758 1153.49182225226 1136.25121926435 1147.03102562976 1163.4417676994 1148.20529570837 1162.72856681702 1200.40224440973 1176.61427200001
1176.28916659314 1163.03785959344 1159.57465392169 1169.0825742934 1176.36959406726 1179.36456494611 1194.07137574768 1174.66074037726 1169.32454215973 1172.89122668365 1177.18381527252 1196.5087594367 1180.35932709191 1193.75530432263 1193.47919619678 1195.58666047571 1195.28056349548 1198.77739914917 1198.98030966607 1196.79494075476 1198.57904319458 1192.73361756958 1193.17043992529 1184.5267909516 1176.00470725927 1160.85890006652 1147.83878375928 1179.46665379486 1177.220526 1173.55315251624 1156.2380083631 1158.93231999774 1175.76596795105 1195.39492012274 1196.37455241357 1200.34359139355 1193.96163383105 1189.32665149268 1177.8799254494 1169.14963327063 1147.51851702014 1142.5721876875 1133.92437076783 1166.54896340808 1190.63713096673 1201.67123023847
1180.094704125 1160.03916389429 1170.18989946393 1178.97391826624 1184.6398312099 1199.45446472882 1186.58710398669 1164.42471353046 1171.80299223761 1174.66595499549 1176.19311875995 1182.76555404565 1159.06794054871 1185.29245517157 1189.01980189117 1184.00606947882 1174.95144357111 1182.9493604375 1187.84532123455 1185.41484982336 1182.81773184368 1176.25819387127 1169.05012680022 1165.57817158697 1152.90414255547 1127.16940560406 1149.80289492596 1162.72749441137 1172.445602044 1172.66969572742 1173.10542851159 1161.14319754132 1171.26382077447 1178.53764180059 1180.93655162219 1186.88535798595 1183.6931766737 1196.01922395556 1180.43753544904 1174.3710892901 1147.51640938434 1144.00697331025 1168.72103337812 1180.80865714355 1183.80972381726 1204.48229497882
1177.74707425928 1173.40688192299 1185.33697900477 1195.54822785749 1193.1377608846 1192.48320519201 1188.22337123608 1184.89398995613 1185.20714482105 1187.76337414734 1185.07447447058 1170.54179616688 1180.67149370764 1190.34544498615 1192.66401235096 1186.86862793721 1180.27271516174 1166.59485056251 1171.67090992901 1160.71046594451 1154.48115740701 1145.99304119762 1125.95083114619 1131.01161885204 1124.16111208367 1099.29584864967 1113.99560355057 1129.34257678988 1128.46799264499 1155.39157830544 1158.16475938352 1162.475164375 1167.85834701685 1164.63575124074 1159.31407469666 1148.70743975293 1147.07843333266 1173.78524437957 1181.05188628046 1174.28989210382 1145.56738953832 1156.56600971953 1172.43902056717 1173.99435474297 1187.20405445287 1184.95591968976
1180.77133734479 1190.84613836102 1193.57073355719 1203.83835311572 1206.86098788476 1189.35798029236 1188.00317731372 1197.09028314471 1193.93456619751 1192.89945730902 1186.04957912976 1184.4087663515 1185.81468537726 1191.91571020874 1204.33442886444 1198.32850221692 1182.04377379883 1182.07554407178 1162.51961254486 1152.9041869256 1129.66568821284 1136.98473763013 1125.85927893975 1125.6894965882 1118.38072162952 1117.90794819941 1096.1608511064 1098.03430487501 1099.73049718415 1114.1136911369 1129.63835718121 1156.20467424999 1162.15207748791 1176.05966949523 1163.74018412927 1152.94852358624 1165.25138237049 1168.83462004785 1179.29450185644 1171.3882396875 1139.45786541932 1140.86936880554 1148.36818678534 1166.44679932441 1180.52883504236 1181.80568703271
1204.14436430469 1190.13816405529 1200.2411980542 1207.45145057403 1195.37134073444 1183.26800875226 1186.7359961156 1187.88200904748 1193.99660713586 1197.66138943958 1182.00685219837 1191.80532738477 1195.17606440546 1193.01757386939 1201.42801334308 1198.49259605096 1189.13314785437 1188.16878036121 1171.98053711743 1151.34744274988 1160.09468916071 1159.97504317511 1099.06071158369 1136.51491991736 1124.24440898914 1138.79203825 1150.4627665448 1125.90362930323 1129.13371038038 1135.14976875929 1136.69665371034 1132.18670650001 1133.11519425001 1150.6361254013 1146.45243215845 1159.29408656812 1177.18901001086 1176.61429505041 1171.55488670129 1176.05998519678 1167.03035759247 1134.2932424925 1170.80968811133 1182.1631756875 1179.09251562726 1150.88771945391
1199.0701071936 1158.25275269941 1192.39125699841 1200.13103153046 1190.18327912011 1183.92821265326 1191.01781101123 1183.70705000195 1197.28102562976 1202.33906502112 1203.64442969226 1208.37864347064 1193.49056560633 1204.84916945868 1210.30385922778 1198.96831096954 1194.49594888184 1198.85101865442 1183.54332001209 1178.86903211999 1174.15206269226 1161.13376524927 1159.53440525001 1146.49297355323 1150.69486648144 1145.40290494207 1141.44247825055 1148.737728625 1169.54455594507 1184.2476808125 1181.6023183139 1177.09231605323 1167.09110294678 1150.68135165412 1157.53478073847 1181.05184812018 1167.77701039356 1168.19528255798 1164.01369687097 1166.52791286345 1159.41895928862 1152.17334857842 1169.930127299 1172.33186982176 1161.31118383366 1121.39747536413
1192.09563051434 1180.20283294453 1185.96022865076 1197.99956936122 1186.05353413394 1190.55410959371 1194.98080346693 1194.81417303395 1199.51723502943 1198.67019845698 1211.40680773536 1209.78053642963 1208.56396571026 1216.13126637725 1213.12773078656 1203.97153288203 1205.35470817084 1201.07725174085 1192.28343693751 1175.49126955428 1170.67478120766 1174.54999698671 1182.3916944282 1164.97465819678 1121.29618619455 1126.20659662467 1150.52775520063 1166.11927837049 1173.60770986742 1185.38256411572 1185.43018581727 1190.76981014593 1177.56798660646 1178.08095487452 1185.59712746954 1185.94532815844 1178.56249486094 1155.39233338584 1133.4567659861 1110.07438704127 1085.14649973222 1097.83409730319 1106.24483969902 1092.55173570361 1090.41537875224 1090.70470531712
1191.63879656482 1192.8733620506 1192.09122730756 1212.93056094366 1213.54029034296 1210.15732883069 1211.14979705548 1211.72255308399 1210.32624274524 1212.76753775879 1212.89272107586 1204.11393306249 1199.64679871954 1204.1236433244 1213.22588790795 1216.5275825877 1208.97348822058 1210.49898960455 1200.11095418524 1195.77027565302 1196.296676625 1193.02909851153 1167.30062086335 1169.48677606025 1157.93108986536 1169.47043211152 1161.17477533594 1172.39933902942 1171.58132644031 1185.99034776154 1195.44297294836 1189.60239130164 1192.47357494226 1185.80185190222 1177.19757226855 1174.91670680548 1146.59352084802 1110.343188632 1077.11907383367 1069.50461757179 1076.64925478835 1074.38095387978 1096.69423534296 1089.08345697937 1075.8458130744 1131.06025229608
1207.41786221466 1213.90172417371 1212.70831232703 1213.69360417804 1218.35762811572 1213.62461509753 1216.23501240545 1223.95520950067 1219.38236868823 1215.12377988586 1188.99252241339 1183.97804405799 1191.13614078699 1197.09337607178 1195.61746920801 1201.30814987018 1207.15991555084 1212.19470116174 1209.7008635506 1211.48272049329 1206.04567967816 1190.3388555119 1194.5758673974 1186.6101223631 1190.31253049579 1191.00126826154 1191.49627807916 1193.97193371527 1197.31485463654 1188.99627807916 1190.66114651385 1191.15698814166 1189.77846920764 1183.52507996167 1167.93494662726 1163.2944980744 1118.46514676386 1027.30664328206 1072.73322380092 1132.04034431488 1142.78858149072 1134.4655296358 1122.50049043048 1099.94600117767 1085.25250419452 1108.87673005272
1228.28931872174 1229.29572202252 1228.36429482178 1226.68036467834 1215.92672905798 1198.5778653609 1199.6886847362 1211.3123024585 1198.33489212909 1200.17884285889 1200.52150430969 1193.21823921692 1189.01719207587 1193.5723283172 1200.93577059192 1210.37997744837 1214.92929771686 1212.48469872247 1211.82828480548 1213.56266229199 1203.31551561896 1201.88910013202 1198.45093698364 1201.21639380322 1194.98949447662 1200.00024766229 1194.63445559192 1197.98240878326 1196.84691915546 1188.01394752942 1188.67036506934 1184.18039496918 1175.25048747907 1174.3183711875 1174.58173079895 1162.46700944904 1117.65482211316 1097.17013325 1132.02194274597 1140.72630888495 1136.678194875 1123.27435027167 1100.46481515546 1085.79919101856 1093.55993002972 1064.05224683264
1237.44283397583 1235.94742897998 1224.85431611353 1214.80061449353 1219.65525939514 1198.05765350324 1186.60029091822 1203.48366153046 1200.21741017511 1199.19147734497 1196.84641507886 1189.31981418274 1188.06071896222 1207.23972270172 1215.96312205097 1223.10424932611 1219.70373921814 1213.56562836414 1212.2635325697 1212.27651585486 1207.53113117469 1205.07961116632 1206.63958394098 1206.82983643524 1209.67235421692 1204.52351203253 1199.87795605548 1200.37008449774 1195.63818537024 1178.49738086347 1194.94810345099 1179.83892439618 1179.81984665191 1177.49835625 1162.8988247323 1156.38695189618 1102.11743459637 1101.55715983106 1110.22827394201 1133.85333198218 1102.40996574549 1122.96601951465 1093.65867549525 1095.85682931281 1103.06292594263 1107.87618363428
1219.12985369678 1225.2498109823 1226.19542853345 1224.10775299291 1227.13065401623 1222.06581483014 1222.59953418133 1215.09262973621 1213.28913000854 1204.11618290845 1190.12358770008 1181.30072126227 1183.00496365442 1207.70943833039 1218.1045156756 1212.74491913721 1219.403652125 1224.20998098846 1222.44402488165 1214.27771530799 1217.50336254938 1215.82228974292 1209.99413512994 1209.54165492798 1213.1813417381 1209.53120954883 1197.1703199494 1191.54636672406 1191.71000373914 1192.5217526618 1182.65405000684 1177.17209068298 1171.20944408624 1168.52892925226 1159.10434264624 1137.30426524292 1097.41485047096 1106.32318631476 1087.61619904237 1131.12152612201 1131.71287732336 1132.65064649359 1122.58362053082 1125.33404409559 1123.48349366383 1140.47433542597
1222.56696599524 1228.80420050275 1223.11361938428 1204.68699116334 1213.52334633862 1216.49075972986 1218.80694806268 1217.52779377014 1209.25922498444 1202.33799716901 1199.04310830847 1197.67039790711 1210.58306961798 1217.09695652985 1212.7934351875 1213.11190038019 1211.77637731958 1220.29813165704 1219.6859936784 1221.67845127014 1219.3012266618 1218.84551484167 1209.58777163147 1210.57028157477 1203.10407299524 1199.83698069714 1200.69245719226 1204.13805916516 1198.78062033575 1192.64494544837 1189.27880218067 1183.44797308264 1181.67884001941 1176.98134234296 1164.48679135791 1131.53589013319 1143.60977256952 1127.66188250257 1139.27976687501 1138.22729182203 1108.85978207631 1132.13924232544 1124.55001724957 1150.79759020605 1175.10594370654 1182.74314659454
