DATA/PredictorVariables/Future/2100/ic_71_00.asc
NCOLS 590 
NROWS 274 
XLLCORNER -7.522276026 
YLLCORNER 35.996888128 
CELLSIZE 0.01 
NODATA_value -9999 
[rows 168 to 188 of 274, columns 460 to 505 of 590]
17.293764965023 17.1242568877897 17.2071816420727 17.2879508064203 17.3642023664732 17.5617078807612 17.6279021921434 17.6409931809597 17.6908096816244 17.6651422991028 17.6163352567177 17.6137876418543 17.4659936003256 17.372522669239 17.2730143057041 17.1409931809597 17.0650587505388 17.1307112518205 17.1118720587129 16.948788290102 16.9909030419473 17.114781089592 17.1257747662115 17.09122534375 17.0634645850687 16.9331415966205 16.909930620389 16.9217109120407 16.754098654439 16.6704205721884 16.8196638547106 16.8442965430622 16.8341820872678 16.7566289083185 16.781698105402 16.9027145481091 16.8639884687815 16.8290425607119 16.7939501234197 16.8215933655891 16.8614314175796 16.9581412151508 16.9253136244984 16.91599279949 16.9444090957622 16.9202730502548
17.1672957928096 17.1224566762661 17.216718860409 17.3255765844328 17.4672965936452 17.6025400755929 17.5601386194867 17.5579703394735 17.5930722170094 17.5168150200203 17.4893780890206 17.5039744780978 17.4107385288801 17.3628658500241 17.2308909598502 17.0843883984374 16.9167438513145 16.878963927141 17.0164388315943 16.8622413954687 16.8370416875151 16.9512149580391 16.9273676740368 16.8977213956097 16.9322996726378 16.852299262329 16.7695611684884 16.8182681309708 16.7292849187287 16.6370258995218 16.6795490032271 16.6664312201107 16.6974547307252 16.6768224541006 16.7555614628038 16.8764020761136 16.8619394850167 16.7658088807887 16.7209931046657 16.7683205316476 16.8188543596649 16.8971134558029 16.8671830532598 16.8605894937429 16.8451250351333 16.8623094182033
17.2932658577433 17.5011195314274 17.4623143005734 17.459128649497 17.5529154711399 17.5267665934038 17.3977851014576 17.3321445568723 17.3844699244194 17.320523347886 17.3220798752832 17.2982095813703 17.2880390942535 17.2107086203546 17.121336343707 16.9785054989404 16.8568024811144 16.6995937469024 16.7905164211092 16.7700949818229 16.6382063166075 16.7013991374712 16.7107538972215 16.6938520182676 16.7330957240114 16.711085817194 16.6457973701925 16.6356481977959 16.630196039649 16.641147609807 16.5588177773104 16.5101810385151 16.5894349835834 16.6172290545502 16.6868372504883 16.784667282547 16.7513873595953 16.6928411986284 16.664642223012 16.6857397111854 16.821063578268 16.836029304101 16.804665832962 16.767380540555 16.7521481952371 16.7782341949587
17.3508565794496 17.575868470561 17.4451294160814 17.2705565424489 17.3903477888698 17.3637454108609 17.1736744410972 17.1247120914506 17.1602221585493 17.112889212881 17.1381087216205 17.0615259790821 16.9859706916704 16.9110874372863 16.8837786673307 16.7917785617637 16.7218243839702 16.5954861666221 16.5732738033285 16.5875296898822 16.5326106798401 16.5577385960493 16.5879457559137 16.576791123106 16.5940663770132 16.6122413954687 16.6068562624588 16.5857393297157 16.5955711684179 16.5779260857325 16.5172084663429 16.4871284895868 16.4883945731077 16.5352286657019 16.5944120126123 16.6792571929655 16.6564619312353 16.6199379691753 16.5776742711325 16.6116743002415 16.684845580697 16.6809027377262 16.6920506620388 16.6251573941173 16.6627075602379 16.6604063379812
17.1265069405269 17.2642191687288 17.1321941199379 16.9054310312147 16.972937384736 16.9533235064621 16.8319972995186 16.8479456187858 16.9207767687282 16.8769201013708 16.8468955372162 16.8229807251844 16.7771082876921 16.6795301669264 16.7098467630024 16.6331887123804 16.5580707869482 16.496101675148 16.4623546725445 16.449856111145 16.4311139896994 16.4709127419672 16.4912657006006 16.5109655314903 16.5194948661108 16.5338173102188 16.5084131234369 16.5110740393181 16.5244408064909 16.5458845720797 16.4843630955553 16.4471525128756 16.4537303664637 16.4550002752361 16.5274827995605 16.5759832146149 16.5969410353727 16.5237890530415 16.4873908499718 16.540324901988 16.5261899451504 16.5554868148699 16.5541817441959 16.5274827995605 16.5604617520647 16.56149076301
16.7345972626447 16.6951527789382 16.543281368473 16.4359711110363 16.477691951024 16.6060076156473 16.5347356568117 16.5930722170095 16.6255797946777 16.6696999629993 16.6879911487913 16.6747821193094 16.6144346021137 16.5459124358368 16.5495397233963 16.4842971433935 16.4909935624294 16.4477171931753 16.4368376978893 16.4117076961928 16.4471711934738 16.4656044627838 16.4816794683523 16.4979952499256 16.4743601382017 16.4616820283175 16.4856915049925 16.4782155596171 16.4560620861578 16.4997053807583 16.4486879774589 16.4100643001194 16.4355902566824 16.3888607645464 16.4084867477007 16.4463467059612 16.5190367378044 16.4330684266767 16.4290994552746 16.3899020038957 16.4425547956867 16.4447525245952 16.4235801503181 16.41599279949 16.4365176879377 16.4819867812853
16.4572386194782 16.3846886059456 16.2926422682972 16.2568290056982 16.2875986082859 16.3253408934526 16.3704807706728 16.4177941557188 16.4758782493639 16.5364895807047 16.6021071432829 16.5448684859085 16.5098725625429 16.5028822386808 16.4847233687706 16.4528207399836 16.4761195693236 16.4863417736607 16.5179401718598 16.5324237249718 16.6443998738337 16.6696911807118 16.5993552982951 16.5990858732396 16.5880622487917 16.5946291114893 16.5804700619555 16.5414386817951 16.4314428858881 16.4448762720594 16.4178965735483 16.3775982686577 16.3618949079904 16.3588564245329 16.3300967835493 16.3426489126205 16.4075493119735 16.3333040866441 16.3844699244194 16.3006355448313 16.3183374921398 16.3166287257909 16.3410640360317 16.3502317813205 16.3335804899463 16.3657745373296
16.389283908988 16.328811160861 16.2672958307057 16.264261051754 16.2281280938749 16.2874137970247 16.3362586301594 16.4019631431923 16.4435075406037 16.4930136001845 16.4739595093527 16.4905309327335 16.481465561142 16.5365354528275 16.538970695899 16.5924702637635 16.6356784240723 16.6989820449963 16.5792141614323 16.706870506958 16.8904383129139 16.92834840345 16.8533014204197 16.8420894173661 16.7763493411255 16.8170296605263 16.7453100412417 16.6646050919267 16.5409590815039 16.4755196898699 16.4515593796816 16.3798796380024 16.3385104192953 16.366910079299 16.3136110361223 16.2987993407374 16.2695304373293 16.2137876797504 16.1954972005806 16.1877317434244 16.1557110001497 16.1587294928007 16.2041252211103 16.2055259370393 16.1878715443506 16.1811780719585
16.4283421817036 16.4216909984722 16.4021505186854 16.3389259985781 16.3163558960781 16.4056978175125 16.4610810384836 16.5016862830811 16.6377396688547 16.5975172004395 16.5487586002197 16.5947364996662 16.6198493377686 16.652695974391 16.6995013309603 16.793121789197 16.8215807868776 16.833515545023 16.6906866688624 16.8536374752827 16.9151532369976 16.9458986185026 17.0186122623787 17.0883261191244 16.9823354894218 17.0554645931559 16.9770430576582 17.0457494247303 16.7739191031609 16.6345999745388 16.5367426435862 16.4601751741028 16.4216155497027 16.3860132492323 16.3198689975262 16.332105078824 16.2208072218456 16.1399993896484 16.1576979027834 16.059141922297 16.009353804728 15.9890017275362 16.0278992171221 16.0280460931883 16.040418018455 16.0162247525973
16.5152828674555 16.5784457377062 16.5503838479443 16.422358661913 16.5000530957423 16.6034453562365 16.5550104654484 16.6412462438412 16.7243451380224 16.7128672495718 16.6225168189698 16.798982426466 16.843128725708 16.7855420050898 16.8613733442736 16.8875747911091 16.8640296897994 16.8176905433989 16.8345252887087 16.9839805309029 17.0905551814127 17.1047317140685 17.1999054006014 17.1501147061577 17.1139015287552 17.2671487971306 17.184526029665 17.2331992541227 17.0787984469309 16.852366906703 16.7454931516038 16.6014767013341 16.5516727873373 16.4923776439438 16.394457091403 16.3277144787111 16.2641459641266 16.1412008664236 16.0654803929891 15.9779015785317 15.9028514575653 15.8034933906426 15.8668176266889 15.8377071450676 15.8792570022306 15.8287255344848
16.609606698494 16.6896648531609 16.6511777324486 16.6315232565403 16.683463864089 16.7446855866862 16.751129480856 16.8389702765332 16.8428171027718 16.8058468878632 16.7542718189345 16.9520098046322 17.0354327797222 16.9572279904986 17.0221826828261 17.0138955078602 17.0446709607172 16.9304361044531 17.0425109075785 17.0886766945763 17.2341993886595 17.3230416690197 17.3800233629751 17.2728928567171 17.2712555224972 17.2552197685156 17.2198477695065 17.2114903815403 17.0875009610157 16.9894452690821 17.0332898499441 16.8369968273678 16.6974812932053 16.6077743927403 16.4541622874365 16.3054919606629 16.2289432244406 16.1245727972202 15.9872065498009 15.9170953709664 15.824965256123 15.7413344748301 15.6913297617349 15.6221801802916 15.7418032943906 15.6750001907349
16.6624572247105 16.7928285370741 16.7781649914446 16.8128274121886 16.8442019087095 17.0058070503836 17.0925750783358 17.0121116253977 16.9692464079542 16.9728573309527 16.90776541926 17.0184380800972 17.1404953127556 17.1456440006724 17.1457494626265 17.1834511302118 17.0919557376357 17.2140391599827 17.3077734771185 17.2154718745595 17.2863729249077 17.3970553600607 17.4687294623146 17.4318123138933 17.3857734348803 17.2792149243717 17.2206933385067 17.1627585666351 17.1546428515749 17.156754618495 17.0978051133833 16.8861316214809 16.7221122925196 16.6451720664406 16.5260970037403 16.3677134868898 16.1842958384972 16.024481170845 15.9194567099333 15.8211550524244 15.7178408171587 15.6320453291502 15.5643032497887 15.5443023243389 15.4534580041165 15.2912998199463
16.683465424302 16.8420897653341 16.8761203885803 16.9899542540875 16.9394911750861 17.157795490612 17.2573208720293 17.2022522005453 17.0950573822661 17.0524241827356 17.0285203856403 17.0842492448931 17.2298500877333 17.2472519253092 17.3497105611773 17.2084978415385 17.2654149500571 17.4738100548497 17.4770189788714 17.4445540441896 17.4554392129813 17.4516870460206 17.5374782497321 17.5090807868776 17.4810799324723 17.3767685793238 17.3037554007149 17.2332906128836 17.1878047737552 17.1969568625212 17.1424567669468 16.9254022187578 16.8144097433177 16.7227296646137 16.5176367994976 16.3426090737343 16.16223425669 16.0269099267111 15.9413342840952 15.7716265062498 15.6494408064908 15.5541519077338 15.4671263517679 15.3918593059319 15.3166476614674 15.2685492370581
16.5716268687715 16.7593137505035 16.8693448181639 17.0255599943447 17.0211684313564 17.1213972875423 17.2591278676834 17.2246586871815 17.2281013016768 17.2297222817812 17.1865520504189 17.160894847044 17.2491338750277 17.3316798498221 17.4100643001194 17.3372924397621 17.371239893425 17.5408729331522 17.5429784558897 17.5804247850885 17.5759012692671 17.565127856823 17.5840274975462 17.5228581317883 17.5440281457939 17.4358285781269 17.3553340144501 17.297056542366 17.282680043498 17.244803960351 17.1712702709074 17.0514434533224 16.887354040185 16.7302075712738 16.5664538390331 16.418012837245 16.2098716220942 16.0253574536009 15.8308905594325 15.6829560653305 15.5887986758127 15.4869735752573 15.3500003814697 15.2536956538677 15.1679908628144 15.1352782712245
16.476351664278 16.6252317434244 16.8036973118562 17.0629330719232 17.0740413305473 17.1018472547293 17.2333942256565 17.288857669713 17.3747342491865 17.389317564847 17.3325633278218 17.2963497988892 17.371823998106 17.4324233435021 17.4083700919037 17.4335325819273 17.453867673954 17.5618008221712 17.527599450963 17.5384306076193 17.568592250453 17.591281856843 17.5620337778406 17.557390544796 17.5184304934292 17.486510999732 17.4415294085417 17.3299195610075 17.2682635542421 17.2283923520155 17.1091282491531 17.0075471192036 16.9116738808756 16.7772703353863 16.5956811192818 16.4963972875423 16.3276682441406 16.0080471570182 15.7726740034041 15.6434277480378 15.5728229874935 15.5500335760326 15.3572056345983 15.2204969908977 15.0994003841314 14.9828874593997
16.3859835163469 16.4778252567882 16.6363743823309 16.9431354685373 17.0726429549427 17.0834468246956 17.1940831779547 17.3122073127403 17.4340603106394 17.4801854250564 17.4172973556576 17.4893340925665 17.534382475318 17.5821613450365 17.5478577503185 17.5303833901806 17.5629504249506 17.5739624723835 17.511866037818 17.4736664785194 17.5145679003744 17.463996201004 17.4857468878603 17.4828876311865 17.4392574218473 17.4276667182617 17.4049901827993 17.3264256999512 17.2145081535273 17.0408100630941 17.0745087638788 16.984699639904 16.8742030875711 16.7821026697483 16.6056576526508 16.4842021341476 16.2564085124865 15.9844810372052 15.7827381956315 15.5599533467674 15.500982795249 15.413858878396 15.3400138245869 15.166374779305 15.0115022537036 14.8898381748896
16.1929427245455 16.3163969823666 16.5432801518335 16.8308315465841 17.018475504837 17.0653011609316 17.1474377702332 17.2279446399393 17.2951048709192 17.373036475338 17.4332835044889 17.5283402405481 17.6183015131283 17.586234920167 17.6071583820057 17.6131640559702 17.5585461609669 17.5646193325681 17.4512714711322 17.4329794281873 17.4763279463291 17.3328885262355 17.3136258927869 17.3725769616737 17.3173686274604 17.3113744551811 17.2593065473032 17.267380540555 17.1240642740383 16.9655890359793 16.9936729192819 16.9563101166639 16.8531009345941 16.7706537938623 16.661673416563 16.5027303512592 16.2888169313926 15.971057557373 15.6836046002826 15.4960704359517 15.3589457034182 15.243405491074 15.0841294313845 14.9893134645266 14.8846884341588 14.8044688563781
16.0640419588184 16.2630722933035 16.5061358994283 16.6927609566688 16.9657104660921 17.067269343565 17.1290717295113 17.1830707869482 17.1891926255665 17.289375743432 17.3924985812206 17.4859311880312 17.6228225681276 17.5657635997305 17.6494408064909 17.6358280908356 17.5410271808453 17.4356773478231 17.2849069060021 17.2757747283153 17.2943436692676 17.1026838920869 17.1472633746185 17.2033844502973 17.0967905093107 17.1334132441759 17.1503069314632 17.0945350253744 16.9977854829273 16.8864899621744 16.9094426180219 16.7913001124229 16.6480240800199 16.6425758556623 16.6497465556488 16.4771375839147 16.1909939817953 15.8849894046063 15.570785457098 15.3542261644511 15.1901856349902 15.0616172814517 14.926328365695 14.8523805787019 14.7875296709342 14.700097819057
15.9300824223103 16.0636258927869 16.2963980848159 16.5172654529275 16.7913645651302 17.0408780554361 17.1123798539095 17.0927257295313 17.114781089592 17.2169181646137 17.2929329656896 17.3405325228862 17.5329703773698 17.5574139076528 17.559527238348 17.6010171920643 17.5771358927164 17.437135294385 17.3433601255589 17.1380137143746 17.057447057889 16.9393535817547 17.0260404906473 17.07182476544 16.9551047183313 16.9923809220247 16.9807853045101 16.8625861650791 16.81030113945 16.7957293254747 16.7183841835193 16.578984329751 16.5429566756821 16.484643126811 16.4182457991628 16.338042010806 16.1162249622802 15.8052608548779 15.4690706108498 15.251114095963 15.0674055568599 14.8917478219218 14.7776670997314 14.6930450634508 14.625123012762 14.5308559309511
15.8016581424203 15.9005649448419 16.0265176687388 16.2549663620605 16.5039507681055 16.8212676567888 16.9170182448024 16.9030482976589 16.9411564981966 16.9870554981689 17.1099124476519 17.2068028625841 17.3143487994823 17.3675758935585 17.399965237175 17.4347807844162 17.4677605751991 17.4949032442465 17.3836037994471 17.2077505720015 17.0492830309038 16.8906327722845 16.9332281810656 16.9053689622879 16.84126691786 16.8492572692594 16.8851642508907 16.7881347630177 16.6873268166304 16.6449375877056 16.583974401804 16.4638161684532 16.495502631484 16.4217385624647 16.3006342372074 16.1382978176641 15.9269237778382 15.7185054418454 15.3845050876622 15.122979962245 14.8999543976402 14.727344501915 14.6643773260813 14.5183842024674 14.4338344174843 14.3679906720796
15.7327298934956 15.8032264839754 15.9229801529798 16.0121717869758 16.1508514873967 16.3574499245605 16.529388797738 16.6482868937082 16.6485926663751 16.8111143437929 16.968145204957 17.0613175985145 17.1452682859315 17.1797706275873 17.2628187472353 17.273765343049 17.2840096857118 17.2743669403705 17.2670340530767 17.1342266793098 17.045036504611 16.8465586252003 16.782737413744 16.8082803986349 16.7436614175968 16.7709009640913 16.8321481189432 16.7796780676469 16.6347815473556 16.561547276103 16.403788213808 16.3404742919254 16.3400484420766 16.3049675064697 16.1710874943814 15.9045631518063 15.7225198763761 15.5119647116127 15.2471157124476 14.9573683606824 14.7791678920927 14.6057106376281 14.500982795249 14.4043880932617 14.3195946254902 14.2943565333853
