DATA/PredictorVariables/Future/2100/ic_71_00.asc
NCOLS 590 
NROWS 274 
XLLCORNER -7.522276026 
YLLCORNER 35.996888128 
CELLSIZE 0.01 
NODATA_value -9999 
[rows 189 to 209 of 274, columns 460 to 505 of 590]
15.7095852596259 15.7768474454641 15.8042026108594 15.8342952852406 15.8948278954124 16.0154735289859 16.1753369873552 16.3427257295313 16.5139027074985 16.6766748531732 16.7681319439096 16.8219699244194 16.8883794854974 16.9414289799413 16.9987768601941 17.0104918608598 16.9871373227777 17.0192336355609 17.1204703394737 17.0257099320345 16.9263991753673 16.8025327676048 16.6890086689691 16.6681760816316 16.6717385624647 16.747979962245 16.7239737914524 16.6017404502897 16.4904589714727 16.5132565934744 16.305862162528 16.1584128627062 16.1032526502289 16.051364794012 15.9128701945238 15.6515830751204 15.4995978001904 15.2491385574526 14.9824854313769 14.7303068551693 14.5916755969138 14.4598249021911 14.3742099899974 14.317033601048 14.22223038867 14.1965509374504
15.6370839374566 15.7710561654587 15.8169659122953 15.7987232651901 15.8028596191955 15.8559287090535 16.000970981091 16.1659584181347 16.36265366366 16.4799667435303 16.5400751614246 16.5884147505312 16.5912555542259 16.6355107965364 16.6202433747597 16.7271290040941 16.7587533746891 16.7717471544752 16.8851876943512 16.8598159409008 16.7624724138498 16.6088224964332 16.606640293807 16.5718714867592 16.570728944005 16.576964291996 16.5173678266249 16.3946319781608 16.335105442873 16.3315260853157 16.1787067441435 16.0383945308323 15.9169059409203 15.8005790317383 15.6239274625945 15.4963644888363 15.322308693573 15.0202816789794 14.7573911359487 14.5580833656597 14.4075760271983 14.3485458642492 14.2956872991123 14.2428598403931 14.1499996185303 14.1444396972656
15.7321016971259 15.8157051151772 15.7919630561576 15.7518478269339 15.7442023630295 15.8196323406825 15.8634649475903 16.0035807380271 16.0986161281685 16.2307177953548 16.2827267692117 16.3232686381282 16.3069176934309 16.3529747112913 16.3580260896272 16.4884080041399 16.5475196856412 16.5839273289547 16.6344130677528 16.6294391004457 16.5586441039219 16.4751108155203 16.509054001563 16.4746384671869 16.4044763955745 16.3380651166286 16.3004479257583 16.2550010869894 16.211178758604 16.1495982006082 16.0632534702634 15.9617961306982 15.7979366074094 15.6330446438341 15.4011146681676 15.2416753872308 15.1280002593994 14.8941202163696 14.6999998092651 14.4583301544189 14.2600002288818 -9999 -9999 -9999 -9999 -9999
15.7323622468281 15.8314619501834 15.8233300434218 15.755062984499 15.7728179001637 15.7088229003391 15.7674784559712 15.8629160625434 15.9260139355087 15.9986963401885 16.0405228330273 16.0912993494834 16.1052625277114 16.1641570619058 16.1904336059809 16.2658631543493 16.3272996437988 16.3539084995117 16.3718951557464 16.3806668823747 16.3780091754894 16.3303376939478 16.3206533744964 16.2661587667436 16.2381073997021 16.2270679832172 16.1827059875641 16.1211330889854 16.0571826875453 15.99128164716 15.8727035589428 15.7312357294607 15.6318256154141 15.4543308172292 15.2788077139878 15.0900001525879 -9999 -9999 -9999 -9999 -9999 -9999 -9999 -9999 -9999 -9999
15.6820432754302 15.7636848866873 15.8604621145863 15.8271949055648 15.7987074115901 15.7230952595553 15.7471137218771 15.7498850841594 15.8142262025981 15.8319298677745 15.856906474978 15.885738738563 15.9220334345179 16.005139526556 16.0685338477053 16.1297009548206 16.1778308129177 16.1965823695268 16.2084875485363 16.2178293154735 16.2245389604568 16.2339035846281 16.2092389439344 16.1697470358486 16.1525412200022 16.1245578582372 16.0968135408206 16.001993596014 15.9353168212633 15.8548101313004 15.7384489222035 15.6242611210389 15.5234278624787 15.3163342840953 15.1675163697958 -9999 -9999 -9999 -9999 -9999 -9999 -9999 -9999 -9999 -9999 -9999
15.6285681593156 15.6276407469344 15.7177847962818 15.7562434593921 15.6911792545147 15.6643497910528 15.6896168768482 15.6586307623448 15.7230028103614 15.6944123940821 15.7602732028427 15.8152768219643 15.8664617975955 15.9145333093362 15.948164071681 15.985141993927 16.0282009130659 16.0766705287828 16.1201203619976 16.1516490873375 16.1570207432747 16.133089920701 16.1199379691753 16.0869093926535 16.0830719692535 16.0252946250892 15.9726392595272 15.9318032440538 15.8300333090038 15.7105898752127 15.5981109804258 15.513884045404 15.4325987535767 15.2344107732859 -9999 -9999 -9999 -9999 -9999 -9999 -9999 -9999 -9999 -9999 -9999 -9999
15.5207287532701 15.4349894235544 15.5321018090334 15.5598745077138 15.5359834245486 15.5207852663631 15.5990309066896 15.6476914960446 15.662309780725 15.6492485667057 15.7101147033734 15.7820434851131 15.8079904242496 15.7879342352805 15.8263871688604 15.8602318304591 15.9029440487866 15.9963067670603 16.034930620389 16.1090537165408 16.1356255405902 16.1034184277467 16.0275410482154 16.0613399244752 15.9987311858563 15.9205555544405 15.8905892267141 15.8140888598809 15.7028652207246 15.6241357502026 15.532968555316 15.4478229874935 15.3625001907349 -9999 -9999 -9999 -9999 -9999 -9999 -9999 -9999 -9999 -9999 -9999 -9999 -9999
15.3555265092439 15.3402498780145 15.3917478219218 15.3828872497167 15.4211454114532 15.4318291964331 15.5306331156073 15.5796605939546 15.5884719421067 15.631270021872 15.669760315844 15.7294682652254 15.7394005556674 15.6870497468362 15.7332629249425 15.7896170865311 15.8481636902113 15.8939398723478 15.9125743872032 15.9409931999078 15.9658094719415 15.9637232270431 15.9616738998237 15.9327943272548 15.8703132629313 15.8667349433431 15.8051854061084 15.7221543324823 15.6020372900438 15.5284188127046 15.4733358627767 -9999 -9999 -9999 -9999 -9999 -9999 -9999 -9999 -9999 -9999 -9999 -9999 -9999 -9999 -9999
15.2021949055648 15.2133947215671 15.2459591461644 15.3003474601006 15.3829097554207 15.4159935813775 15.473949646708 15.5129903479557 15.5265126394143 15.5555427178621 15.6035560210781 15.6473442266788 15.6629094883919 15.6809474539952 15.6928975399346 15.7105895236826 15.7376451779275 15.8151051568961 15.8509830049319 15.8771823823695 15.8845854503608 15.8917789432335 15.8968837593403 15.872979962245 15.8065828080916 15.7521019042754 15.6950361231413 15.6225223795676 15.5686197868228 15.510738738563 15.4075435191669 15.2510582440185 -9999 -9999 -9999 -9999 -9999 -9999 -9999 -9999 -9999 -9999 -9999 -9999 -9999 -9999
15.1666698455811 15.177325805861 15.2235146237606 15.2694123751339 15.3173261491837 15.365242338818 15.4057974272876 15.4523263780656 15.478527473371 15.5079965904798 15.5659185330257 15.6004907483735 15.6033963117809 15.6440369095911 15.6740835020785 15.6980151065397 15.6989157846541 15.7149566070175 15.7449715686431 15.7723696184602 15.7814617594485 15.7641715276947 15.7832631156773 15.7323471899604 15.6828872686648 15.6319219471082 15.5890082874994 15.5666056754069 15.5030429467439 15.4249656375927 15.2818352563852 15.171593575272 -9999 -9999 -9999 -9999 -9999 -9999 -9999 -9999 -9999 -9999 -9999 -9999 -9999 -9999
-9999 15.1499996185303 15.1636400222778 15.2078878408694 15.2709060324731 15.3134754657354 15.3811454496002 15.4141922251487 15.4406975875134 15.4735399376416 15.4789834560652 15.5321704903035 15.5863062721491 15.5536956728158 15.6256359562406 15.6626453686623 15.6795034095202 15.6940412161064 15.7521950962996 15.7467441265507 15.7181880865245 15.7479456033258 15.7241353497848 15.6408322247715 15.6040990359087 15.5769970907021 15.51940057831 15.522009420629 15.4491920725608 15.3163406410603 15.1778754727955 15.1333303451538 -9999 -9999 -9999 -9999 -9999 -9999 -9999 -9999 -9999 -9999 -9999 -9999 -9999 -9999
-9999 -9999 -9999 15.1300001144409 15.1712700991206 15.2708436691108 15.3489154595756 15.3562941322083 15.3599535375023 15.4021947148299 15.4300705690951 15.4588915027819 15.4968473825893 15.5212476233563 15.5888633003068 15.623915975389 15.6864899811225 15.6865182980385 15.6941535988159 15.6337879278312 15.6239830596542 15.6356537367673 15.6176112285881 15.576670356996 15.5855898752127 15.5468783633909 15.5033746170292 15.4583301544189 15.375982795249 15.2387834754419 15.1499996185303 -9999 -9999 -9999 -9999 -9999 -9999 -9999 -9999 -9999 -9999 -9999 -9999 -9999 -9999 -9999
-9999 -9999 -9999 -9999 15.1133298873901 15.2157283885789 15.3079032792067 15.3118662285528 15.3091193790979 15.3726734311996 15.3546603842716 15.4008256297626 15.4373906592369 15.4881080098028 15.5336366126141 15.559470725255 15.6024835625 15.5930673204145 15.562548225141 15.5571181809359 15.5519460875649 15.5502080479856 15.5630487696514 15.5131177271123 15.5036389689879 15.4623055066385 15.4351392079611 -9999 15.2520867315011 15.1563658717122 -9999 -9999 -9999 -9999 -9999 -9999 -9999 -9999 -9999 -9999 -9999 -9999 -9999 -9999 -9999 -9999
-9999 -9999 -9999 -9999 -9999 15.1545495986938 15.2497469595547 15.2777041509209 15.2484444286966 -9999 15.3180132376628 15.360664160625 15.3655896081838 15.3972877135858 15.4294689717736 15.3787521669607 15.4894406098919 15.4972661015148 15.4268480176687 15.5288686919021 15.5651749701729 15.5684488459096 15.5294016079535 15.4875294819074 15.4239152124495 15.4181804656982 15.3999996185303 15.2439962236466 15.1857099533081 -9999 -9999 -9999 -9999 -9999 -9999 -9999 -9999 -9999 -9999 -9999 -9999 -9999 -9999 -9999 -9999 -9999
-9999 -9999 -9999 -9999 -9999 -9999 15.1666698455811 15.2178237174282 15.2666702270508 15.1999998092651 -9999 15.3333301544189 15.3000001907349 15.2956543660669 15.3502072666612 15.3884752750006 15.4310436516185 15.4089376030087 15.4102486002903 15.4499127181244 15.443695234251 15.4342354465952 15.4037598968921 15.4102170058031 -9999 -9999 -9999 15.2166700363159 -9999 -9999 -9999 -9999 -9999 -9999 -9999 -9999 -9999 -9999 -9999 -9999 -9999 -9999 -9999 -9999 -9999 -9999
-9999 -9999 -9999 -9999 -9999 -9999 -9999 -9999 -9999 -9999 -9999 -9999 -9999 -9999 15.2921946075101 15.337586374762 15.3811933438153 15.3926261926064 15.3999996185303 15.403279636724 15.4122979275098 15.3930490448875 15.3368943357859 15.3166704177856 -9999 -9999 -9999 -9999 -9999 -9999 -9999 -9999 -9999 -9999 -9999 -9999 -9999 -9999 -9999 -9999 -9999 -9999 -9999 -9999 -9999 -9999
-9999 -9999 -9999 -9999 -9999 -9999 -9999 -9999 -9999 -9999 -9999 -9999 -9999 -9999 15.3000001907349 15.2583303451538 15.3684196472168 15.3818197250366 15.3999996185303 15.3999996185303 15.3999996185303 15.3249998092651 -9999 -9999 -9999 -9999 -9999 -9999 -9999 -9999 -9999 -9999 -9999 -9999 -9999 -9999 -9999 -9999 -9999 -9999 -9999 -9999 -9999 -9999 -9999 -9999
-9999 -9999 -9999 -9999 -9999 -9999 -9999 -9999 -9999 -9999 -9999 -9999 -9999 -9999 -9999 -9999 -9999 -9999 -9999 -9999 -9999 -9999 -9999 -9999 -9999 -9999 -9999 -9999 -9999 -9999 -9999 -9999 -9999 -9999 -9999 -9999 -9999 -9999 -9999 -9999 -9999 -9999 -9999 -9999 -9999 -9999
-9999 -9999 -9999 -9999 -9999 -9999 -9999 -9999 -9999 -9999 -9999 -9999 -9999 -9999 -9999 -9999 -9999 -9999 -9999 -9999 -9999 -9999 -9999 -9999 -9999 -9999 -9999 -9999 -9999 -9999 -9999 -9999 -9999 -9999 -9999 -9999 -9999 -9999 -9999 -9999 -9999 -9999 -9999 -9999 -9999 -9999
-9999 -9999 -9999 -9999 -9999 -9999 -9999 -9999 -9999 -9999 -9999 -9999 -9999 -9999 -9999 -9999 -9999 -9999 -9999 -9999 -9999 -9999 -9999 -9999 -9999 -9999 -9999 -9999 -9999 -9999 -9999 -9999 -9999 -9999 -9999 -9999 -9999 -9999 -9999 -9999 -9999 -9999 -9999 -9999 -9999 -9999
-9999 -9999 -9999 -9999 -9999 -9999 -9999 -9999 -9999 -9999 -9999 -9999 -9999 -9999 -9999 -9999 -9999 -9999 -9999 -9999 -9999 -9999 -9999 -9999 -9999 -9999 -9999 -9999 -9999 -9999 -9999 -9999 -9999 -9999 -9999 -9999 -9999 -9999 -9999 -9999 -9999 -9999 -9999 -9999 -9999 -9999
