DATA/PredictorVariables/Future/2100/ic_71_00.asc
NCOLS 590 
NROWS 274 
XLLCORNER -7.522276026 
YLLCORNER 35.996888128 
CELLSIZE 0.01 
NODATA_value -9999 
[rows 231 to 251 of 274, columns 184 to 229 of 590]
14.7384644820061 14.6767397919941 14.7125712639923 14.6781989489469 14.7014435615048 14.7622929470687 14.7836024454289 14.8857977514114 14.9497475507073 14.9805421116914 14.9981115526304 15.071738180995 15.0594004222784 14.9841636030569 14.9927486276965 15.1293310079641 15.2661891061678 15.2375071122031 15.1050914467502 14.9467395656905 14.9155413413277 14.9521596467018 14.8983602722511 14.6483623186812 14.6448775465526 14.6385091440468 14.656056826992 14.6127447911186 14.4851755922198 14.4696778638797 14.5100864056468 14.424181629755 14.485595714148 14.460554540183 14.2839497147946 14.118634137577 14.0231356642141 13.9950775983147 14.0240645590606 14.1921900758619 14.2035626656742 13.9407853426571 14.0131661883878 13.8898399936733 13.7218253376445 13.5492904638223
14.7080423838472 14.6612565687137 14.6585219673347 14.6678979214044 14.6862416214938 14.7374252313271 14.7949565307236 14.8825807186713 14.8626654766717 14.8703244746766 14.9482981777177 14.9861443650589 14.9807088610258 14.934728307641 14.918270327251 15.0042444235191 15.1775118604679 15.2247233963084 15.2187359201956 15.0597561327076 15.0302043527112 15.0388605548634 14.860362292964 14.6265355458016 14.4995565760007 14.5646772926993 14.5527293141708 14.5042105301843 14.4390005575681 14.3645674999566 14.309187672462 14.2799494416246 14.2985053655514 14.2585698564057 14.2432932251763 13.8969969573131 13.8659505462799 13.8852196887335 13.9024837532348 14.0469643045816 14.1017664026689 13.8489777838807 13.7442459306883 13.6002819134502 13.5386732332725 13.3413864798274
14.7102746644802 14.6527350398793 14.6680348354721 14.6525225396261 14.6605311804476 14.764063843576 14.7698387196879 14.9301849790211 14.8495363433991 14.9548819029875 14.9574377458224 14.9124382529974 14.8934444020548 14.8480680183244 14.871329170969 14.936047667573 15.0259247929191 15.0439736580634 15.1048101313004 15.0541824081988 15.0750919504027 14.9872410655651 14.7863746648641 14.5275853517294 14.3855891122732 14.433215934207 14.3377089219398 14.4165549297404 14.4148205972104 14.3397550111375 14.1825802482576 14.166435894927 14.1372983089795 14.0540544454288 14.0424299820123 13.876425890686 13.7468524709878 13.7478282483182 13.7782348050594 13.8792116822076 13.9793774330516 13.8036509565468 13.459771473691 13.3645374908013 13.3528199681392 13.2000087227692
14.6814320660782 14.62596021421 14.6506977423005 14.6207905992093 14.6828789211989 14.7045103589053 14.7455897226248 14.7901173765697 14.8378638938574 14.9527486658435 14.8984408300013 14.842263794939 14.7909629445462 14.7588322552891 14.7395331186013 14.7698897745151 14.8363055920076 14.8565829988265 14.9517327203583 14.8491013423958 14.8874107904348 14.8619644290795 14.6309291094713 14.3689962236466 14.2885577313294 14.2509289929557 14.1397070132995 14.2891698959179 14.2564051977377 14.261445893384 14.1754157700176 14.2225447354679 14.1082476962881 13.9866171003714 13.880779205667 13.8323909452138 13.658834798954 13.65809681252 13.6686356891823 13.8086145272751 13.8033264060516 13.6582285625353 13.3077507816844 13.1667521574497 13.1316951181445 13.0002315716376
14.6372336844854 14.617117818665 14.6057451907701 14.5817408484087 14.7053709074587 14.642586508151 14.6715935752721 14.6495141864977 14.6640080967645 14.8567915200801 14.824965256123 14.7395275013423 14.6900334148107 14.7164969292846 14.6272545345273 14.6374242254228 14.6559021655216 14.7098793681206 14.796065049901 14.6918435866756 14.7016731828246 14.6845155569196 14.600785361856 14.3169019894233 14.1360197463708 14.1117161842384 14.0682524520406 14.1204898005485 14.1658481848459 14.1973498023195 14.15983223912 14.2796788495345 14.0304378743491 13.9894346021137 13.891027348145 13.7560858934879 13.5647516093926 13.5409590282354 13.5851395859427 13.7434767434597 13.6979697291221 13.4942277952842 13.2390304681249 13.0817170566597 12.9348042047372 12.8537251530151
14.6525986690755 14.6082494094696 14.5730184204855 14.5075539267416 14.4967515149445 14.5440899202947 14.6175003646912 14.5800405035429 14.6068367200976 14.7432053141637 14.7488198152676 14.7173981939921 14.6656634921794 14.7164109904356 14.5912795338526 14.6021834659534 14.55120166751 14.4908350270996 14.5438210651622 14.5040585262193 14.5890232680287 14.5641574623236 14.4720208913755 14.1899091752968 14.0787306602611 14.0639739440403 13.9380425093794 14.0613750652818 14.081510136364 14.0664611378331 14.1135904775657 14.0990384159464 13.9722930834488 13.8605549406008 13.7114559437937 13.640878265119 13.5326689686083 13.3860860079288 13.4256124944472 13.5711791971688 13.476197083929 13.3221101368069 13.147576580204 13.0092215097408 12.8766285434093 12.6957613139157
14.6291203434634 14.6109117440491 14.5576180788455 14.4866741795025 14.3829185504065 14.4395841367812 14.5210513334799 14.5842433147931 14.6288792742147 14.7451974498076 14.8102561157136 14.6970206474648 14.5770902827263 14.5485561462598 14.5721486719489 14.6155936450877 14.5154794971399 14.2952781186366 14.3843986720338 14.345312201365 14.433997364243 14.3968837593403 14.2682693654542 14.1032347861113 13.9921955314207 13.8752315716376 13.8164113719053 13.8726044967022 13.9069645258317 13.8874038105974 13.834806183753 13.8587059429684 13.7016804954676 13.6725513731642 13.538003342711 13.4708035219431 13.3291921870017 13.2781267511716 13.4054982676673 13.4255890741262 13.3149831810303 13.1546610256491 12.9871331697941 12.8558434753189 12.7608168790903 12.6590925388203
14.5848483424592 14.539953491148 14.5327636623826 14.5251839187012 14.4575652992821 14.3611490876698 14.3858370053634 14.4077381956315 14.4730716460843 14.5898379841547 14.6633305456857 14.6745979909253 14.6336672796059 14.5699368247661 14.4852040041971 14.385288764255 14.3091456100631 14.173208876894 14.1605204607248 14.197324354928 14.1691390809269 14.2317617810702 14.1635920330763 13.9812485634727 13.871086014574 13.7312992062034 13.617183107162 13.677470148942 13.692357624783 13.5472094291887 13.6393071123867 13.6056761378769 13.4653157565955 13.4970119481034 13.3808948665065 13.2736738659143 13.2075472820501 13.140861048285 13.2258397721753 13.3218117979173 13.1931354685373 13.0426018819227 12.9069107440457 12.7483134807844 12.6115831132674 12.5799999237061
14.6326424208851 14.5683974403334 14.5485142195415 14.5428979214044 14.4822600025902 14.3422103596573 14.2607541053872 14.3144803954811 14.3909335525603 14.4810517218155 14.4643830569081 14.4967684430818 14.5651282660145 14.4776481294808 14.4105484419794 14.2622104359512 14.1993127207861 14.2042691178698 14.014134180903 14.0633586733785 14.1227001109261 13.9286317486992 13.9806682589259 13.8616788228226 13.7391926004519 13.5782494439025 13.5019226145549 13.4946359069042 13.4603710218997 13.4047675577225 13.450348990374 13.3632013790321 13.1647166558327 13.2366477377615 13.1426589141426 13.102977006772 12.8551535795898 12.9417489661646 13.0042744948711 13.0889166191201 13.0485589939832 12.9450691563215 12.7915180120616 12.6849900875573 12.4793313894338 -9999
14.5573402143922 14.5536383771019 14.4885978873448 14.5035488348279 14.4337996656551 14.2920288521314 14.2159577741528 14.2450455757179 14.2258899644093 14.2534145349841 14.264746892805 14.2459607063775 14.2675768159518 14.3762059039759 14.3588476736097 14.2026799480052 14.0782915088873 14.02360377676 13.9631163465128 14.0785050985226 13.8878889468069 13.7428054937357 13.7905164211092 13.7636725603933 13.6323338409681 13.5271586380429 13.4515003668332 13.3214973286466 13.2574832954712 13.2133362759046 13.1291277532425 13.1201608464064 13.0513680484423 13.0492968246927 12.9114903625922 12.8465541244664 12.7373682878766 12.7823408902197 12.7927336501975 12.7713642791533 12.7563604461927 12.7625693698749 12.6916172225437 12.5351044702506 12.3512419719849 -9999
14.4151045846914 14.3503083391985 14.268937611216 14.3335354785384 14.3710172194703 14.2960710547484 14.29257625608 14.2078718303274 14.1285681593155 14.019018442769 14.0028879171633 13.9867909705181 14.02072875327 14.1203818653248 14.2137550528309 14.1749332248434 14.0087879278311 13.7733763032988 13.7488133056734 13.8527515624544 13.6684767624076 13.5025419353079 13.5595064667948 13.581933285125 13.4860879720476 13.4838521008595 13.4238061642121 13.2454360382666 13.1430138253993 13.1267344507798 13.0941877138271 13.0263180397991 12.8992451750802 12.8091798883514 12.8342387721476 12.7387896723409 12.6767387565141 12.6132034640574 12.5393773260811 12.5229803626627 12.5526865314253 12.5870340403569 12.5266129306228 12.3967680616119 12.3000001907349 -9999
14.3103933778 14.2753809343424 14.1911775000787 14.1859161545987 14.1769038100977 14.1418781649322 14.1233845265913 14.0556135050983 14.0079701487388 13.8912723370223 13.9042851094637 13.9076050052628 13.8807449810872 13.8877140240889 13.9293891760673 14.0222812834067 13.8900017301869 13.6145164856996 13.4962861549162 13.4979479638113 13.4747123011336 13.3655767568378 13.3778879171634 13.3060992297806 13.2641817823429 13.2608426226224 13.2237809075555 13.1668247025652 13.0660407623873 13.0358740071092 13.0066365350456 12.9285150567961 12.80120166751 12.7936898833361 12.7770599418121 12.7566801185746 12.6820582521019 12.5330677180581 12.3742661299052 12.365870222569 12.3297813393635 12.3757749379983 12.2600002288818 12.1999998092651 -9999 -9999
14.2692100946689 14.2314538057184 14.1734748075967 14.216028209713 14.211351515399 14.1190347547374 14.0017627072534 13.8629805152507 13.7847185911126 13.7419028038592 13.7925870803556 13.8028171264391 13.8316772593946 13.8373983905096 13.8411908872313 13.7259413706698 13.634511896686 13.4685577827668 13.2957247237553 13.2699716378159 13.2441795701432 13.2840583327441 13.2812664982433 13.0968560912399 13.1184490366444 13.0148637035469 12.9773893947048 12.9552184116444 12.9416635150676 12.951328156012 12.903259257811 12.8693772497873 12.7989839327769 12.868634137577 12.7969247601008 12.6787821776523 12.5330452160387 12.42443014784 12.2558539919467 12.2105302810669 12.2052602767944 12.2200002670288 -9999 -9999 -9999 -9999
14.2973982318983 14.2518015346308 14.2005860585346 14.1573159661736 14.2094699495339 14.0941132609134 13.8564916964569 13.716281856843 13.6288764846163 13.5909937721124 13.6828284944401 13.7242830498519 13.7607014739656 13.7160502852054 13.5609228215475 13.4820434661651 13.3851430515661 13.285091206173 13.2271820998363 13.2449715686431 13.2300641667304 13.3567552096477 13.1775060492558 12.9933608717475 12.9377616429896 12.7709865915646 12.7267348737264 12.7937489705434 12.8169432738619 12.790058350121 12.7263372712469 12.7073336502333 12.7260517227702 12.6177255198483 12.550178739284 12.4415137516794 12.3580835563946 12.3374731767893 12.2157750905862 -9999 -9999 -9999 -9999 -9999 -9999 -9999
14.3473069104418 14.2090629317155 14.2396301757917 14.1570741195045 14.0643234340644 13.8764602720413 13.6945625270677 13.6256620288477 13.5944224426365 13.5319869720201 13.5084544092917 13.7005204193077 13.7815720147304 13.7215811872954 13.6137128805967 13.488912409422 13.3509341135908 13.3330678734202 13.164520596333 13.2261353845696 13.1944572804298 13.3471756100454 13.0538058515658 12.8682782490158 12.6999998092651 12.642801366353 12.6283563036852 12.6253986736498 12.6918252531433 12.6243652508802 12.5684127101183 12.5803619150305 12.5365186795082 12.4574048264265 12.3590159043312 12.2922012785577 12.227558350121 12.1444524888739 12.025697862576 11.9424372443828 -9999 -9999 -9999 -9999 -9999 -9999
14.1825656033406 14.2648435597953 14.1980805698795 14.2328772201075 14.0595287780347 13.9001041609792 13.7389595280661 13.6547345421175 13.593972876739 13.4102213766617 13.3168187611055 13.4617037197804 13.5401111179074 13.6335368023991 13.6623250917644 13.6012392446307 13.5453357624645 13.2509559051132 13.0865130374046 13.0798155050154 13.1605119382019 13.1101463045368 12.8485870320477 12.6879563177476 -9999 12.4742219342298 12.5140690886736 12.5316712732672 12.5656888915162 12.4720802316384 12.4390888598809 12.4506238334632 12.4424372443828 12.3648006320023 12.1997819096265 12.1429804200086 12.0609302154088 12.0105840237984 11.8517836618576 11.8296262125992 -9999 -9999 -9999 -9999 -9999 -9999
13.9591639845266 14.1051104793186 14.2302040444297 14.1645280647497 13.9349731193118 13.7130224720054 13.5594086928472 13.4115489450831 13.3120147430515 13.2215143392887 13.1678689446812 13.1659033699045 13.1358681082902 13.1528900345697 13.1912737785739 13.1636011193909 13.3149567392892 13.1719193758301 13.0844138306922 13.0753483857421 13.0558328495545 12.8193545924057 12.6687832934531 12.5946133953513 -9999 12.2807440946297 12.3399837532348 12.3980147215819 12.3803947305336 12.2800985246505 12.3276405561995 12.3221075820985 12.3358028064584 12.210364350852 12.0651856349902 11.9965833421492 11.9102778897547 11.8386523437423 11.7438500090942 11.6655897989187 -9999 -9999 -9999 -9999 -9999 -9999
13.8988810407772 13.9789303603229 14.0181292516393 14.0022740164938 13.826964291996 13.6625417827201 13.4780434279613 13.3279029550829 13.2460218219995 13.178263573441 13.0961853061747 13.0508456833272 12.9527126678839 12.8690062660346 12.8718249561748 12.8710163796992 12.9774224468779 12.8589070544429 12.8128891375418 12.8330980965423 12.6883979507603 12.5456374209609 12.3502319531073 12.2864714690971 12.016397745306 12.1591001068606 12.2028248563704 12.2110270429692 12.2091921072197 12.1261364609809 12.1388315878425 12.1572261874981 12.1764405700025 12.130395315371 11.9573960153036 11.8737884808369 11.7582150189028 11.7060174106812 11.606450237474 11.6000003814697 -9999 -9999 -9999 -9999 -9999 -9999
13.7513281749601 13.759815734488 13.7298515739035 13.6634282058015 13.5744056621961 13.5044885738682 13.3160443290205 13.2657160968318 13.1613173715915 13.1064184318456 13.0072720249686 13.0601080447092 12.9986690594096 12.8901854442553 12.7048288835835 12.6762824610281 12.6543436935167 12.5780136413097 12.578037959403 12.5277477942829 12.3564964143815 12.2561540093279 12.2149837532348 12.0901477947001 -9999 11.9691772232365 12.0170797418942 12.045716690372 12.0105144453912 12.0307511927171 12.0655991289792 12.0331122208209 11.9872073316884 11.9776695404305 11.8675534843063 11.7774837532348 11.6490684216137 11.576470375061 11.539999961853 -9999 -9999 -9999 -9999 -9999 -9999 -9999
13.6055491476774 13.5830894006705 13.496996835751 13.5728998955602 13.4278052088761 13.320755385746 13.228109477356 13.1608156968589 13.0454024130287 12.951641028522 12.8462135406279 12.9187604389018 12.7969146750679 12.7623364534564 12.598135296957 12.5147170373025 12.4847618665127 12.4509099669218 12.3303480890612 12.3498557070183 12.3004986690397 12.1240319858584 12.0790263331456 11.9586016054177 -9999 11.7856474641595 11.8647818714795 11.937144404406 11.8682403975062 11.94265132338 11.9493322634663 11.9343615380955 11.923329643004 11.8866740905585 11.8083195398264 11.6650929032631 11.4799856370253 -9999 -9999 -9999 -9999 -9999 -9999 -9999 -9999 -9999
13.5078997130327 13.4339880430112 13.4594539184385 13.4836047910175 13.4389530369034 13.3433193872385 13.2179217256103 13.1489037970953 13.0846204004326 12.8951968907647 12.7764958121929 12.6591292406497 12.5749336252613 12.5700309920215 12.4270679078779 12.4015790405106 12.3227812726974 12.2226329025621 12.1615021218939 12.1915184124794 12.1372161144337 11.976140570836 11.9119280197105 11.7803452833214 -9999 11.6675732145481 11.7326299510088 11.7848004944725 11.6795209021606 11.8048099405656 11.8567919466071 11.8988773927321 11.9892835085702 11.8098745077138 11.7051749822507 11.5918345832038 11.3888902664185 -9999 -9999 -9999 -9999 -9999 -9999 -9999 -9999 -9999
