DATA/PredictorVariables/Future/2100/ic_71_00.asc
NCOLS 590 
NROWS 274 
XLLCORNER -7.522276026 
YLLCORNER 35.996888128 
CELLSIZE 0.01 
NODATA_value -9999 
[rows 63 to 83 of 274, columns 460 to 505 of 590]
20.109643126811 20.1765351860495 20.1038672924843 20.0670296605263 20.0748255326081 19.9756330596295 20.03893668851 20.0864338684473 19.8990204528923 19.4818495315275 19.0356816722135 18.6635554870205 18.5435926319227 18.4146070036697 18.2544573502245 18.1396656161003 18.0956684198313 18.0615528670016 18.1541690826416 18.1749901483469 18.1145951878977 18.1214320124712 18.0589412219238 18.0600908247032 18.0827421513977 18.11099247544 18.0663953997174 18.1283738941679 18.2852833252192 18.5854321375217 18.9142359425058 19.3208376746673 19.732324551527 19.9672001993846 19.9749390940609 19.8714742184105 19.8237238373947 19.8345778465986 19.7959005826216 19.75 -9999 -9999 -9999 -9999 -9999 -9999
20.0998773687077 20.2602732028427 20.2228573309527 20.2685376493988 20.2431776221933 20.2034457377062 20.1333628946619 19.95049828757 19.6877317434244 19.258657729434 18.9051850056906 18.6376860808964 18.5021774318724 18.4802467124653 18.3961785916291 18.2689484499712 18.2488483279686 18.3131469747391 18.1804376871023 18.122040830451 18.2153117755242 18.20900720051 18.1462110232525 18.1574237249718 18.1597775395928 18.181351236454 18.1717084911127 18.237458007597 18.3784073973503 18.5931295859852 18.8908050793352 19.2323913456316 19.5484995543394 19.7528312322836 19.7726913242578 19.7692380583467 19.7760970037403 19.7911846904278 19.7999992370605 -9999 -9999 -9999 -9999 -9999 -9999 -9999
20.2859113498021 20.2449415536825 20.2889141828061 20.2887425803775 20.2766518717861 20.2666294887303 20.0445283543222 19.7976327118272 19.5457293254746 19.1167200391521 18.8077951091423 18.6356562698985 18.5837738933107 18.6023669067031 18.6085445329181 18.4950336379396 18.4459405024997 18.4799191795378 18.3097570700293 18.2240630952951 18.3087177616874 18.2815228750707 18.2512215615512 18.2988451846647 18.2434699006252 18.2070136044961 18.2415128708297 18.3611372908459 18.4339320124713 18.6012007261687 18.8957219241056 19.1668933058176 19.42345090133 19.6185111248149 19.7109643870811 19.7608725900803 19.7739413745118 19.7888696835614 -9999 -9999 -9999 -9999 -9999 -9999 -9999 -9999
20.3496239622526 20.3779911906328 20.3713972875423 20.1704491936207 20.1826693690261 20.0965206817741 19.8015166814336 19.6560511306629 19.3940367378044 19.0962234867306 18.8083238498297 18.7542587335272 18.7442542370253 18.7160283252545 18.770239436326 18.7153117755242 18.6098147275315 18.5052463309956 18.3921470937424 18.4150337142334 18.4406866688624 18.4511183870182 18.3966928620405 18.2760844250288 18.2570191985216 18.3145940434885 18.3469912059803 18.40591563974 18.5174544066753 18.6823136139278 18.8762124728375 19.1253464874783 19.4130713982544 19.5663969823666 19.682447057889 19.7727952617302 19.830889777545 19.852239097189 19.854352862174 19.8067542370253 19.890393301506 19.8217391967773 -9999 -9999 -9999 -9999
20.307447057889 20.3718722875948 20.324827598444 20.1226814127254 19.9385128666009 19.8564106162185 19.5763066907663 19.4389739440403 19.2751748488617 19.0117782222538 18.958949123642 18.8098855826035 18.7652421291351 18.7476334747667 18.7980151219997 18.775692439394 18.7108085567389 18.622863306448 18.5938215465718 18.6392151911497 18.5725156745606 18.5671483777647 18.4284519893923 18.3517871120253 18.4196283106537 18.4217650042057 18.495957858654 18.4669731174937 18.5538115423308 18.7185685061264 18.9485000335846 19.1079220125418 19.3573268929243 19.5424931852713 19.6580711684179 19.7335780375166 19.7528596002474 19.8350779226894 19.8341630308523 19.8379500434809 19.8476300953121 19.8124194201107 19.7766709481487 19.7647094726562 -9999 -9999
20.2920776059885 20.3050206022119 20.1843477124929 19.8900868243628 19.702518325325 19.5832281431694 19.4523238648815 19.2695958934174 19.1361842130165 19.1459396130667 18.9786374752827 18.8632085751619 18.7468002692394 18.6636939186306 18.6787561783371 18.7507431122103 18.7744107351389 18.733140694068 18.7412122439556 18.7384373934517 18.6777014431906 18.5732337880659 18.5452413962536 18.6149696997662 18.6129699401732 18.5386939186306 18.5582894684744 18.573985110817 18.6325815005589 18.7798792565327 18.9467725623503 19.1340064375706 19.3339627012653 19.4852130745258 19.5841485840855 19.6885557843714 19.6805436715364 19.7486375670366 19.7999992370605 19.8290425607119 19.8354273552494 19.7724016934462 19.7263267376461 19.7613087814579 19.7752894388227 19.7431693367577
20.2727481809244 20.2420340830164 20.1611430932264 19.9355198209763 19.6778873260107 19.4312364924001 19.3075281381273 19.2916852723856 19.2737854234305 19.2740872589874 19.1248251132422 19.0000905204821 18.903578616601 18.7654149500571 18.8580133713026 18.849364073699 18.8700226418772 18.8998247317725 18.840069379611 18.8006461893635 18.7195725983963 18.6858180269223 18.7347697240801 18.7350461273823 18.6812467933588 18.6299077831316 18.6235561273117 18.6743632808199 18.7198608549137 18.8406000320416 18.9716512150803 19.1682445806694 19.3318246427917 19.3775982686577 19.5092378294649 19.5971549425831 19.632246148756 19.7219220996961 19.7849888513498 19.7782218503084 19.7636029413395 19.7746251066618 19.7608421327715 19.7393761627979 19.6933197687082 19.6345082298212
20.2444875442247 20.181658428648 20.1043194208231 19.9189200296316 19.5887421627197 19.3360748022575 19.3563978978939 19.4929112453613 19.5078398064633 19.3536248965712 19.3232174038496 19.1119987872954 19.1063393378392 18.924378699668 19.0106121177893 19.0181088874789 19.0465386188345 19.0721411626921 18.9732334065962 18.8817907238055 18.8759352312565 18.8077732483311 18.7419284501124 18.7165527559385 18.7184064783792 18.6813038120747 18.6692553814344 18.7178605304575 18.7915531753044 18.8535382976465 18.9874252313271 19.1316462693024 19.2327946897764 19.3537604880447 19.4770950086956 19.5023257869129 19.6095312497244 19.6660372987347 19.7199711682253 19.7806112378016 19.7670905661697 19.7219410353727 19.6972760511055 19.6999423424978 19.6099896142893 19.5638785817022
20.1440367378044 20.0799468279638 19.9689746495599 19.8040951452712 19.5136330126915 19.2985743000488 19.3291923587885 19.434163412322 19.5602482188206 19.5242022138853 19.5187836974573 19.3147802923184 19.27563229669 19.3113139645091 19.3772730782004 19.3899538726177 19.2379673665686 19.1654731431218 19.0874695471783 19.0872520778971 18.9855075483952 18.8427700299225 18.8240164039154 18.7662228585482 18.7147328379994 18.736718113884 18.7240175862208 18.7988919059839 18.8292141614323 18.9072050434456 19.0272513997097 19.10559942169 19.1987992861643 19.289896978055 19.3889604328365 19.4885100378256 19.602540075593 19.6375529884653 19.7114338684473 19.7706808972616 19.6850643829622 19.630226111001 19.6420514249782 19.6381465291929 19.5324490181026 19.5556741903629
20.0469398909635 19.8875292784727 19.6703812742213 19.5397712379387 19.3898387849902 19.3478636879178 19.2818020428743 19.3767321292056 19.5164949732102 19.5778125704545 19.5857418804493 19.454081924738 19.5328658667347 19.691409561078 19.5773262062788 19.4297622047864 19.3061479817325 19.3101742130871 19.2207550042763 19.163089632433 19.0399361192465 18.9362990299207 18.9570484501639 18.9239429003907 18.8317024882556 18.876643618538 18.8489421374512 18.8825815005589 18.9289783687354 18.9666597816678 19.0424540252056 19.1086307433968 19.1916500028648 19.2771773939763 19.3974133358174 19.5337873745746 19.5213625247172 19.5680241563138 19.5863060813693 19.5681757001619 19.5541013814973 19.4719220996961 19.518112010394 19.5551865001783 19.4807875254097 19.5163269356336
19.9411154307823 19.6681440605478 19.5099959188785 19.3406979879312 19.3332890870047 19.4428297193794 19.2954046406403 19.2922962875147 19.351751235508 19.4309483124895 19.5630734377126 19.5258860216646 19.7568290056982 19.633630361927 19.5626087306624 19.5248422244129 19.426211709898 19.3523605497379 19.2757427307406 19.2079817545119 19.088162368042 19.0753333278046 19.0750572760325 19.0154149500571 18.9977363576489 18.9852177281027 18.9434170201216 18.9751151255236 19.0154731810179 19.1057730918083 19.0750572760325 19.1194574728727 19.1724717476826 19.3062364924001 19.3933038961601 19.4379330719232 19.3961892206087 19.4497477224941 19.4875861650791 19.4598618347149 19.4185340573883 19.3953816556911 19.4440655326376 19.4770329780912 19.4174556078548 19.4658097644672
19.6900697654752 19.4669296662988 19.2963054905415 19.2845719202089 19.4053107458067 19.4868364875488 19.3242022867355 19.4038100164518 19.3441541114369 19.3213616221647 19.3786391407747 19.4982457166205 19.7432450000353 19.6467088725824 19.6350108813706 19.6022518190756 19.5114076732531 19.434410582551 19.3608540358734 19.2896425144186 19.1903450953131 19.1771407049284 19.142597639432 19.140604043418 19.1152832489252 19.101500767251 19.0568442533007 19.0888852747374 19.1624248119612 19.1919534341345 19.1179788752556 19.1407349957943 19.1061053497581 19.1873568879823 19.2615399681148 19.3109303871956 19.3174192623806 19.3438532005729 19.3816118879471 19.3237011989612 19.3080707869482 19.2791283254471 19.3422830040312 19.3266178189974 19.3245958550196 19.3293196815538
19.4672001993847 19.2583847554731 19.3105902566824 19.3758520641623 19.4614903815403 19.4007161682606 19.3571410101042 19.4672689620953 19.5807430359163 19.4290049312153 19.3331410755377 19.544202671649 19.7093473310232 19.717113131753 19.7056114455309 19.6219564431553 19.5584066309671 19.4963972875423 19.3915535567741 19.3538417289162 19.2937293869753 19.2522488560448 19.2692901442595 19.2969572439909 19.2093676091852 19.1257431122103 19.1177806445151 19.2053115466423 19.1962485959787 19.1933031332207 19.09434120294 19.0257568921013 19.0298853188209 19.0362013241873 19.1376435089474 19.189550109107 19.2353941786356 19.2279905005436 19.2424374351177 19.1942732181015 19.2289839482813 19.249943486907 19.2844343268776 19.3130497233257 19.3036019495182 19.3433601255589
19.2483280134983 19.1467908179302 19.254156731307 19.4471588861237 19.3917442327843 19.386201705657 19.4428174842415 19.4911648195763 19.6834171348133 19.6061190736637 19.4900689981413 19.6298852774277 19.7034065965147 19.7973418737488 19.7180874998579 19.657795490612 19.5415239611054 19.4738444217253 19.4089495430079 19.4406455790119 19.3859699622326 19.3185688875961 19.388394912302 19.3425525606413 19.273256331213 19.2258644594803 19.2569329431706 19.2547349622097 19.1566541710205 19.0719869338732 19.0278165542345 18.9430562365532 18.9787870505247 19.0404683688059 19.1771407049284 19.2014600813065 19.223432153534 19.2105578776379 19.1935728315897 19.1698141934738 19.1273257869129 19.1890086689691 19.2532423037825 19.3097237881365 19.3495411811152 19.4367422621165
19.0791010000276 19.0962762388992 19.3127926872597 19.4506564404354 19.3570215062141 19.3958728189621 19.560600416955 19.6212742747803 19.7968455881939 19.7150930939979 19.6124252313271 19.6659158686218 19.7449723505306 19.7964719534254 19.7172167005329 19.6313045750141 19.5748348335819 19.4636931556912 19.4394444682465 19.4965718133974 19.5061202748432 19.3741155042143 19.3640344685097 19.3642265875559 19.370360904335 19.3134748556347 19.254357181633 19.1485399565897 19.0453132818794 18.9795520424204 18.9312694307194 18.8963227251854 19.0198035788813 19.0587177616873 19.2556117541504 19.3403540065175 19.4217998723097 19.3843529250488 19.3241912906732 19.2419870101671 19.1022518190756 19.1061053497581 19.2578295277948 19.3474587799978 19.5247089410849 19.6139698950634
18.9622982900314 19.1424006253309 19.3737875271625 19.4736724615183 19.3911660018816 19.4258087093268 19.6472968988209 19.7885096184597 19.8193530860948 19.6866623637305 19.6605067854557 19.7167671498976 19.7529446020431 19.7420775306492 19.6851616343756 19.6612013241873 19.6188445279589 19.5721691870823 19.6202650377903 19.5644350135231 19.5047914753027 19.4179673281708 19.424075016346 19.440472761652 19.3728411522741 19.2640894510336 19.1491449807634 19.0749423424978 19.0033476026144 18.9208313476419 18.8592950755577 18.9024763002997 19.0424191795378 19.1659187937565 19.3464842679367 19.6720723171387 19.6311048274564 19.3863056620035 19.2668936872873 19.1650435074234 19.1201550869265 19.0517115170183 19.2175675333109 19.4295371807747 19.7312546069699 19.7781044627838
18.9563053379536 19.1502081397838 19.2954960182752 19.4290713101454 19.5122674557401 19.5218346126988 19.7682217399684 19.854503600255 19.7915289542218 19.7854672818166 19.7464585749513 19.7630340114107 19.7404956942254 19.7503827035352 19.7651270559874 19.6951902312213 19.6676524285699 19.6974812932053 19.6967381809949 19.5211650051393 19.4604321375218 19.4814631282235 19.5847237502404 19.5793196815538 19.3794321381865 19.1877661247797 19.0620093434248 19.0140075245599 18.9785683689985 18.8725226692391 18.8327302749653 18.9318016614046 19.0492830309038 19.1593480939627 19.4134928302955 19.5549327815406 19.4375040376576 19.2958440695285 19.2328512028694 19.191362967021 19.1713620036345 19.1258640700542 19.237645959815 19.5579101967698 19.8301608798943 19.9167438513145
18.9711899835482 19.1054979051456 19.2614899621744 19.4634174778853 19.6377586045313 19.751963524662 19.8325183243704 19.8817549999647 19.8486834575806 19.8948035788813 19.9111430932264 19.8114539831629 19.8591219066677 19.8469726218338 19.8243079420757 19.8280032523699 19.7495610767345 19.6845854693088 19.6024835625 19.4798777958899 19.4844098196116 19.584894633421 19.620957858654 19.565589417449 19.3667313929929 19.1573909262657 19.0417098439255 18.9376448154058 18.8977481809244 18.8772763562813 18.8448608549137 18.9454042591705 19.0630497233257 19.1346427453413 19.2885463983068 19.2435914875135 19.2715259982853 19.2376569747515 19.2233140983886 19.2012666924219 19.2438398706226 19.2828825817528 19.2268361190539 19.6091645567312 19.8147818525314 19.8595046872444
18.9240923548937 19.0062982325287 19.2517882943307 19.6060261322537 19.7296040477295 19.8351738316174 19.8316798498221 19.9117493296452 19.8597925813141 19.894153408081 19.892597639432 19.9228170264778 20.009616830389 19.9561476002627 19.8510586254883 19.8134479495811 19.7421388975887 19.5733552370529 19.5007204737768 19.4921127502833 19.5797210994759 19.6958517589865 19.6508657435026 19.4711789874859 19.2351986626205 19.0864903815403 18.9743872958698 18.9133253182888 18.8861494880877 18.8469096215353 18.9048448751774 18.966757009572 19.0462141317806 19.0933541121674 19.1942362855778 19.1805606998644 19.1702085975475 19.1566458878326 19.1188797251568 19.1715058201284 19.2250830246105 19.2997228337584 19.3696287300196 19.5735000335846 19.7180136380806 19.7761555782747
19.0290053126851 19.2445517991515 19.5545984681836 19.820076992775 19.9160540868988 19.8719564431553 19.9079255172224 19.9167374754753 19.8051643271847 19.8210907375489 20.0048796380024 20.0276304004879 20.0928664396343 20.0269762050905 19.794110222455 19.6869502766743 19.6551051376972 19.4685336380224 19.5110841971016 19.5934169822254 19.7280597275667 19.7329334997472 19.5251748488617 19.3141819730777 19.1469402724333 19.0242485667057 18.9542734469833 18.943592250453 18.8860859101372 18.8530432327652 18.8806591785298 18.9738550662575 19.0202081432276 19.1111435125923 19.1497465780849 19.1155886545095 19.14050874862 19.1268468732595 19.1149542540875 19.152563374176 19.1918878294039 19.3412861668463 19.5432445806694 19.5614151935015 19.7980700714636 19.8448497192383
19.2871784239898 19.5996270556168 19.9077353479082 20.0471589240198 20.0495397233962 19.9295608762875 19.9480836160231 19.9398383656244 19.7977809496909 19.9878740736286 20.0810625984669 20.0442486729394 20.0864903815402 19.8724665276232 19.8238057827424 19.6928286199169 19.5389837577972 19.3655776395731 19.5241166048431 19.6759835960845 19.7642328921451 19.5500335760325 19.3456545568017 19.1785367191886 19.0726386873226 19.0125747686729 18.9197271023331 18.8877668877191 18.9069825259981 18.8812234868193 18.9239159943371 19.0673263209705 19.0546601935367 19.0451012282447 19.039349180952 19.0373900870323 19.0480236985501 19.1021418682117 19.1393234207296 19.1878919856349 19.2584820068866 19.4588537493134 19.518354913003 19.5487586002198 19.7752067374162 20.0073344510688
