DATA/PredictorVariables/Future/2100/prec_oto.asc
NCOLS 590 
NROWS 274 
XLLCORNER -7.522276026 
YLLCORNER 35.996888128 
CELLSIZE 0.01 
NODATA_value -9999 
[rows 84 to 104 of 274, columns 322 to 367 of 590]
85.4578949556429 86.633560840134 87.1804400331346 87.8545478029443 89.552248673023 90.5864484462885 90.1351235477938 89.8654069869073 87.7237732084349 86.1016367647051 87.2586684339102 88.3914547604598 86.9662508571436 85.99109672345 85.0655402226492 83.1167772167246 80.4711070972251 79.8648419824487 79.9837464480402 76.2090244027751 75.3803861080784 75.5593235904159 74.2819460918086 72.3560133688244 71.8678018343051 71.389844141258 68.091808433254 64.6859173863143 64.0392573842469 64.1466668911166 62.137660453546 58.9416779708731 58.1991566948538 57.6727428470999 56.0468939548627 55.3754034196414 55.9798027499997 54.0847932952082 53.776636637655 52.9173903925038 52.4978928946133 53.5419447950672 55.8900602949961 59.0019619490922 58.8532058859457 56.5757642761608
86.5796754239579 87.7072863124997 87.5392719114796 88.0120258680376 88.0972421277498 87.9463207810094 87.7751457226486 87.3257750345842 86.593777151302 83.6111792152746 86.7299447787441 88.5438051877827 88.2701972500003 87.1971474157105 87.1362703011853 83.2295857188944 80.0929614417457 79.960753011314 79.8706941503632 77.0092518272053 76.6549772173916 75.4665077197342 75.6092285967255 74.0949032821426 72.8739084997176 70.0670608037716 66.7425306601484 63.9655113474367 63.9604802261043 62.0052724547919 60.0561464179573 60.3534901923774 62.5468562122043 60.4245593630108 57.1420067208736 55.4368324739767 55.1137269087357 55.019623494343 52.965348808737 53.5461800073531 53.1985407584826 55.6319452408718 55.4716980551475 56.4337122203333 56.4607316038761 55.0133643369407
86.9147463454933 86.2817170270881 86.0338623004608 85.4117868231009 85.0631986235426 85.7527233930623 86.8325946212536 87.0277562395397 84.6656067399557 82.0641075364798 86.9647881336094 89.3882226839138 88.5182838747174 86.6548742920911 85.1033997777746 80.3227407913207 79.4874363839186 78.3416035348663 76.5147702562637 75.2316756529159 74.9758503170699 75.090034533222 75.1983558713262 73.24390310305 71.307776323814 67.9244544758223 65.7105467841911 63.2886736119901 61.919168801384 61.7055408806572 60.221244584898 61.4276732857836 62.878222892574 61.8253269131087 60.4642968575669 57.8220111853848 57.1206252550679 56.1354219199964 54.3070984135343 54.5736031699257 55.8144623107052 57.3867917741776 57.2262063095705 57.6737334282229 56.4849547703324 54.770229688942
86.3074506874999 85.8288332480964 85.2882481930615 83.7361334488102 82.1825855001405 81.252378250587 82.120024413871 81.406793187499 81.1825636058109 79.2242076873584 81.4176393727183 83.7469678477431 83.2078877395392 82.342748551101 81.6114595989792 78.527671997192 77.7845986176299 77.4971347282252 75.2942330757596 74.0288725729597 73.4610150753439 72.9345990227202 72.2695506600073 70.0501726851767 66.9732914720842 65.8122404361458 64.6890151808587 64.3254635626411 62.177654231236 62.0886518865911 60.6125821875001 60.2551455183892 59.1645449536172 59.6420509897189 60.5970233124993 58.7834864041271 58.7464192796669 57.761546470873 56.179214542902 54.0254093806571 55.9128271931569 57.4405169554043 59.4692460173625 59.5256940247281 56.7226573922918 55.1866309548623
85.7388098747174 85.0635310322335 83.3489219859691 81.7473580232197 79.5369527239799 79.0479285667457 78.0563737144502 76.4070689782251 76.051747109306 77.1253007135198 78.7650828990244 79.3197264712554 78.8391090623583 78.8176099832184 77.5745068749993 76.2707783472246 76.8397339482418 75.3599529023515 74.1852762739638 73.1449214592742 72.6345814403077 72.4776010905304 71.6795549957543 69.4803688674736 67.8660488863145 66.566377636315 65.276201541714 64.1795549957543 64.4221584902384 63.2877180912349 61.4537401249298 62.2347916935369 59.7360318924335 57.7428718445571 57.5214242500705 58.4276245172917 58.6601115128133 58.7186649201381 56.773439868878 53.924352124907 54.6982296220702 56.9945047684189 58.3210405551465 56.2328128510145 55.2251920463825 53.6813035551469
83.6853713020392 81.704320535007 80.9742076873584 79.8555994926372 78.7350574300837 77.6676732151327 74.7587324513581 73.2294926523509 73.7873906181366 74.9453929909696 75.4720026076077 75.14783443563 75.4873368167448 74.9118020408967 74.0689704645877 73.8654778792457 74.9177911148145 75.9584338238143 73.8406663048516 72.8993300130923 72.8183307151336 72.4546585918655 71.8540213473661 69.4260945520402 68.1757955511093 68.7965706598662 67.2514565583046 65.4020581660623 66.2212879672669 66.6741674639213 63.3117665537361 63.0600429171372 61.5178780625006 59.7066703650597 57.883750594285 57.3556522963831 57.7404149879532 61.3406640494895 59.0933043125477 56.1689057311059 54.2394432673628 55.3711805133648 55.330736017433 53.8461950772762 53.3367046279297 52.654972580004
79.1795854157233 78.7713938489764 78.2673569010163 77.1961271160429 75.5222297893525 72.8094940842713 71.3824635372676 70.6206872613125 70.6330052529943 70.3982843258119 70.9909928752822 71.8362802067765 71.0841592154149 72.1756195394983 72.318408472928 73.1664455279136 73.200553661089 74.8661633691377 73.7932192994073 74.1339686949127 73.1102630000016 72.6401759430171 70.9174378967739 69.9849872092742 68.3643686182448 68.4901771657267 70.3482730754769 69.3918673031734 69.9414068178106 69.3743669243271 65.109952902352 63.366953792391 64.176720812219 63.4052777044203 61.9454220114223 58.6084019201388 58.158766629991 59.5324786308434 59.4488737444604 57.4577628528264 55.3718094708747 55.4009198572719 54.8700885828634 53.9219144560262 53.6002125664179 53.6385649448532
76.2080677151333 74.9927945750847 74.3040399997178 72.6254462845837 71.0106667957758 69.8527936601488 69.721510102097 68.9968994098667 69.9624299935337 68.727027343662 70.5236881136852 72.38893031171 69.8164018011855 72.8828043602941 73.4457194294664 70.8065734697343 71.0711818701819 71.3698498476482 72.6738898473659 74.4409679291949 74.1465597498582 73.3274347056423 70.8493829723667 70.1748465350078 69.1209963083039 69.4696866202315 69.410557571369 69.6713203906288 70.1206872613139 68.5127053818701 65.9035781145402 64.0387793701654 65.9613045927663 65.7696207457544 63.5694976271767 60.5963973416277 60.605504339593 61.4486396470821 61.2705205449968 61.3058629067026 58.4370072324269 56.7577935122153 55.6928726074966 54.1080786251413 53.9195006254407 54.169263982567
74.3724050217742 75.2449054061626 74.1567157601848 71.1634009488143 68.3995439239577 70.8290899072343 71.8489525893099 70.9431233250852 68.3779657774927 67.5033394846686 68.1810477152744 70.1450211859201 69.1933307151337 71.7267021598664 73.9189922480161 71.0214592441403 70.1995800885809 69.7485005375484 70.6022077717739 71.6115667402375 70.9977057352939 71.3468383639868 71.951448310394 71.1068212239797 69.88266190947 69.0940959198877 68.8871772036097 69.194224216171 68.0195506600073 67.7003577289693 66.5236079377824 66.8983632352949 68.2836722558599 67.1015673472258 65.780381378857 64.0707902967425 65.5279722539946 65.2263676507807 64.7499477847857 64.9020320590203 64.4635933602952 60.524673140977 57.5519409708735 55.2274558911178 54.5995204600396 55.1778123125005
73.9282585970841 76.498127097084 72.4807516180268 70.2549484726485 67.7391184078521 70.401786893623 71.830292761314 72.1746256345288 68.7702221727942 66.7672075611458 66.6697321614801 67.6801666875305 69.3366550622178 72.2401771657258 72.410632422737 69.6400470976486 69.6306048350792 70.8212451481246 68.8922314725075 68.815641779026 69.1186235347252 70.3641304331549 70.2552780465239 69.7769795240783 71.0769997829932 69.8386558789177 70.0563166071435 68.4853173823091 67.3019655147056 66.7648925053177 67.32158626046 69.1966820755921 70.4534293401337 70.2984746510203 67.979653410126 69.3297545967257 69.0422620239796 69.6482107354928 70.7807421595841 70.5070960489236 69.3525240348668 66.2494374808126 61.925163432511 59.3742715799336 57.7240193364662 58.1742661249298
74.5776882100487 75.6755484677651 72.2974868751404 68.6512775947339 66.2185836864317 65.7826080322266 67.0173662851482 68.0235782238382 66.8450142226484 66.9873386023791 68.381687937218 68.2900844023517 70.699893827351 73.5865695957835 71.2165586597403 68.8314090947341 70.0034666988143 69.720543284611 69.39953491148 68.6558737623295 69.135675129246 68.9231988602946 68.7644335291024 68.9066054231989 68.7838427497175 70.2211070972251 71.382914250141 69.9555333179704 67.662765214852 67.8208977650495 68.5910224376419 69.516475090275 71.403494175198 73.5730622281078 71.4905062188957 72.8963654338265 74.2921371832544 71.6396948013847 72.3117392613155 73.3399164101268 75.5230625217751 74.1362212135211 71.0003981186961 67.0438113532277 64.4779947073821 64.167391178737
73.9284660464393 72.0077389651328 68.8370066490361 67.0675668172681 65.6298203554118 66.0919644234699 65.7493985729605 65.8743474427343 66.8821780104609 68.5668276000527 70.0873947187544 70.3464032177664 72.2341874100339 74.0055476914169 70.2228192776791 68.3291857223664 69.6400470976485 70.7282015816346 69.8366550622179 70.4070619586792 70.5780685219845 70.5779580351491 69.5010560092855 69.3283104770391 67.5529654089811 69.3637642660784 70.3366239739794 69.9649102446819 70.3060087177658 70.2969884488986 72.0196207457544 70.9024001832548 73.2748224808503 75.0013358110122 74.8074585071146 73.797527347508 75.5059065345844 75.4442494559258 77.4270309098669 78.3548070272948 79.3944158473667 79.2419509372184 79.2832632170076 76.5861326172233 73.7106259286327 71.4496128401355
70.4660501090241 68.3625821875001 67.6868339644509 66.0468764388695 66.4636627777745 67.3739084997176 68.7813873752829 68.6109542081915 70.8773191874997 71.4381805627818 72.5453414081345 72.5440394424702 70.9633495540543 70.7492185973664 69.2641375777783 68.9323158748593 69.0865990511858 70.8489747547261 70.74596305204 70.8747531088565 72.622179350861 72.9993985729605 72.543373203942 68.5742372497181 66.9908413761755 67.0954513045313 67.9819871248588 68.1582526846123 70.0931663401334 71.2384999672887 72.6418487974509 73.754403056641 73.9016697206273 75.1965882652783 75.9214637722744 76.5194482059216 77.5513703427663 79.1699582050634 80.2753817092749 81.3390761351056 81.5473223174711 82.6264233020407 83.7505460842751 83.7678665416003 83.313106552324 81.1898243127842
70.9888317690477 68.9695693123593 67.8099357758785 66.3380117982686 65.4896006614806 66.7579730097616 70.8037081979582 70.9973359739827 69.3377763075277 69.2863762197335 72.1736868909741 71.4074035336922 71.0315489988667 71.1114906872177 71.183232090133 71.1125567508516 70.1211430276355 69.5858390290267 70.472980000141 72.2537221597256 73.8883916033194 75.1472406467728 75.1662876280816 70.6489397395427 70.1264233020426 68.6761795278851 68.818671901024 68.9029739301258 69.5253817092765 70.7193784886878 71.991221676243 75.1850799726482 76.1714342827116 77.2450515273526 77.7476479886757 78.517094651627 79.7913107152746 81.3495649257658 82.762727910149 84.1889857513194 85.2348104353384 85.6670447168101 87.7971167441433 88.6267139298508 90.5026179232153 90.1205219994192
71.5076412080035 69.3354522977943 67.5767014130594 67.9598353016551 66.4897665623592 66.3637243708608 68.4325855001405 69.2907065019029 67.2847345143278 68.4440870973662 69.8850767306706 71.6684551188539 70.2375469675898 70.5126113847612 70.0721876874995 71.9154795654982 72.1951442907259 70.298843102478 70.2483529205092 72.3302678385197 72.1942784348946 73.4080613470839 74.3525856327323 73.590514080559 73.0201972500003 72.69268977673 73.234171499718 72.7644849917529 72.2919322848667 73.3460316119082 72.6797287162481 74.8065734697343 76.7939987600441 78.4884594052658 79.5080801510202 79.3907420604902 79.8521828489802 81.5547195135503 83.3891355729601 87.2101820042453 90.3833836219174 88.4155325485696 90.9860919596408 92.6000295623597 92.730218153306 94.6184367608391
69.6149232693295 69.165786876484 68.6275597906955 69.4609596468585 68.2130472760201 65.8290857667736 65.8244819522056 66.4809502613143 66.5376453819619 68.0975693967744 68.3756579519273 69.030430687641 68.4394487223668 68.8688570963983 68.3456608126414 71.0213523598097 73.1133635901337 70.9367852390982 69.9609645768091 70.6723520624998 71.9741475446545 72.4082164895397 73.3604983183589 74.3243887488248 74.0773721467741 74.2254180899656 74.1934265302657 74.2023078567773 74.2637641784709 74.9124287225079 75.5689522847256 75.7434887220845 77.2864420670706 78.6784565963293 80.2701972500003 81.8119366328243 81.4953616250005 84.2586619832199 85.9432363748607 86.671911943361 90.0901046578533 92.3468294367715 92.4988455996361 95.4451692135196 96.64953491148 100.971829740238
72.244760197961 70.5502263673829 70.2903945000006 71.1751845918663 68.7071514998591 67.5691194559211 65.8209256933595 66.4968994098667 67.6869945694284 68.9694688066411 69.5231305527581 69.7736251756871 71.3007689157268 72.7986018254779 69.9099093272063 70.7034518684124 73.2199799157257 73.52655338546 70.8021011382828 70.1012558752827 70.5729276009638 70.4223520624998 71.0627356524924 73.0486871479033 73.1400470976485 73.0690741709175 73.7428671524926 74.8802524150737 75.8429928334507 76.8671956397059 77.7902873587422 78.2263118863149 79.6923197971917 80.9409942008363 82.137963896775 83.2217053143694 84.3279237282263 88.539913358369 94.4914722940797 93.516475090275 94.2479250011323 91.6928189377813 91.6603619565456 92.0808421928125 95.4024244377807 97.8125803785721
76.9774835624999 74.2655879294662 73.0126936032268 74.2138657341644 69.7655837977948 67.6591004796839 66.9337781744105 68.2401771657267 72.1479467200946 71.841333909588 73.7498471266008 75.0153438364101 76.4195865904174 75.0057574212039 73.3755117773553 72.8962715431279 73.1350458310053 73.9575621032261 71.5704145842767 72.2719150104624 72.1893775888822 70.1789577208854 70.4705509227946 72.1390388272619 72.48152051046 73.2096967309423 74.3383230667476 76.5741436428579 77.7239873708617 78.2754822149933 79.6735507707486 80.4518665348676 80.1406936876423 81.4603708501128 85.0971985975077 84.5463644180861 87.0018729029161 92.1143552907219 96.4622123735348 92.9359664739739 90.0707173869005 86.5658502197304 85.8519374782224 85.2194878376614 87.4856128011804 87.1944987121617
76.3931476877818 74.041481722988 74.2338600277748 73.3981895148011 70.7280485258374 69.2292216527754 69.8134324976465 69.656077277634 73.7868623790089 75.8458516363142 76.37701847398 74.9815059832272 77.7713689261854 78.9053249294658 77.6310616770402 75.9924259781649 73.8573913648229 74.9037580901343 74.5185156846127 75.1497008123591 75.9617127510109 73.6458466826748 71.2615015972257 71.4623717070583 72.9537394377826 74.1437552802662 76.4285834738275 77.9324506874999 78.5769013919145 79.3556495477946 80.2926794062921 81.6653379751128 81.4971043082544 81.2836021789017 84.7540618707536 87.0743865895914 86.9988524886854 88.2304493399927 88.1873369249155 86.662118624859 84.7167819459459 82.6512385972253 82.1562120902746 80.555024101814 81.2813469029152 82.0866811023781
74.2165077197342 73.4124690855218 74.2269070582541 73.5791857223664 72.7357326664543 71.64953491148 70.7099832466929 71.3546679373591 72.502691551281 74.6089355130917 76.0766912498584 76.4208510762171 76.4614784029154 76.890171922649 77.8198684999998 77.5145016816411 76.8413024340562 77.9953616250005 76.338563637562 76.37298152602 75.9665077197342 75.5173147024042 74.1610568385209 73.7057433845299 74.6991812386859 75.9753235329478 77.0166089424631 77.7465893122178 79.2936660978471 80.2841528473663 80.8701542207069 81.2295621791839 82.0015377848662 81.3108105019837 82.0255745024643 84.50333541222 86.0349724700507 88.3851235477938 88.7385810737568 87.6882116510204 86.3126676093073 84.4739677760215 82.7129919332557 80.2073616419152 78.4792013229602 78.7667423298301
74.6173958475076 74.1515737152749 73.9248465350076 73.8220528748589 72.899389340416 71.7098812907256 71.9511472081452 72.4630472760201 72.7942514723664 73.1528014024925 74.07794865102 74.3168525228462 74.3816319261857 75.6787496729699 77.1286655534707 79.5465706598663 80.8136923401338 80.3220528748589 77.5353056705132 76.4634155331918 76.1602443476487 76.8974148811228 78.2059238126414 77.7217635642054 76.4713074026339 77.4113555472222 77.8725135285378 78.6437552802659 79.8244778205338 80.1524306032257 80.4798027499999 80.8378813751411 81.2199799157257 81.295153160408 81.7181714622611 84.0198195033072 85.3005700267103 85.7999813476485 87.5167773683091 89.4143029997179 91.2996393076595 91.819659211865 90.048484035149 84.6763107227062 80.5876117498592 78.9535644469721
