DATA/PredictorVariables/Future/2100/prec_ver_71_00.asc
NCOLS 590 
NROWS 274 
XLLCORNER -7.522276026 
YLLCORNER 35.996888128 
CELLSIZE 0.01 
NODATA_value -9999 
[rows 126 to 146 of 274, columns 384 to 431 of 590]
41.9793653869463 40.2999945449952 39.6126995167051 37.5126501523546 36.1652067047913 35.372412205499 34.4748410800038 34.5925423316166 34.0015502950661 33.1903649376403 32.3279486510197 31.4208033312081 30.8729291296294 30.70987888571 30.3039302639633 30.0991205330808 30.0780839801988 30 30 30.0983849080609 29.8314146272988 30.2085922467095 31.2239881124104 31.1853424104548 31.4739081940398 31.6813038987196 31.805086228102 31.7938860862201 31.8198684999992 32.0147822718972 32.0069302346903 32.1034699917538 32.3493151721896 32.5159383901287 32.4815236380102 32.6120084318429 32.8775981145649 33 33 33 33 33 32.9981389201372 32.945085961324 32.9835374199249 32.7450883259347 32.5465831700663 32.400927812429
40.3062434124429 38.8487442005096 37.9613263880098 36.7662867893503 35.1628271931569 34.3625967147328 34.2707955494897 33.6679034450644 33.2725164375 32.1893809221905 31.6997802607104 31.0248356249998 30.0904403622636 29.9388165499229 29.782608463087 29.6490651687916 29.9369539062852 29.9423579749717 30 29.9351525500564 29.1940980437917 29.7785683875769 30.0042232498502 30.1708033312082 30.7306759123295 30.3577572374934 30.8586241439836 30.8161357374227 30.7388091875703 31.442465787188 31.4242147061375 31.2459599244899 31.1708033312082 31.9291888870733 32.3827232561862 32.5991224404296 32.8906796129265 33 33 32.9924936046371 32.902427854637 32.8679042080039 32.6558941744898 32.1907658679819 32.12298152602 32.0207862200374 31.9249446357106 31.8764475022992
38.9778697798763 37.1149013749999 36.7714242500705 35.708808043367 33.9152067047918 33.2116804988672 33.117085749859 33.0628489260101 33.2369651952685 31.3607600704974 30.3213226017122 30.1050761357108 29.8545200762844 29.7569317984656 29.2153648997448 28.9279474687146 29.5929574729556 29.6775990694933 29.9399567392892 29.5127060690173 28.6224074267891 29.0554306497449 29.7163969444704 29.7748356249998 29.7810690612476 29.7904202640342 29.8152410182276 29.7546126109659 29.8337064869903 29.5593464622681 30.70900720051 31.0120092705746 31.0900657500001 31.1876378953631 31.4457216803886 32.3382046701375 32.9927945750847 33 32.9423579749717 32.8217295798624 32.3757688924331 32.2186345190467 31.9639735625705 31.8934150745811 31.8919210312852 31.8516713440055 31.6043462061377 31.6242295437919
37.205087410408 36.4485347406177 36.2084334448528 34.0715945857906 33.2655865463829 33.6863756753826 33.5854550463829 33.0372710148411 32.469031301526 31.1118117312918 30.5572815878745 30.5863329874229 29.8186349005165 29.2102407999935 28.3164571250705 28.4991268376703 29.1381882687082 29.4096816250628 29.3844633250064 28.7652083064632 28.0341637937918 28.5754639062147 29.4658296067952 28.6509278124294 29.1167780933524 29.4462820750771 30.3623842667476 30.7360334562083 31.2826150625001 30.6948345727778 30.8100432607107 31.1267127248221 31.800220082863 32.2443196904298 32.1399575022287 32.4659370916271 32.9431859682388 32.864901375 32.557510830204 32.1489639397993 31.9924939482107 31.951964291996 31.7984988512793 31.5191691828537 31.4105067854557 31.5676640565539 31.7615464708729 32.0150100421371
36.4459606874294 36.1973057158775 35.7751589199963 34.423614842873 34.3245598575674 33.9109390395722 33.5693726497043 33.0225164375 31.7072379669894 31.7898460107105 31.5653689152199 30.3718331734655 29.4318781520441 28.5479245979556 28.0484988512793 27.9727522299012 28.204967125 28.1967682523469 28.0669767770443 27.9565197339639 27.9855894937429 28.2869542877549 28.369977129241 28.3441058255102 29.7999992370605 30.0779470872449 31.5206943204973 31.8859174267186 31.8198684999998 31.5652075435236 31.0683197687082 31.3279470872449 32.7763859200664 32.7763859200664 31.7105559318016 31.8611670486476 32.5592376254403 32.0518552812851 31.9495630563135 31.9226737937212 31.9658362062082 31.7165180310097 31.6580716063622 31.2012343624228 31.5018626436377 31.9870838806124 32.0882046701375 32.0773246425037
36.3591158676473 36.2244755317155 35.7315236380101 36.320087284361 36.9601543328631 35.7220798187638 34.8813639550744 33.1475164375 31.1381335807123 30.6832211437081 29.9796180118845 29.1201750499933 28.5465816062916 28.0340084505414 27.9891309187917 27.4457080624921 27.9369539062852 27.8703054436864 27.6524765437209 27.6399812932223 27.9272051576357 28.0720525312854 28.5155362935241 29.0857769211227 29.6438849039152 29.6149013749999 30.3814604920022 31.042433702376 30.8799117607106 30.6078584664858 30.8573953232106 31 31 31 30.9279474687146 30.8019646734657 31.1612013241873 31.1830232229557 31.7344098196116 31.95900720051 31.954967125 31.5006985163105 30.9734434869899 30.8101543707592 31.7540400755101 32.065590981224 32.2234434869899 31.9734434869899
36.8791802673624 36.3721614879109 35.6273191874997 36.7345666540755 37.2561886700661 35.6100891229738 34.4748756395343 33.0023191874997 31.1972277616167 30.1576150625002 29.3496519822484 28.0554306497449 27.8123624482105 27.5856440601766 27.532341676789 26.408778285861 27.4203320247447 27.1695204822482 26.6241283147995 27.2095797359658 27.967204509388 28.3354531390342 29.5298019870603 29.2416088404558 28.7652083064631 28.9189406875705 29.0322933312788 29.4645944435367 30.093155393708 29.6732865122384 30.233849424923 31 31 31.1260921874296 30.8738000003541 30.802490581279 31.3167788562919 31.4534183937084 31.8792575368348 31.9639735625705 31.6779474687146 31.0203819881155 30.8546675937855 31.8087002690468 32 32 31.8975164375 31.6745360937853
35.681303555146 34.7995416351391 34.5573142558425 35.612157749416 33.6645726249975 32.8005672308428 31.4009290445194 31.4381812499275 30.8683061505144 30.3931483749274 29.2655765624906 27.3683127499283 26.7857047062075 26.5294418934801 26.4981373563622 26.2186345190466 26.4425493125003 26.7699446250634 27.4947263250068 27.7117418399716 28 28.0341637937917 28.2459599244897 28.1425834464291 28 28.5184763619898 28.81350923699 29 29 29.4660485452493 30.3920304234659 31.0420300419962 31.3077237296385 32.1143030755118 32.6688006771512 32.4289594448555 32.4323158748607 32.4128022703646 32.5390199409822 31.9411014666277 31.4670857877555 31.7704362570412 31.9180128372451 32 32 32 32 31.9180128372451
34.5784168299333 34.7875899313225 34.6632936830233 32.6803921394027 30.7973520624998 30.7332687262789 30.0189519622675 29.1813038987205 28.407859610895 27.9162935130097 27.2466600045755 26.2615461272994 26 26.295153160408 26.2234434869899 25.9939960518599 26.7199775107107 27.2808300542069 27.877020037755 27.7927731146584 28 28 28 28 28.0720525312854 28.4875821875001 28.8975164375 29.0216159311724 29.1080789687148 29.9239843191034 30.6673919562789 31.4795098560946 32.9770254548629 34.2701972500003 35.3239858449823 35.3382046701375 34.3783852511329 34.2301260449962 33.7706343951777 32.5957285043678 32.0720528748589 32 32 32 32 31.9639735625705 31.8270739249151 31.7673295732105
34.8502991876408 35.7947595759347 33.542525548718 30.1381335807123 29.7173849374998 29.0049601062209 28.2024757807815 27.6596125187785 27.257129719218 26.5124178124999 26.3150321880588 26.4440980437917 26 25.9639735625705 25.7714242500705 26.0112714599581 26.7634616544191 27.5627387807819 28 28.0970506483069 28 28 28 28.0075060517893 28.4823449268332 29 29.0150103857107 29.2905256786358 29.844678360966 30.9750440895923 31.4387822791275 33.0251089240651 34.2819911597444 35.5225164375 35.9187111994628 35.3608612994898 34.2896050963211 33.8839514926471 33.1265519841136 32.6427708496323 32.3654751306572 31.9939960518598 31.9249446357106 31.8558949374293 31.7973520624998 31.595850913779 30.9967690531826 30.6978229874935
33.4468869739799 33.0568140317612 31.4653648997449 29.89767421148 28.666423389922 27.4313038987206 26.8198684999999 26.24595992449 26 26 26.065589417449 26 25.9474610732107 25.6859166637792 25.4411018102007 26.3024391222105 27.6583855187083 28 28.0072054249153 28.2285757499295 28.0144105062571 28.0360264374294 28.0432315187712 28.1422427625065 28.8648600290995 29.0144105062571 29.2844777061377 30.2419971184521 31.4161649562084 32.8350446999437 33.4770254548627 34.8681323218174 34.6164112190666 35.5484442499294 35.2862030130958 34.3829142501411 34.0715382423343 33.3071273925036 32.7353978126411 32.4919198489799 32.1257688924331 31.8105547494964 31.4782540187082 31.16397432551 30.8975164375 30.7192070545025 30.8120088512087 30.713045712245
32.380730562429 32.4608469183581 30.1071219374994 28.4058156729266 26.9845631192053 26.1167640186376 25.9783840688276 25.9909935624294 25.9783840688276 25.9369539062852 25.9369539062852 25.778299533735 25.535704706208 25.406844606292 26.4210767169193 26.9131869120753 28.0150103857107 28.1426046767894 28.1829045013229 28.7765565130101 28.2937566254532 28.3365997737209 28.4129261897766 28.7921411520445 29.1656936497453 29.4558749067387 30.6593359505105 31.561180720038 33.7476808125003 34.4812882649747 34.6339514926471 34.2188327833726 34.0965473686482 34.5785469505094 34.3940145187754 33.4867329846903 32.6614418950031 32.1535749869901 32.1645449536172 31.9376475813236 31.6149013749999 31.081987162755 31 31 31 30.9658362062082 30.8906874318018 31
29.9059215022985 28.6674643479549 27.2546383749995 26.7107522887789 26.0526631897762 25.5664025237206 25.6914611026495 25.7788757005098 25.6914611026495 25.4428484622448 25.3752991497447 24.8170096346102 25.1012565624298 26.7485813188279 27.9928558624936 28.0996399443162 28.4465959874233 29.0183346063626 29.1731787000221 29.5347990937857 29.7446185127902 29.6773557686384 30.0213999631662 30.5102848564338 31.2891674999304 32.0517157061234 33.2273487498594 33.9597506562939 34.5012270000702 34.422083455499 33.7869301425032 32.785392357637 32.2986971217077 31.7725164375 31.9699775107107 31.9233955608455 31.6486566268663 32.5349342499999 32.3682628406438 31.5540846928109 31 31 31 31 31 30.9849896142893 30.9759831767187 30.9249446357106
26.0589994187915 25.2732868937082 25 25.1366473562917 25.1567689005947 24.8397440187787 24.7048370748805 24.8018552812851 24.5995898395317 24.3348788857105 24.1475164375 25.1663698198101 26.8140833362209 28.0457201545097 28.5958251497455 29.8517048348987 30.9301053923931 30.9041238198537 31.4849586524752 32.2586274201088 32.4447822496887 33.5969738458736 34.0614181633037 34.3920285161171 35.1963163458726 35.6632979392276 35.1027842760197 33.8854594812238 32.79099279949 31.8549555067294 31.4260914244901 31.0560031852007 31.3010068560506 32.0776479375002 31.9714312688495 32.3363310800743 31.5294418934803 32.0934771249294 31.8847768937787 31.081987162755 31 31 31 31 30.9279474687146 30.7335355125769 30.5160139255444 30.3161357374227
25 25 25 24.9699775107107 24.7510465719585 24.1108612994899 23.9482758973502 23.8354531390342 23.5593088686609 23.7210406257 24.4481447187148 25.9672158378745 27.4624248312788 28.9008731244336 30.7826150625001 33.1501086671372 34.8380664372273 35.0003232949963 35.2032426946698 36.1276424824962 34.7840934673061 35.9667508577078 34.9229581816042 34.1540158923624 33.7459552324256 33.6213633441314 33.5608620624294 32.8465552334957 32.5548581142892 32.5631313406438 31.9849896142893 31.1358690812082 31.5929454827185 32.8348785421371 32.3418108382691 32.1893809221906 31.2351098996973 31.82390857551 31.49595992449 31 31 31 31 30.9279474687147 30.3643288395442 29.7153648997449 28.9163973638363 28.9243721002549
24.9909935624294 24.9099342499999 24.8414844311722 24.5301092999932 23.6630995994051 23.3400657500001 23.3167788562919 23.6917788562919 23.8993385545027 24.4052629510232 25.2944603395442 26.7815268526496 28.0710152887793 29.6914425978378 31.8227365203632 33.7507688924331 34.9430721659026 35.3135369083722 35.8092562620463 35.6963163458726 34.3630581313513 33.1743705364798 32.333404280152 31.8596134939781 32.0052124742303 32.4988625406728 32.1911291380095 31.703301959003 31.4024765437209 31.0539965960385 31.3585342371334 31.1002995312144 31.1088073183237 31.690041986218 30.8340263813196 31.2046453937785 30.5898131250629 31.0338420625703 31.0788749375704 30.9207420437993 30.8288749375704 30.8558949374293 30.8739078125704 30.3478163501842 29.1220455125063 29.0776479375002 29.0405023122169 28.1475164375
24.7863817522991 24.3123624482105 23.8401969286353 23.1004635247449 23.032795490612 23.6329145937146 23.9711789874859 24.3614900000706 24.9568297686377 24.7267131062918 25.0341637937918 26.2516709625358 27.9835355125769 30.7028377817101 32.5906590138514 32.6859968750698 32.2553814872098 32.4677082324963 33.7771512701799 34.4260867324256 33.1736563320424 32.0102337812143 30.9362666267755 30.2544387128791 30.1708033312082 30.2739077746743 29.875 29.8205313007671 30.1714803772993 29.7842419140339 28.826914755105 29.3591419752545 29.1293432028338 29.5502437854553 29.0702168992212 29.7332687262789 29.9232349029795 29.787473984884 30.0433119869897 30.2910036927173 30.04099279949 30.1819875442247 30.4260914244901 29.3981451380808 28.6096904645446 30.0150103857107 29.6836030176334 28.4526479375002
23.8454542924631 23.3307375812081 22.4525851729621 22.8374731767892 23 23.0894932145443 23.868821165102 24.3660481637793 24.8614353987206 24.9819867812853 25 25.9136243625136 27.2655846390344 28.6189305572826 29.5831339515345 29.5710152887793 30.1016158548785 32.5138653147991 33.8092559184727 33.3475974117302 31.6286464043911 30.2944603395442 30.081987162755 30.0792579562007 30.4323158748593 29.8260926067954 29.8795032187853 30.252912724468 29.8540322937916 29.6580716063622 28.8762769255448 27.2646018437854 27.7182662630179 28.0018626436377 27.9453398064633 28.2301244812211 28.4217696504278 28.5290776654081 29.0776479375002 29.0834812060509 29.8018552812851 29.9594976877831 30.9099342499999 30.3285196227007 29.8978179308311 30.0683197687082 29.7252190629959 29.3164571250705
22.6307167173009 22.4647923642881 21.7724137313779 22.6006209188621 23 23.0791966687919 23.9508727587631 24.6718901024075 24.5559019562087 24.9180128372451 25.0270196562854 26.0762761247092 27.9192624187923 29.3985055752343 30.2155222938615 29.5015487312911 29.9478163880795 31.3034040125755 31.4665238108188 30.9909452169196 30.8347920750072 30.3118670955822 30.0675493125003 30.4628175984317 32.0727617867294 30.3639735246743 29.9930682015347 29.4577309509638 29.1200882392898 29.0334867477006 28.7782959058317 27.895496399745 28.4771391408573 28.2840625647997 28.1741275518606 28.0640833362212 28.1079695765341 28.202772200487 29.6772638232093 29.0230998661827 28.7453873890336 29.3043877117919 30.2673295732097 30.3907808419187 30.4324179049847 30.1125821875005 29.8147818525313 29.0860256744901
21.1366473562917 21.1366473562917 21.032795490612 22.1558941744898 22.9039303018598 23.1224074267891 23.6112762532901 24.4982890733068 24.8724074267891 24.9639735625705 25.122979962245 26.0323359813422 28.1622534374996 29.0166367523468 29.1714233562916 28.7424939482107 28.9441046432048 29.6605067854557 30.4297517933854 31.6798097687788 31.7369003626987 31.5431702313623 30.3704967812147 30.5078259623079 30.4872604562787 30.16397432551 30.4767131062918 30.4059714439623 29.7357195438624 29.0378887374936 28.2534176307689 28.0776479375002 28.1900661314698 28.5826080437211 28.7132835745809 28.2711028624226 27.8596277000064 27.9120429191617 28.0807375812081 28.2703050622166 28.1152231062213 29.2129156621256 29.1798097687788 29.9512343624228 30.568197537464 30.6352350566578 29.6339518362207 29.1674403017892
21 21 21 21.5720525312854 22.4186337182111 22.6692624187919 23.2754709249937 23.6216159690686 24.3111834500771 24.8432310994053 25.0720525312854 25.7570203432266 27.1248648437858 28.3602630000004 28.840878319053 28.9410005812085 29.6720529127551 29.5807375812081 29.65470603981 31.1056744352002 31.8916586416363 31.2707955494897 30.4670857877551 30.3588865336324 30.0484988512793 30 30.75 30.9067033031825 29.8533552477005 29.3879903479557 28.9681214664862 28.7973520624998 28.3778388394735 28.0664025237206 27.6272481515685 27.3273487877555 27.7996454859659 27.4752846604081 27.4474610732107 27.7136255069228 28.41397432551 29.2304807000572 29.1010360602007 29.2869542877549 29.9302626786354 30.4116226657712 29.2516709625358 28.8291966687918
