DATA/PredictorVariables/Future/2100/prec_oto.asc
NCOLS 590 
NROWS 274 
XLLCORNER -7.522276026 
YLLCORNER 35.996888128 
CELLSIZE 0.01 
NODATA_value -9999 
[rows 147 to 167 of 274, columns 414 to 459 of 590]
75.3992361757658 73.5285577847251 72.4395212997743 72.4851281873592 72.2169239746897 72.6987909651339 68.8248824654162 63.9807287981646 57.6063935174335 52.6540829496445 49.3690843720707 46.3018907180141 43.3613049345706 41.9179867296374 40.9223824635908 40.2629490680219 38.7944345755102 39.367769395363 39.6253933275453 39.6137293198529 39.6397093286172 40.0018359756376 40.6847422036172 41.4193889600392 42.6397093286172 43.3085376771489 44.4716980551473 44.0309397899609 45.8031130260201 47.8539314083729 49.8923789767799 50.9809498823528 51.9496523637181 53.2984991948528 54.4060051304455 55.1974607296371 55.6299114171371 57.1806095140819 58.4722963546371 58.9667482817612 59.5259827573528 60.9875345017986 62.2263364301471 61.5588985333728 61.7090165299625 62.2927413588828
72.8341935135495 72.8204450042457 74.600921307358 76.2528956917456 75.8258555071033 75.9878579782262 72.4566848854602 67.6674771643567 62.0661868126422 58.0817699745473 54.7528177675045 50.5061150743778 46.8947391423632 45.5422555798632 43.8800228869483 42.2851220452087 42.3177971749162 41.745684919997 41.4757984547927 41.3944283575672 41.317091204863 41.8077192945007 42.6571569548631 43.0683407864099 44.3531176422924 44.5977858074403 45.9409990174334 44.9972720136472 46.4459606874294 47.3506224826373 49.635774193962 50.5555896076373 51.9952711567017 52.9419152327076 53.8437005689767 54.5335187675739 54.9152067047918 55.7838420625704 56.9996767050035 58.6921807121583 59.5217475450669 60.4790052933673 61.0897424550036 60.8596289202079 60.450183593706 60.4565174200666
71.6462159826547 72.501872902916 75.009104881847 75.0954855276331 76.7208390351479 77.670448847156 73.8126351467745 70.6179394788905 67.4127745989811 62.4854185053186 58.3989366119906 54.3288451959578 50.1495103676479 48.8694902833736 47.0688015158812 45.6448965364805 46.3810492200378 45.5669510130107 45.0004389430167 43.6679867296379 43.4994017005106 43.8535605355497 45.0467537630104 45.5842802426476 46.4607280885204 46.8073812153437 47.2026479375002 46.0332313060786 46.6067966801476 47.2886736119902 49.1708969486162 50.0785192791271 50.6951515587367 51.2869527239799 51.2632746268941 52.7546107036173 54.12298152602 54.6558941744898 55.7858055916268 58.8711351548213 59.6922762703625 59.7353508140865 60.1356969244895 60.2217225989795 59.6702153733422 59.2523191874997
72.7436293373076 73.2043656979604 73.9056044081349 72.8254635626411 73.6062804083519 75.73699765482 75.5823267848673 75.2810047002261 72.6012558752827 66.8713343651625 61.9941339377832 58.0691061365233 54.1829492675047 52.5261156076381 50.2571733183964 48.7779766875007 48.5866081938369 49.2801610623598 48.9342073558134 47.526426392434 46.5584073751417 46.6007645113817 47.0347994373593 47.6911903549618 48.2217530000709 48.3416292438931 48.516785875071 49.2352969434114 49.0602684550044 48.7037401249298 49.9528053316176 50.2428546422921 50.5008747261048 51.0630457501412 51.9687024058688 53.5559003924333 54 54.0216155875988 54.9105683297924 58.1088088820988 57.8788694825664 57.7763859200664 57.8717241248584 58.2027827501408 58.3003600177877 57.9673849374998
75.4120101093064 75.4924963532257 75.4859155572657 73.3175243897087 74.5057360407301 78.3718139815076 79.8025365217745 76.6392558583683 74.396639219735 70.307120919518 66.96474011369 63.4443054204239 58.8891110291307 55.8764201744925 54.1685632338862 52.5906145828665 52.1316177779165 53.9509025056596 55.0845010884524 51.948009562503 49.7349622864827 49.3339325305749 49.3833531931593 49.7306992949389 50.2263115073547 50.656333117508 50.6737722369916 51.8010058451379 52.1714428081853 51.0120925551507 50.8540385496313 50.5531130260207 51.1233174682395 51.632205681844 53.1949141154715 54 54.1350986250006 54.5847385317174 56.5080801510205 56.4295629421232 56 56 56.1229815260199 56.6818769318421 57.0286475866957 57.2049671249998
74.9647006919779 74.8083669027741 74.5979976171757 76.5232978401336 79.1854164649926 79.2136424479594 79.2505810972244 77.0648474499436 75.9236202220847 75.5781710767869 72.550046840417 68.3567668457838 63.0883783361286 59.0584073751417 58.4040088077229 57.4133986074973 55.6027653683271 57.0782820172927 58.9133213380249 56.0661868126422 53.5031410625009 52.0917065133655 52.1627520175044 51.945851311438 52.4698919202083 52.9687024058688 52.7487729999298 53.5969790436541 54.3984875300623 55.0580847672924 51.809717023896 51.5832430001415 52.0708111129267 53.0487675449258 53.9180144010201 54.3062236874298 55.1552958750004 56.7540400755101 57 56.2072061878548 56 56 56 55.8866489200668 56.0690710433674 57
73.8544570804876 72.6725974332551 73.4687992270628 75.9572863124997 78.8499190042449 76.8318784577215 75.8931787760203 77.6914419106907 79.0762059677661 79.3865965969775 77.3943200322347 71.5141490039185 65.5594444931153 62.1073673082548 62.6858748087378 62.8971939287368 60.7620780279153 60.9462668792469 62.5634947097573 60.5571499739802 57.7101543328631 55.5990628581184 55.1212329666275 54.044782974732 54.2597979114804 54.561180720038 54.4815236380101 55.9214807208729 56.934868373953 56.7055408806573 55.4230813234753 53.8250280364807 53.1921407705748 53.8556522963831 54.4803515828634 56.2268852630106 57.0900657500001 57 57 56.2988448366967 56 56.0120092705746 56.0450328750001 55.847572145363 56.0956138140869 57
79.8844971979606 77.5034511601498 76.433807667233 75.4040681877831 76.197563277917 77.157068595834 77.8556246250009 79.5890816479039 80.6245537154163 80.9674668990368 79.9360380345846 75.502494472508 69.3776525537725 65.1521952848671 67.4295872013594 68.0534589024934 66.911825730954 65.9229986524928 64.2126646009634 61.4729800001411 58.9068461700671 57.6596413560948 56.9916269550748 56.8308211065201 56.659254153153 57.3836592858892 55.3680424375008 56.3620863372046 57.6668804674934 57.2735583720707 57.4308647112163 57.5378022703633 54.8352291106747 55.4296356497047 56.9428726074966 58.6099899578628 57.6275922296373 57.0540393125706 57 56.6387223389703 56.1125821875001 56.2287880889704 56.4226251046373 56.321691837204 56.1306453155002 56.902427854637
82.375544041711 81.948629657232 79.036785596388 79.4705768733009 81.1067963011874 82.3025351386918 81.8926022717749 81.4572717852673 82.3342798636873 83.1791927564492 82.4936438645409 77.852182848981 71.9584089010225 69.4381867282298 70.8595412875563 72.3758467977964 70.0960700417141 67.3758467977964 64.1717934935567 62.2626631832582 60.7655588750033 59.9722714318444 59.3948965364823 59.2272284644534 59.5084884339312 59.8740529688663 59.2813880624317 59.5602684550063 59.4524358553885 59.4994063925777 59.074059986906 59.7739319199272 59.1955584175357 59.0388442049362 58.4521844506523 58.804362607568 58.4139790175752 57.599017499576 57.1531115001418 57.1023694944445 56.8816872500717 57.2032426946707 57.1798082050036 56.4928546422922 56.116779657128 56.5288803925746
78.0610582329353 78.2856501598649 79.8726733032021 80.3196874124091 81.3716836524908 81.5025414818021 81.1201208472237 80.7291467758777 83.1856860902738 84.8275440816337 83.3524835625 79.7475459998597 75.2457443000573 74.5984917774935 76.5867932917149 75.2846989316414 71.7161961581357 70.3297318066415 68.3230017428861 66.6343172223666 64.5201972500003 62.3992049620636 62.8281940217753 62.5784947352951 61.995878809693 62.5560940725696 62.3769966787365 63.1841466527166 62.285876410409 63.787498808255 61.9962685654993 62.4988034010212 64.251225219146 63.5334369375014 60.1824230161177 60.4278123125005 60.0750280364807 59.3634939468178 58.1697321614803 58.0166165296672 58.4913215494905 58.6798909291844 57.0785192791272 56.743070108883 57.3043672996317 57.2072586411175
72.5500693686956 73.1108090842755 74.338894073815 74.0124489007384 74.760945422795 74.642011231507 75.3960440477951 76.1805704430169 79.0294490772056 81.0050904621657 82.9722991032254 83.2505765042459 79.9117273398756 79.9514513385214 82.6189249832203 79.5553067850084 77.3125536990931 73.9947150350076 70.4630472760201 67.9241467590297 66.1282758751416 66.6171755310106 67.5509394095845 66.245480385121 65.6453725350085 66.3910841823128 66.6907419023527 68.5758405273529 67.3466175002832 67.400010910008 66.7346729348952 67.5990728747178 69.5801330258791 69.9108909376417 63.6559299547929 62.9289038127829 64.1630753125009 61.5530583380245 60.431088187642 60.0067290130966 60.9413223124299 60.5036027124576 57.3329203922922 57.2840289259092 59.6642192458726 59.1605683297924
78.4482185170633 78.9562352845843 77.855934722649 77.8663812019276 78.6419618472256 78.2879913731579 79.7813091688961 80.8621544809536 79.9017146933598 81.6029535937543 82.6915576119083 84.0535937151338 86.4805672396739 87.1359205000005 88.0175317335092 83.9197321614801 78.7399365949098 74.57966641148 71.5831081875003 69.8947275835459 68.5825316832545 71.5154385895923 69.8764233020403 69.7842581530231 71.065205202206 70.7994956218265 73.6119620927663 75.4214561770403 71.5782741976778 69.9647650364801 69.6346306275178 68.4387881552659 70.7722731093065 72.8198435772058 68.1205275258792 65.7817378447343 68.3354273750002 63.7976648351805 64.9451138707546 64.0452181030506 63.4768852630102 60.7986042658807 58.105652296383 58.4333561203825 60.8049640179485 61.3510111727946
79.2517848818688 80.8747795520383 81.2304228447326 81.2573329459556 82.9549920477936 83.6290825634312 84.8451265543562 86.3674684249157 86.3811068399937 88.6261304081357 88.2264325345852 86.6832725625011 90.9784226331072 93.5099638123595 90.1900642241212 85.3164578122176 80.8849798648797 76.5211539376421 75.9919509372184 73.3751752850082 72.9854382850086 77.0743489251993 73.9590648751427 75.3086298009087 76.5466361526348 76.0877305099802 80.2258109649932 78.2860257502823 73.8872307522666 72.3680424375008 71.4941846208615 70.3599529023516 72.8293324416966 75.560281652352 72.0845004013031 67.9866659722259 71.4143029997182 67.6618998728762 69.0993829723667 69.7995203848388 66.3028123125005 62.3284601559947 59.628599170138 61.6092047559818 64.9248465350078 64.6962714722253
73.8182815347376 74.6985556467758 75.0670437005926 74.6780556406937 79.3338240973658 84.427291151019 86.5252326223593 87.4623809063371 90.7627185260196 94.0755455241781 94.3205422374319 92.8434826032272 96.7846915988633 97.9641366959818 92.0350475567032 86.3544529488158 82.6775399298418 81.4601266614809 79.4364689677665 77.4225974332551 79.0028403489812 84.7671812728468 81.0248107022061 82.3948937791031 81.7101515842745 80.9500881791847 83.5733102760205 79.0219150104605 77.5098932740947 76.2753817092749 73.6129285164911 71.4462918020405 75.18011421539 78.9439726145408 76.0886458648157 71.9711025042466 73.6662717177662 72.7653314483345 70.7551844592746 72.971813829922 68.6102630000004 63.7745850375846 62.7713416337648 64.0309193778008 65.7742591207539 64.9601792556567
78.7745234034548 82.5078725754751 79.4022607776358 75.8847548577966 76.8987441247173 80.4179050250287 83.6311068399937 86.0090000400785 89.7385388751419 96.1157080632895 100.531502098382 100.181734777635 104.081234136319 105.203391809532 99.3796659209184 93.5270604722265 90.5724574442452 85.9919509372184 83.0388567151344 82.1958091351215 85.1866832502833 87.6121834599233 83.8574975279169 86.218415767064 83.4472281598672 84.4106996001134 86.1574802498596 82.4130753125009 82.1731899900211 78.7447150350076 75.106116676049 73.7273487498594 78.2501835179137 81.9605621876412 80.5488354317479 76.2202159023519 76.0568695902756 76.6959310213134 72.9674254098675 74.4765311521532 70.2860257502823 65.7523264036035 65.5351095350081 67.6221286942448 64.5273300975077 63.1549732671511
85.2741601875098 88.9423096080437 89.3458017907304 80.373647895705 76.0940840302692 81.6439073775148 87.862607110292 91.8235377026883 94.4554882864858 97.0495972395466 102.783830962285 105.307183142538 105.624046052156 105.922619607461 102.921485231506 99.4757326334815 95.0433841888577 89.8192484052702 87.3908346657306 88.0664639864553 90.5097729886902 90.4794128393133 89.1974081354653 90.5754842553217 88.1033054375048 87.2683211371922 90.0161353792495 87.230900415731 84.7911811550949 80.5905869114864 79.5893267529466 77.0738563602994 78.6891081959614 82.6397120772069 82.9791944339127 78.9988283238163 79.1518540989791 80.017531733511 78.7482268967786 76.274325428906 71.689904488691 70.6184343819667 69.3827545147101 70.0253713137165 66.2499750772085 64.7840383645433
97.4668443126431 94.7349757576846 95.0658767149933 83.6337997346692 81.255972027353 78.9401446211437 84.8732619097246 93.2968635537713 99.8459318122169 103.771424937218 103.949337015552 102.410552877826 103.221386838653 106.445612372032 101.947813947677 100.65958662175 99.3160477227065 95.6276947779172 94.2615670899943 95.1046624172343 96.5162054649938 95.2402883273516 95.9062525626423 95.7135844900217 94.0301610623598 92.8750784192174 95.1096819027761 94.0432254648527 90.0005014351772 87.9829438125007 86.7128504183669 84.1699385347271 84.2996749237836 84.9115375276347 84.8653130290254 80.556804097507 77.9437769997174 81.9234703737257 83.7434887220845 81.434065327069 78.1739553401346 75.9008762519837 74.3655479649928 73.7368987989236 70.0804789023523 69.4354569373603
107.513206518942 104.134817212286 99.0634791959808 87.2262724362885 89.4918707613157 81.2572512973144 82.6957152977946 89.9076399852938 95.8781964052654 103.22344661454 102.612940303924 97.8851235477938 101.582484025222 104.071641603224 100.031441343753 98.6079991552651 101.58801205611 101.01904149292 101.94053083852 102.375057402904 101.295057797794 98.9639901600336 100.319291995754 99.019891736541 97.3499190042449 97.1838629345009 100.12933766148 98.8504900113136 91.1261115334812 90.1645726249994 92.3884692032771 92.0929614417457 89.0827073114273 88.2442639592732 82.6858952208981 78.3695148272057 76.1357000520397 80.6720748886905 84.8077763238133 83.1695587120731 81.4671091467737 75.8148043261331 74.3620610260187 73.118294118693 73.2829406988136 75.0202221727939
116.185107934815 113.268664890694 102.959943559815 96.0435666507385 94.7695506600074 85.2075051959462 84.9618303472255 88.9083643600926 95.3078262779164 102.708377812782 100.72468253762 95.3270013475074 95.8123678816905 96.8604921529153 95.0178270577387 95.0965770279158 99.2158947096405 101.093128809532 101.598114812782 100.767148362705 98.020778347225 96.2111651791953 98.9113349160613 95.5091048818473 92.8226932994076 93.4010248824118 98.3069046032254 95.1112547005918 88.9070305484198 86.4267146467739 89.1444731321292 91.1128175058591 85.8919213748588 82.7509917005917 83.9629168661383 78.540900111908 73.9572863124999 77.9428281316907 79.473561097366 77.0927148869168 78.5913277441405 72.9490605904158 67.8470233124998 66.5960325081555 69.1611962441404 72.5861432848661
121.801943340501 121.888160903471 109.045520867922 106.700660551759 95.3279015540213 92.2133306064854 91.1944937760223 95.6268814490597 102.334443272904 102.079098153 99.190304794937 94.7748107022061 90.2563374677663 87.9486296572337 87.4859390969766 93.3689383229598 99.3187140996359 99.4521018532251 98.6986296572337 96.5630761789009 94.8499190042449 95.1639711979599 98.0971072914884 94.070559708191 88.8291857223664 90.7788506786301 94.0459490902742 91.8568118398506 86.605203042091 81.101836972507 83.0464286311218 86.6114502148501 84.9820965008502 78.7304493399927 80.2702677181385 78.733524909725 72.6295035623589 74.0722716268417 74.8763624998579 73.297892818821 76.498127097084 70.7892973481288 64.6093063123586 61.9860655619881 65.599653284795 68.7940761873582
124.966506252827 128.629811908231 119.649082184533 111.679044277013 102.363751690752 101.636345812494 101.47271037486 101.953973003896 105.646680035266 102.26740381575 98.1892988740077 95.9412811529151 91.7606159843095 85.2463533255916 83.9335124738381 92.2719703532249 98.0147869544403 96.1385769672385 95.2683181816394 92.1771840097606 90.3752353183585 94.4776183751406 96.4665919620812 93.9685994805676 88.9324506874999 87.2776214268984 91.1391604957538 87.9405557613137 84.4388199671091 78.7067098082538 78.8836401030491 80.0202525927647 82.309039230941 79.30543221352 74.5750847623284 77.1374427352935 72.5179029852942 69.9386015617095 70.2875541510194 73.1325769336278 75.8857000520397 69.1745861845019 63.2679057338828 58.4743881154703 61.6859419301464 65.4549947963822
