DATA/PredictorVariables/Future/2100/prec_oto.asc
NCOLS 590 
NROWS 274 
XLLCORNER -7.522276026 
YLLCORNER 35.996888128 
CELLSIZE 0.01 
NODATA_value -9999 
[rows 231 to 251 of 274, columns 138 to 183 of 590]
-9999 63.4749533142442 65.1004401657264 -9999 66.5 67.2621170989801 68.6963949229317 68.8467879941408 68.9702265508349 70.786901904377 72.7820872906685 74.1387576644861 76.6019200857322 75.4751776755187 79.2244159919015 80.8305287102434 77.6521022844863 77.2136539844748 77.8317052152753 80.9122389170991 84.8124056314661 81.6896066222 77.139712077206 75.2780541148148 75.2751457226486 78.5555317920915 77.3906936876414 78.2393364116624 77.6766648011859 78.3380824959304 77.5894892457542 76.6504764198917 76.2497303747188 76.8606166960883 77.1807376142124 81.0400290695229 85.5710160113144 92.0766912566906 95.7924891343915 98.4561936419147 101.063463472004 104.505944065186 109.068293184532 112.849762612118 116.714725927212 116.238276501591
66.8472421959466 67.7219538848998 68.4037580901343 71.4230804443359 -9999 68.4203086657262 68.9435074906161 69.9840332668079 70.3004935742841 70.9237782500498 72.8615034424209 75.3336409102444 79.3507749536511 78.0713643838652 79.2419910471912 81.6556731531143 82.7228692544241 80.0695076437761 80.6924320013663 82.0487622731216 85.6332257220841 81.8263983559533 78.4701363250847 75.7594255476991 75.2193964863129 78.2733645557358 77.9048240807221 75.7368246722948 78.8584494244081 81.6425679648517 78.4486659823084 78.9395569334344 81.0461803863147 83.2978981467749 79.1470409562497 81.4343766798479 85.9932973845562 90.4279289545593 94.2899271452445 99.5166217085758 103.013838374741 106.16109000708 108.987570882523 114.59505175325 115.888967691318 116.291273184673
70.8908595885202 70.7181237198793 71.3332430001413 71.6350804544183 71.0719921080133 70.8737380058596 70.657521252186 71.5642576827622 72.4221446253586 71.8895282543068 72.8242718965912 77.0375787129669 77.6765199924888 77.3726601076088 77.6349615061952 81.28131199683 78.7663047032814 80.5098228342742 83.1387097250556 85.1423098400575 86.3292060521813 82.6027593532258 78.8257451681634 76.5048952866631 75.6557623682901 75.5357645363771 75.0009289283792 76.7298490254174 79.6662486393624 83.0409959270401 82.9078001439363 82.7863372222253 82.4680777102052 85.2347512226484 81.2347974785577 82.6056495477944 87.507622549099 90.6916720947343 93.8402501003685 97.9571514998589 104.278722537338 106.591641065468 109.2076273288 113.59642188546 115.003481125488 116.44224859898
73.3071778241846 72.8824356517452 73.0037765069887 72.8106145698626 72.8257001444897 73.7279157625851 73.4503287500005 72.4836008887523 72.8918208691409 72.8104364231803 73.5496607299045 76.553435381847 76.5999984741211 77.4443244582868 79.5138124258087 81.4244008212363 78.9720883124093 79.6178050765803 82.2976102980235 86.1281040653075 87.8305665742342 84.4680315274928 80.3908039662172 77.7596289585462 77.5390168134311 77.6962918020405 76.6278924587865 77.5186594651341 80.4218678310663 82.5947041249996 84.2912284193686 83.7153664635199 83.7570123263206 82.8260898228189 82.9029743385088 83.7614611214449 87.7228748170014 91.6490542223662 93.9669818758469 98.5448852579609 102.793550134483 106.417269479824 110.337597862408 113.01601983781 115.023529999573 117.8198685
74.1117974067726 74.1891980172691 73.7642760964967 73.8108019827309 74.6772448923303 75.7371828961069 75.7882101251415 74.1605741445888 74.2572918232197 75.753693667599 75.3612710638927 75.285210040726 -9999 79.1424285512806 82.6198639360275 83.9271765996662 82.2253168209875 80.7374801172678 83.6955370201035 85.5570513961068 88.9016135281639 85.5401212009352 81.3459910484467 80.2919322848667 79.6933609998902 80.3924680803805 79.3168679254806 79.8602630000004 81.4512619583017 81.0008980354121 83.5471939812353 82.9335421877824 83.4100576938591 83.533813811432 83.8644202333682 85.1950739156651 88.6473316938787 91.4348019732137 93.9369954718282 96.7396919767111 101.729623198052 107.208535497494 109.60738948246 112.462354618038 116.41629038546 116.954967125
74.0600456657258 74.0600456657258 74.2009170328905 74.3002173342746 75.3969576052857 76.8239257777749 77.2477062491495 76.0745473473669 76.2154630861516 76.9848332639048 77.2299933810429 77.2331029704482 76.9938238401344 78.3700285529259 82.482892791649 82.3455355664903 81.1726094914055 81.8768135755923 84.1193111270449 86.2229576194426 89.4683416251416 85.2198548080828 82.6956003300715 83.5551349168565 84.7055807397095 85.4954791496059 83.2970482390986 82.5988018751423 83.2519741421291 83.1142830737163 83.4070136354607 84.0045830322351 84.5016990927668 85.3513612058385 85.8084073751417 87.4320519599231 90.9549671249999 93.0450497105175 93.3868163854604 96.8262826978427 104.163376026021 107.497463588062 110.298782996892 114.412012922652 116.603572982462 117.197320419819
74.5885279651338 74.5209786526337 75.1083128634034 75.7613426215134 75.9450542457963 77.4070385582543 78.0845204345017 78.6479647680588 78.5269018736841 78.4266311894572 79.6317191416361 80.7085755456697 80.7205260000002 81.8407674562646 82.9662157838783 83.102303134388 81.212883681305 82.9288665784493 85.08920686977 88.4634091020393 91.1391604957541 86.255143382824 87.7006388476489 91.8738366572842 92.2301783404164 91.12301490741 88.2095501572345 88.4105902241214 88.9988034010205 88.846908129189 88.2236670625006 89.3334748100363 90.3901921676832 91.8910016745724 88.7697051989519 88.8663442834359 90.8526749000283 92.0289782211344 96.1098530178798 101.8768118531 106.815230125 109.00289063916 118.135693973962 126.036338032696 124.025957164356 119.974846460694
75.8250529592744 75.4875821875001 75.9219175835762 76.2091320034371 77.0236079377824 77.892422810036 79.00918308482 79.6418032486843 80.9422485989803 81.2332576701699 82.1249588552933 83.1915636458894 83.9459600002822 83.2625074652636 82.3273378398514 83.5871887308233 82.4274582187846 83.8509535892339 85.8369979062511 88.1224894749719 88.8720342225073 87.4981161959918 90.8995279863131 96.9438333858141 97.1333815346066 95.1805181517983 92.2122760609976 92.5486904396329 94.3602630000004 95.2948966763158 95.9254828836942 97.2298245688327 97.6863429925311 96.3737850558583 90.8529263802607 90.2470077012676 92.1381693034906 95.5159966506009 100.327357607327 106.805060833219 109.23429292706 113.585337301667 127.081234914411 132.485934216171 127.885595317975 125.058239393942
76.0735906597251 76 76 76.4330128054277 77.8332952477342 78.9654666952324 79.9564110995523 81.4030894577373 82.9093898976636 81.3314573154371 81.663374858604 83.5563866955564 83.75403694796 84.5556780198407 83.1231256170129 83.0269774035952 83.5823070173913 85.8600322605093 89.9833065791697 88.5912854864539 88.0630244607849 88.8968260489123 91.9128187481767 94.3235730392685 95.6705321999664 95.3583643265306 94.8945898007357 94.8297202338565 96.0900657500001 97.6096968825265 98.0454292678301 98.5787553393096 98.1187622941813 94.6720762717737 91.6355659162979 92.3108655842672 96.1709669275173 98.3661695345848 104.433299976956 113.485914615493 114.84655426093 118.448577820981 131.820778206665 128.598780496619 131.604463614701 133.268621934533
75.6819895995637 76 76.0683257887688 77.2289186540109 78.5336702167169 79.1413590105552 80.6118012777252 82.9268457141954 84.6755653606414 80.4915815396311 80.0916935226633 82.4844272316321 83.8086102812498 85.7148919480889 86.381110700561 83.87701847398 83.8550785407258 85.2164463021244 87.6488143112526 88.4959754686092 88.3640271318479 90.3392761216626 92.7068082420467 94.5434950901339 95.7426084872439 96.1441057497179 96.0161603020403 96.0603348383371 96.2478156251409 97.7955187783389 98.2891661533044 97.6755484677651 95.3110228833385 92.0701785976487 92.0449308861852 94.9433789134489 98.3301716253785 102.056172126984 105.225789010788 111.568891283992 119.396955546611 121.920909742954 131.09356739978 123.632353601673 132.699891516261 133.673849374998
75.7577677892186 76.0900657500004 76.5168499795538 77.9636237802665 78.9551945516662 79.0450328750002 80.6740436088148 83.3791920904151 83.6434015841764 81.3877960036157 80.7948087097205 81.8414638962708 83.0017386375773 82.8025467126471 84.1819920765535 84.621453125285 84.9237719377505 87.1450042471413 88.2591514063286 90.5034417760227 91.2898069232975 93.0810761688159 94.8451563989631 95.9012018523386 96.6279066333279 96.8693870471233 97.0540399997179 96.6885531437873 95.1077192593918 95.782594357608 95.4919198489795 94.8633635901338 93.6791042250569 92.7606567917123 94.1801315000008 97.478050982671 102.504595497844 104.345589760521 105.986488608383 109.61249507065 115.431411807387 119.756041989038 126.783055733797 122.21774810206 126.522741323471 126.554039999718
75.5923415881616 76.5972711749154 77.2487607813035 78.6064821880454 78.7802179696387 79.4376351467745 81.1424967490119 82.3404959285201 81.1387732277185 80.6745101704559 80.6885531437874 82.1739509938624 83.6405625109905 83.9434999906698 85.5792987721419 89.1764637588176 88.5081266155977 89.7331847867968 91.1879710802046 93.9185653075302 95.6559439480904 97.7587416769947 98.1167149505921 97.9378963751986 97.4513560249447 97.5048876234592 97.5702003017581 96.6686398461572 95.252225377186 95 95 95 95 95.2778251809959 95.2744864224513 98.7544855015984 105.61029616856 104.535785179467 105.74711255402 107.892460340637 110.464930937359 114.371501414308 120.169705856559 123.353959137023 123.10910724292 126.661896096577
76.2342472492713 77.032795490612 77.7792637672692 78.0991138770446 78.3460316119082 80.3458641577607 80.8144591831552 81.5518497243382 81.6519743843876 80.6846678861848 80.8451335891956 83.4068696225167 85.382927088215 87.3803421238262 92.6666975166334 97.3123196829722 93.5802718153087 91.4948560130931 93.9117289465298 96.8193942160948 98.6142547850069 98.8611953448251 98.2106626933591 98.6569998034284 98.9699799157257 98.967204509388 98.7909959270401 97.0441017805938 95.6749470407256 95 95 -9999 95.3684524196209 95.6507909295584 96.922859673531 99.4422485989803 103.941940253109 106.092683673214 107.915827823942 109.95930272178 114.542417251276 120.846204380846 120.711033685434 119.700344921006 124.510159651597 127.491844950445
-9999 -9999 78 77.9000015258789 79.4955530438957 80.7500391049233 81.3706623385201 80.3693295172692 80.2449961945229 81.1561143331452 82.1465886494408 83.9921563444253 87.170069969273 92.6563299899561 97.7621420217741 98.1810609594916 98.1313764652748 96.1721606436044 95.5806052715377 96.4228144793054 95.9442373346061 95.7647735221061 96.8281535494079 97.2587324106749 98.519476680786 98.9686729618645 98.6725434000282 96.7073118258934 95.3333435058594 -9999 96.8947372436523 96.8398135255089 97.3149750391656 98.4749637410471 99.2271358890955 101.216157250282 102.870831269325 107.706477483204 114.986238310062 116.28571743734 120.988077252853 127.051167186718 129.337960752404 122.645502812496 127.514485844421 134.497203503517
-9999 -9999 -9999 -9999 79.2857131958008 81.0561173732563 82.375 80.7298027499997 80.2851241980477 81.9114706947327 82.6946447225497 85.0053443325617 91.1769904374993 94.5471939812353 95.5089345473098 96.1908989848669 97.6564924739792 96.5148398616816 94.4404355573232 97.6541736743089 95.1929072917175 94.4545364379883 95.5629467505187 95.895739390873 96.9587363641699 98.6412577395132 98.1722919197958 96.6413075312501 -9999 97 96.9337122294617 97.4676116890602 98.5621032444535 100.626011416993 101.792660140648 102.34410269796 105.4140748773 107.455727973405 115.634759225307 123.06815073954 123.200852052488 126.134755919701 133.563212254531 126.937910937501 127.266368840355 135.236016440467
-9999 -9999 -9999 -9999 -9999 79.1875 79.5 79.8264883437504 80.7000919450723 82.1959261049348 84.0004584246101 85.9079759187239 88.234171499718 93.9867049697345 95.5893675772631 94.9400548399921 93.5597133501119 90.738267058849 93.5900657500001 97.0747648160123 94.4445927092737 -9999 95.1812799599763 96.400810373402 96.6101815218928 97.65589730204 97.5 97 -9999 -9999 97.1111068725586 97.5315055014573 98.6960889867821 101.577833977855 103.278779818344 103.065496116844 106.151955743061 109.851784327682 113.721277462662 120.456194812217 130.004150282519 130.19702220823 131.874801513734 130.288976849549 129.385406762079 130.926307592064
-9999 -9999 -9999 -9999 -9999 -9999 79.5 81.3125 81.4143787492715 82.57375821875 83.7367222455558 85.1925493125001 88.779741962974 94.0082195566392 95.0781963819716 92.1697875042447 89.3165220241089 91.4603603947777 94.7205260000008 92.5015118760871 92.6251752850083 94.2506163050845 95.7110105216371 98.0565776219026 98.0428213494495 97.3377465625004 -9999 -9999 -9999 -9999 -9999 98 99.0836715990412 99.8461532592774 102.925476735619 103.678381041046 106.010807775356 109.509297883511 114.56296680291 118.357766767731 124.369212062335 130.627241184531 134.551895686813 134.593324083604 137.692240436669 131.685340594423
-9999 -9999 -9999 -9999 -9999 -9999 -9999 -9999 82.1801315000001 82.9680444669534 83.719869877804 85.50333541222 86.3664219703674 88.0434647547912 88.1391926476632 88.0058589775773 90.0172508487169 101.228996676125 98.0750529592743 92.3702914076042 95.7689398488388 95.4809292340203 96.1406350354118 98.6666962330131 99.4976988732606 99.1016596071778 98.5714263916016 -9999 -9999 -9999 -9999 -9999 100 -9999 -9999 105.313602879765 106.697529083264 109.379656161713 113.296530846977 117.165267153923 119.79924515057 124.276196044537 130.78927816658 137.95288636731 140.569252194916 136.395298390129
-9999 -9999 -9999 -9999 -9999 -9999 -9999 -9999 -9999 84.794310661465 85.9375665838815 85.5620157031098 86.3293263375894 87.769403746609 88.5960060904196 89.6073804524043 93.0969679697349 100.706628493484 97.9633276597247 92.327699381191 95.4000015258789 95.8888931274414 95.4069751679113 97.997182721134 99.9307329270397 100.07326336129 98.4584868875884 98.952377319336 -9999 100.103401184082 99.5649641331564 101.33255860159 -9999 -9999 -9999 106.553176546818 108.358370581631 110.715200080185 114.04446461652 115.992593865635 118.887757850598 124.911254112422 129.334469313065 137.502767067801 139.031939525826 135.233261793053
-9999 -9999 -9999 -9999 -9999 -9999 -9999 -9999 -9999 86 86.3469295021855 85.6831474771537 87.4947851207547 88.8033996613881 87.9913043472254 90.8318020810662 96.2142843473665 99.914819976154 95.8099357758788 91.3890186360092 -9999 -9999 94.2732978401336 96.8462872630155 98.3422096490785 99.65589730204 98.2177197925075 98.9545225927086 98.7368121554647 100.546848842618 102.562157432274 103.367301192528 104.215744130845 108.130401611328 -9999 -9999 -9999 111.785697937012 113.971436599461 117.361931825779 120.090514858178 122.411443131394 128.259587257525 132.028830191344 140.093973821692 135.86090508667
-9999 -9999 -9999 -9999 -9999 -9999 -9999 -9999 -9999 -9999 84.8198684999998 85.2448554456939 88.727547172027 87.6110967703171 88.9960701932984 91.3871772416841 96.837881375141 98.1010879544139 95.4648489758225 91.8010935984348 90.7707140150225 -9999 94 95.8095169067383 98.7619018554688 98.8198684999998 99.4000185643844 99.6569311218269 101.319771704896 102.898714541779 105.130460250001 106.785013877835 109.202379016759 109.358825548761 109.33140284361 110.02019725 -9999 -9999 114.737349778995 117.793119180939 121.334787626529 123.818602736893 124.263606306622 126.467861264571 134.785492242606 136.263313697959
