DATA/PredictorVariables/Future/2100/prec_oto.asc
NCOLS 590 
NROWS 274 
XLLCORNER -7.522276026 
YLLCORNER 35.996888128 
CELLSIZE 0.01 
NODATA_value -9999 
[rows 63 to 83 of 274, columns 276 to 321 of 590]
80.0397385258785 82.8079562994074 77.3152301250003 81.4782649651335 90.7529392822326 95.0973072326533 87.2268523904318 92.0704699270393 96.7229581058115 97.4947150350076 106.205467687903 104.680650306024 100.933194559532 104.217081315952 105.439054456304 101.490227011313 95.6369615936619 94.7510894199616 98.3988362652343 105.640865139393 107.48383969796 104.762000090637 103.129154559814 100.016520563545 98.5446320548944 95.9074802498596 95.1306790019835 88.8902830842747 85.9681605370833 83.2614189262432 83.3891604957537 79.5793215729634 75.692836175686 80.1183680738142 83.8124865217166 83.5915069122465 82.2464328729092 79.6901736001126 77.4773487498594 81.9905812212567 84.5555777845839 85.5533934097248 82.8919104878955 83.1913979705737 85.9377031777575 88.0964426609606
77.6407808961021 79.613245431758 78.9571514998591 82.1024052747471 85.2264325345852 89.6126412505874 94.0456058444911 89.410480334275 94.5621201507379 97.9745878707544 98.6108830947333 93.953344727154 99.3793625842734 100.973280285112 94.616386494259 97.2851095350081 96.0604408848401 101.919549059815 106.772788141616 106.383760334815 105.907060732459 102.05776868563 101.323359363685 98.3499190042449 101.781092257385 98.6328043602941 94.0185228388783 90.4155660575292 88.5049484726483 85.0740537318044 81.9236202220847 79.0426198771865 76.2891444860155 79.7623591568571 82.0528044928858 82.1292390836063 80.3112118447338 78.2115493040427 79.9231988602946 84.0244747687761 83.8677922445104 83.9330271917458 81.0906199038544 84.6549857773516 86.2839595015977 85.328892421005
77.2966276516133 78.69634476796 82.132128922804 87.3282097044496 89.7888115521801 89.1079687352942 97.4868916048764 92.1524649101475 95.1601864744905 99.2246505173293 96.0090475970893 96.4845470901408 97.0411080659479 94.9197784364374 96.951797478219 101.170286491525 104.137210410242 102.693445197957 101.789873338516 101.959345064637 101.882836247168 97.5279807796338 96.5371076339153 94.4636627777738 97.6633152238348 97.0156525401785 92.5908057100034 89.0794953189269 86.8862703011843 86.7293451480774 84.7384594052655 82.3677666467759 77.4018368143706 81.7809452248187 83.3330979998913 80.4616187597547 78.6422314725079 78.2710719761063 81.8121295348691 84.7341714997187 83.5252251921064 83.6555311933575 80.9415500285932 84.7229005302623 82.7465582239773 83.7977039062445
94.3839769029191 94.8401396100961 95.7877099726524 91.3784731648517 90.7111398740105 90.3481585231835 92.58250029155 91.2141885322345 94.0691934178805 100.688102559813 100.888019239539 104.447231090691 104.52841337217 105.074237249718 105.638218812931 105.250618627826 101.357898345565 98.6645726249994 97.388448975635 97.9821399982599 95.5768011397054 94.6935809843711 92.8026128670653 93.662228514706 93.2619000678747 94.4121501529189 92.3440575350066 87.7676824476772 85.9522016529165 84.9864962006682 84.5872399407693 83.881041347225 79.7849102964983 81.3658679733049 85.3620981364823 81.3675170581173 80.5905869114816 81.5403523013857 85.5080552282265 86.0686968238147 85.6201738263549 81.4006170276333 79.5675595001111 80.9985993339386 80.1711243752825 81.4610986666674
107.131088590499 111.146902563549 112.04675063546 107.744131857462 103.6848561698 99.7457369600747 95.0179362592938 93.304913736844 92.3152301250003 93.4305664226496 97.0959318122169 104.98611029217 103.959961374385 105.542760784499 103.484543367874 100.872435441745 99.5556597892376 95.7057855831448 94.7823220102039 95.0132950302655 93.973080505859 94.3813764652749 91.7199794018701 94.2217132148505 92.0415065839494 90.3340342499651 88.1691860772052 85.6919230523223 87.8262246354595 84.5760928258365 85.0765364270591 83.6708796727949 84.1908804452517 82.3493829723667 85.7555950626413 84.1170786652197 88.4242654377834 89.517555687169 89.6536209713295 87.7246938734975 84.8243887488248 79.9624707717742 81.5778561977919 80.8608614240223 80.4336223636851 78.6568360455927
104.291013127827 108.327009164165 112.2514973125 117.101177872314 117.279438531951 113.398537487686 102.74725221507 98.4079773101276 94.3354273750002 94.507622549099 94.8019164270406 98.2197846171456 100.479291104111 101.704348497174 101.898547114418 97.4288665784493 96.9934482497174 93.9583699931677 92.6022077717742 92.8677261744077 91.5827919244077 93.9290089114797 88.7713765643691 89.8406671770399 88.6874556966131 87.5621295206221 85.8916099029158 84.8973759732703 85.8232791877822 85.9031115001412 84.5608166610908 86.1842642630921 85.5784810552713 84.1304500086938 87.2851796207546 90.6577104251139 93.3741227822343 93.243923485878 93.043069908558 90.1622129975473 83.8405006726494 79.8562057222252 80.3316397225072 78.6290389257657 77.3027718401334 75.6926763055265
102.72519754356 103.695737472 105.495631250282 111.955595465499 108.827155190704 113.418688789354 113.160125872312 103.544332285637 97.1531115001413 94.4677824354437 101.453453763394 100.93325242142 105.472962733109 104.211356429019 102.028154689087 97.9842726349412 93.8712388427661 91.8874432491491 90.2437583473657 88.9440870973662 87.7115259599223 89.9878518127813 86.7445614118112 86.7142438749989 85.2587884648891 85.4023352406113 84.3539255322341 83.5238982645302 84.1287611572339 86.4543906207541 84.6364208621945 86.7823049648513 86.9207939478184 86.2832027928586 91.8223629725078 93.7120537897948 93.9474977851484 93.7428266767118 93.6523702790904 92.1216650617712 84.3201523176382 79.5025288869736 76.1888317457533 74.2457646798392 73.1345525407251 71.9495068749993
101.467195395509 101.76207018425 103.106329172932 105.571176270507 105.467117392539 102.081195516758 101.545652969733 103.520148217673 97.7269070582541 93.5556011664542 105.189100236087 112.435378934391 106.932599387593 100.882940472352 101.344356496749 98.0908554179339 95.6035407558597 91.5396509687202 88.1118159525379 88.0872004782253 85.4946952553175 85.6137538636853 83.8986842830734 81.7575153941762 82.9490605904155 82.1145186999431 83.5263734098659 83.3540213473661 82.6906764095841 85.7309305527458 86.5200256806717 86.5445979523506 85.6680144010201 88.25403694796 92.7517426832539 92.7132769374194 92.5801070168034 92.5228447395818 91.563721319103 90.8120890624994 82.8824058964951 75.1297159400772 70.7191923476472 69.39723531882 69.535616524623 67.7191552921359
104.402100083149 100.43360644458 102.30284035699 101.295611027045 102.142540002685 99.8767451749146 95.9419027225071 96.6369712286908 96.1639260350064 92.3379818808588 100.997747933909 110.336127735292 107.594149794959 102.898267569682 98.0456343020396 95.1127146881093 95.7555545902737 94.3041602851257 90.0182583885653 86.7382287774931 85.0723167897952 84.0425970547218 83.8033179244079 80.8302827634012 81.0213689261854 80.4552708127938 81.7349872092743 82.6125821875001 83.0341731771815 85.4872886192933 86.7005221570206 86.534407492897 85.6599342499999 88.4819871248588 91.3167679098665 90.7556552053452 91.3127168337254 91.784271710461 90.818929756447 88.1524306032256 79.1276199010195 67.6180542350243 63.8008401775961 64.357154061425 64.8483340084904 62.0064994548621
104.18339913928 101.180007124066 100.450584288352 96.7147250813902 97.0577763238101 95.9339936154661 93.5814395147024 94.4137878442695 91.5047859920383 89.8611792152738 93.4762297036549 96.5471112847161 99.3731434343783 94.8207685312816 93.3960098062948 89.3928217508716 90.1364786263626 93.2529206145367 91.6683399476796 89.5582974852961 86.7220130625635 84.3203358547574 83.7267021598666 81.7858436066634 80.6301501523532 81.1340713500568 81.9428594101498 83.3546679373598 84.3180206417436 85.7168759474987 86.7650127907258 86.6360255986978 85.2575036467743 88.3962744397888 91.8703051001124 91.0744819522055 92.7885717267781 92.7940761873564 90.9874322268725 87.0028247994049 76.1555655002797 63.2248589694168 59.8599397050044 59.3670350801217 59.8526639906112 59.8689414505097
107.188404526044 102.97160214338 101.214349840135 97.4979286749164 93.3897774723672 91.2861095041279 89.9209513964384 90.4556472218468 90.1338855816869 88.0664267239791 88.0896503466938 86.2906600560945 84.9197875042447 83.010190579547 81.8630425608474 82.4356860902738 85.9578128749418 88.8099046876403 93.079477051757 92.0441166597259 90.4659199175008 87.8644788763176 85.6812291657275 83.6793059985517 83.2290982020691 82.9705260000008 83.7704142811057 84.7332445260204 85.48156771233 86.1779774100495 86.7913107152748 86.7783867770119 85.3832257220841 87.9146960688586 90.9385801024776 90.9208142776336 90.7432792389563 89.6801564227938 87.5962192325358 83.3788569723659 73.4439912822342 64.8803531087423 61.0438608198534 59.5602248732705 59.4323158748593 59.9773487498594
111.813863266513 107.799602663539 107.094704125 102.158886990894 97.3926022717745 93.5910551070525 90.2658862994473 88.6126950660719 86.6760593179712 84.8332430001415 82.9136456513018 82.7539813766777 80.2226699024923 79.0755003205412 77.6938923817439 78.0768011397054 81.4762234039609 84.4440217022049 88.7690954369801 93.9787570975485 95.5934425815427 94.5801330258791 93.9758109649932 90.3740064574255 87.8331045696847 86.9795331247185 86.7994463389096 87.0305716657265 86.9193938521316 86.9313727932247 86.7696207457544 86.5815279970588 85.8360288020401 85.6934265302657 88.9550691138148 90.6689413747176 90.2921371832545 87.5813296214448 85.3540213473661 81.1793661498867 73.7468994098667 67.845674126172 64.1655236429796 62.606367712554 62.1025146507385 62.8810367542466
109.021291359077 105.278489897903 104.241263874858 101.994351806717 97.8212691660613 95.5729690901335 94.6235766979597 94.6449503588564 91.4382952662319 87.9017031524511 82.1650688636861 79.6919008869058 79.5658066292459 78.1555649737357 75.3485576305426 76.2779362151335 79.3927571931111 80.8804197776335 83.5677022957228 89.5634334644965 94.0354432400016 94.7335141513021 95.9272911510197 95.151879021774 94.2660690710982 90.846403217766 89.3318972681429 90.4782649651336 89.6884920347251 88.2775120509071 87.7232914720841 86.5514534623529 86.195795706215 85.3431136745263 87.0660485831452 89.6755484677656 90.348561097366 87.8348109156647 84.8152301250001 80.022622195675 75.9179894782259 72.2371332878497 69.118657452412 67.6994125347256 66.2330842767299 67.7379577779165
104.069322415725 102.838825615871 99.1651491292452 98.896820132744 97.571454450837 93.8579438125007 91.4526776825289 96.2179660347242 95.6713527785943 93.9547783256711 88.512107714851 82.2059083977935 80.7228047151329 77.0676141903837 73.796765162693 73.6674378967742 74.4975765447993 77.4498006633521 80.7096054999994 88.1544339355198 92.0748169726481 91.3079973704105 91.0421676032252 90.7797840976481 91.7748864982982 93.1323254813764 92.0547618989603 90.2882101251415 88.60046508852 87.398164863094 88.1281964052654 88.2150450451085 87.1193313406563 86.1444836836741 87.1060777681958 86.5841592154157 86.2692405623585 87.7763734098659 86.5021843748591 81.9403960258795 79.7989553401346 77.0470060919276 74.6960276915143 73.4237504417469 71.2274820163735 75.2544023784376
99.4040277154155 99.8497398841813 96.8714922301826 99.6478265351489 100.265063150169 96.384822834274 89.3980119629331 90.4576631864303 91.0133386207525 87.8961312024025 85.6749968863129 84.1489117611837 76.9543931124149 75.6176668470833 73.5855876242905 72.9419027225071 72.0609037519032 73.3157950780329 77.6645726249994 85.7374013617395 89.5086753229594 89.3243778771551 88.9838600277749 88.7216976761859 90.5232954544075 93.0360013506097 93.5046788473671 92.2124458489806 88.8748651873594 86.1470844536593 86.2068400279159 87.0484435627822 87.1045516021917 86.7448155407254 85.8076509857673 85.308892657234 84.5479285667457 85.7478156251409 87.3677970667455 84.6377750509074 83.9159119876979 81.6298136600077 80.5751861177452 78.4736265901341 75.1556820330702 78.2573289947858
97.286376219734 96.41119624414 95.5858246238317 99.3054813011841 95.6254528107706 93.8791265976471 90.2795759888141 83.5663074770161 83.0816397225067 80.5428266058113 78.6210775348655 78.6617073532245 74.5464409903292 72.4058973020399 73.3269454025305 71.1788740988386 70.6085452395402 71.5164985757985 75 82.5889135319782 87.2216133303792 88.4406764095841 89.4998906240086 90.8845175277758 94.7009105822002 97.4072951871269 97.2303488342748 95.4323158748593 91.783461860295 87.7513631593368 86.4641885322345 86.7315205104599 86.1997469178007 85.2891263404156 85.1798835782775 84.6330343845558 84.5726994648519 84.5639727238388 85.6909123996235 85.41767846759 85.1187108962935 82.7095805772058 83.3857000520397 80.1974634782256 77.7661603020403 80.7930600164913
96.0066244904228 93.2639555973651 91.2859529826535 92.0823449681397 89.3210291199971 86.9819892766093 84.777154812498 81.8254138154973 79.5392719114786 77.1616727859601 74.8598975695223 73.7248542773515 72.3108105019837 71.777019999859 72.2954717954438 70.544105901303 70.9832930150494 73.4540908608396 75.5929310217768 80.9831285561223 85.9627258576088 88.7736639488154 91.856792169516 95.7574787239828 99.8824331085105 100.354745875568 99.4947150350078 97.7170333506827 94.9338536597263 91.0167865622194 87.8334463452613 86.7023721467736 85.2551516148445 84.0454677976498 84.7956093792464 84.8378640905319 87.1962918020418 84.9648419725519 84.1092545084924 83.9170670975069 84.5222395961149 83.2158471526337 81.4099342499996 80.1684950901346 78.7409928752823 81.933045189371
93.2643458316876 91.7298027499997 89.9510504624479 87.9371100576666 87.3463717348365 84.7344327136229 82.4043391873586 80.5249543851202 78.3366550622179 76.7017135903442 74.8847054298484 73.986140217766 72.625396076134 72.113158691746 71.7921371832545 71.4341684479602 71.7976663264698 73.5644487223668 78.6594286380924 81.734171499718 86.3170318248028 90.0543500973666 94.3360288020401 98.4414420737339 100.776578308254 100.105787109024 99.6968869739798 99.0757566740951 96.3738795614321 92.986140217766 88.6917113070489 85.9947150350076 84.3302570026549 84.5664657073289 85.5559129026338 86.5195060418091 88.9099342499999 87.6976627824633 85.0688212408944 83.617195639706 84.2203276277999 83.1824506874999 81.1876351467745 81.0604535205039 78.6039255322341 79.9292937880174
91.6385014931676 90.3288756247175 88.737306396774 87.071488641136 86.7754121292456 84.0799097396735 81.35046508852 79.915469163105 79.4453937666284 79.7337817330439 78.2206353759922 75.3947509654166 74.3857452149931 73.5871089403883 73.1049780350079 73.0210952854124 73.8443408928572 76.1405588750008 80.8917481324126 83.1287424895405 87.9233191457025 91.2875292282258 94.5430745056496 96.9511102119407 98.0015377848661 98.5781321689336 98.7928485001409 98.396475931625 97.0122674772983 93.6457028619078 89.1531525024681 86.4595805772058 84.0640826136857 84.8411130091056 86.0225164375 87.0253948534244 88.1772662282254 88.0390853738819 85.2720498231011 84.9083964651337 84.0032426188777 83.014602187359 82.2593172223666 80.7654690938492 78.4577402686237 80.7894189685176
90.1136439738383 89.1357000520397 87.3657701891745 86.3196115035323 86.1708142776336 83.6462159826547 81.3636736877825 80.1711425458642 80.2872710874025 80.709634399582 80.0979053302045 78.5744515322349 77.751122588521 76.4840380701606 75.764982370755 76.236094400361 77.0403945000006 80.3590353127831 83.9172817036596 84.9087065627826 88.6546492850075 91.6107335015032 94.7335828353691 96.5972258163719 97.1224050217742 97.5131067138746 97.5791085798032 96.8158315520399 95.04342638747 92.7211070972251 89.4669206292651 87.341774358849 84.9826337148518 84.699893827351 86.2916221872179 87.702371177482 86.4627323805463 86.2552548343353 85.8041471409762 85.5877465625004 85.2982590029986 83.8691616091654 83.1599342499999 80.6411146865691 79.9761650130579 82.3499744235155
87.6517338897198 87.0473520624991 86.3508269145384 85.6882289356298 85.6847698749986 84.1178389392737 82.5490698229603 80.9572613897072 81.3280175385408 81.3130457501414 81.939954334274 81.649330013093 82.0438051877841 79.7605159306167 79.332050994143 80.7212111026067 79.926311583147 83.648958407234 86.1764422641146 86.6968620511878 88.5519655147054 91.9359542172378 94.283531277773 96.3115369442424 96.2819684725063 96.3874358732597 96.0460266284243 95.6149013749994 93.9846814247285 92.5080801510205 90.9492888834393 89.3294829249316 87.2188082395419 86.846637533483 87.2511475113153 85.2867837710457 85.4196183459132 86.3273378398514 86.7237234559249 86.9313591872169 86.2661399722251 84.7177597929414 82.5634354284698 80.3641928067028 81.040488310315 83.164547702206
