DATA/PredictorVariables/Future/2100/prec_ver_71_00.asc
NCOLS 590 
NROWS 274 
XLLCORNER -7.522276026 
YLLCORNER 35.996888128 
CELLSIZE 0.01 
NODATA_value -9999 
[rows 126 to 146 of 274, columns 240 to 287 of 590]
25.606571583324 25.0450328750002 25.0540393125708 24.9572605484673 26.0584945294199 25.5139106721262 25.2465264491453 25.5676760692276 26.2653115354685 25.6508451206292 26.0825596982111 26.1067441853947 26.1667891639736 26.0975718017897 26.0800577954725 26.1152231062215 27.1207428067385 28.063046093715 28.4462676567885 27.2242663395881 26.4932787289387 26.5736680046944 27 27.1819875442247 28.1385646012796 28.7294977482777 28.8775105250277 29.0270196562854 29.2735473375211 29.4534183937087 29.4534183937087 29.6968099353951 29.8706607747459 29.8609615163116 30.0086511227016 29.862817216962 29.9284106119894 29.9727633184692 30.0750553642896 29.9785757499299 29.6318032254757 29.7826150625007 29.1528045307825 29.1384616544197 29.1678941156126 29.624638085717 29.7938860862201 29.6618981226295
26.4738003818238 25.538210468715 25.750327987061 26.9886260294194 27.3160005812085 27.0059778216611 26.2765565130101 26.1353267388136 26.7657464956284 26.5900657500001 26.5559019562083 26.665977646637 26.9392723592205 26.6242295437919 26.5445145462028 26.5490729505101 26.8032317476531 28.1068227877548 27.8608612994898 27.1011827088413 27.1133526437083 27.1441050625707 27.1441050625707 27.2531122251846 28.4440980437917 28.7160965806312 28.5145417010815 29.2956054104559 29.8032317476531 30.0150103857107 30.0234945914545 30.6227461278658 31.0776479375002 31.070818931802 31.0018626436377 30.0552327289926 29.4947876124154 30.2701760196401 30.527749929432 30.5640833362209 30.2457209174492 30.5525389267893 30.0288210125141 30.003363029419 29.8580789687148 29.6434845251782 29.374543456138 29.3803845443033
27.7584269864664 27.0796679752553 27.9224887120324 28.6832211437081 28.1453324062145 27.4042232119541 26.7015557500707 26.9453398064633 27 27 27 27 27 27 27 27 27.0540393125706 27.1873369249155 27.1566369085457 27.2408591407797 27.4076150625002 27.7944567082252 27.8102920140782 27.9890296897994 28.0733873146058 28.5649083937789 29.493668080988 29.9658362062082 30 30.0683197687082 30.1369581193924 30.7491924350824 31.8724074267891 31.8198684999998 31.1264475022992 30.4733422579975 30.1505745719358 30.778882299923 31.2651004942467 31.3565298938497 31.2852072921375 31.0502663339818 30.4689253973983 30.4830306232045 30.5796679752553 30.7681226108953 30.8741283147995 31.0339199688331
27.9882274080906 28.1400103857107 28.4010425564832 27.8919210312852 27.1120096520443 27.1284073973503 27.04099279949 27 27 27.0630460937147 27.1080789687148 27.1260921874295 27.1222317947941 27.0375268232107 27.0375268232107 27.042030041996 27.3060031852007 27.9547390111866 27.7129328698968 27.8198684999999 27.9309300638284 27.7297395427513 27.8468468103848 28.1523115625067 28.4961406346484 29.2286303512793 30.0211402331839 30.1200882392893 30.0750553642893 30.0836313041764 30.2627395437212 30.7468346505947 31.2481373563623 31 30.8291966687918 30.6242295437918 30.7282122446709 31.3296679752551 32.4364855652295 32.6570413068428 32.5458017674332 32.2049647971077 31.7984442499294 31.6444654997244 31.5664571250705 31.4732876566477 31.6276409187212 31.426472649581
28.1952029135093 28.1708033312082 28.0521770125065 27.479257574731 27.3167788562919 27.2395799364978 27.069280236147 27.1200882392894 27.1681222294256 27.4445693502551 27.6120096520443 27.6339518362207 27.5645250135125 27.1708033312082 27.1708033312082 27.1912997309532 27.2102407999934 27.4894399662694 27.0750553642894 27.0825596982108 27.129108521987 27.5484988512793 27.8540388932047 28.1999598118287 28.8504635247449 30.0942070545025 30.5478618378573 30.7195076813765 30.5135589666864 30.5607793706285 30.7540400755101 30.967204509388 31.04099279949 31 31 31 31.0690706997938 32.3074506874999 32.8416706793669 32.7828766460551 32.3074506874999 32.0848160318432 31.5490729505101 31.3768997523471 31.35854211199 31.1783848317671 31.412421716546 31.6245056599292
28.0720525312854 28.1080789687148 28.2546126109659 27.92219428852 28.100073704528 27.8062441885932 27.6434259414714 27.8167788562919 27.9885713252345 27.7804310312146 27.5465816062916 27.2732868937082 27.0372631959658 27 26.9774835625 27.0960696981402 26.645496399745 27.0959287345657 27.4568985313483 27.3487507999228 27.4891922062006 27.714295293792 28.231062360593 28.7657464956284 28.8351539892895 30.2732868937082 30.7269110270442 30.9792137799626 31.1838064692242 31.0648474499436 31 31 31 31 31 31 31.1090696834851 31.9855894937429 32.2160981444063 32.1425818826542 32 32 32 31.9216824046611 31.5369805741843 31.1736683861638 31.4525688372643 31.5983569260905
28.5155846390344 28.6798850158626 28.9985877003661 28.5851775459293 28.7869274412835 28.8975164375 28.8535962510929 28.5150103857107 28.2167827871084 27.3736839383879 27 27 27.0360264374295 27.1296945563137 26.9515557500707 27.3717582309025 26.5124178124999 26.741784519801 27.4226403190172 26.8469975484657 27.5288648072825 28.4624731767892 28.7849572416238 29.0300224892893 29.8832359813624 30.1873369249155 30.5689632311511 31.382757148743 32.5015601788047 31.6929426400455 31.3182329580043 31.1426046767894 31.0300224892893 31 31 31 31.2069068630628 31.7686895888079 31.8757704562081 31.9935655541763 32 32 31.9399567392892 31.5009327976999 31.231885646062 31.6720529127551 32.3392547447223 32.5465831700667
29.0266577420024 29.1107031806157 29.3291999216143 29.9330232229558 29.8868343838169 29.0704854922317 29 28.6583855187086 28.2261947774949 27.5748814941429 27.0313266945621 27.1140825732818 27.3441058255106 27.738270212247 27.1420385395482 26.5217316567721 26.0200145347615 26.0540393125708 26.5354055564637 26.872359081279 27.7495441002475 28.0382139049376 28.4394355858062 29.2147038357174 30.4110810387797 31.2969891360466 32.6882116510213 33.048737793231 33.8185291843226 33.3509332674338 32.9888317690477 32.1534332313639 31.5369394258162 31.1350986250006 31 31.0062107794295 31.0034659762791 31.1016158548785 31.6350986250006 32.1241583871333 32 32 31.8059707189194 31.3239151749234 31.5898131250626 31.939956739289 32 31.9549671249998
29.0766874700614 29.7018774812921 30.136899981229 30.1944119561378 30.2482630278141 29.6738722842696 29.2101539892895 29.0120092705746 28.8926046767894 28.2521840312856 27.3999138662236 27.6993783181983 27.9729803437147 27.5383661260926 26.346870329277 26 25.9109646524942 25.9532462369896 26.5589875909305 26.7311667431761 26.5984638566367 26.6421253037355 27.6419210312852 29.4273265877485 31.1388317311509 32.6903325741942 34.0825593546372 34.2859761845705 34.4491935738376 34.1876378953631 34.0240185411492 33.8660485073529 33.3207548387242 31.9014747156526 30.9729803437147 30.905778886834 30.6490651687916 31.0847163693093 32.3625821875001 32.9585927876893 32.253518814606 32.2401744171374 32.6789739720862 31.8920300798922 31.2147814710617 31.573601262577 31.8853714883155 31.7480419742231
29.6486445763054 31 30.8032317476531 30.7540400755101 30.9369360792771 31.0392570406733 30.4518774812921 29.5085916559949 29.7233017313625 29.5145130330688 28.5390084256965 28 27.8530032144737 26.2199775107107 26 25.759825239289 24.8198684999998 24.2984442499294 24.3532653870256 25.0134058055293 24.8781982609526 25.255330762221 26.7927394515339 29.1598248578193 32.220553671383 33.8134067877961 34.5892572632219 35.2428546422921 35.7955249260482 35.0611853574257 34.3254783245032 34.1775870852566 33.7807760223179 32.664601524582 31.0871743706181 30.3944534617921 30.0375268232108 30.5672048908577 32.9065228750706 33.3643814824275 33.485332840849 33.5614954550746 33.5853369067018 31.9224980230997 31.0012377536858 31.0941589497308 31.4332354682275 31.7380852129145
29.8432310994053 31.0090064375706 31.0343113181668 31.1385625337353 31.2626908546372 31.5381014201079 31.84006575 31.6304820364552 30.8036839977008 30.1766663852139 29.2142952937918 28.1080789687148 27.8978928567171 26.2034183937083 26 24.5690980437917 24 23.7353954344739 23.1963160022992 23.5177927164859 23.2661188154057 23.5043310620669 24.7043318250063 27.550292130966 32.1919155762814 34.3017879331322 35.28391958527 35.5080801510201 35.442489169796 35.3031130260201 35.3215893880101 34.2184960985985 33.8183182049332 33 32.3167804200669 30.9903179934674 30.4950398937789 30.536954287755 32.7587862789153 32.8348785421371 33.6646711239528 34.2217225989798 32.5930761945886 30.9995310518522 30.4523375745964 30.7391266087885 31.5248356249999 31.5507970372667
30.0674366394062 31.1053248890782 31.471398085398 31.990930355181 32.5739132675744 32.3888332949259 32.4391379375708 32.2403243022634 31.9935495375319 30.9710198176758 30.1320957919961 28.844678360966 28.1588876780416 26.9001090107109 26 24.2300761357108 24 22.6507890870217 22.1512492000772 22.0794940197218 21.6292023323008 21.2517369721859 22.2474578231665 24.7661845022988 29.927510089473 34.0278458557145 35.6300549934672 36 36 35.9921678968925 35.6682573526895 34.1464037489071 33.7124735203628 33 33 32.2420280373097 31.9003577640783 30.204967125 31.3768899876356 31.9962656736478 32.7177535378416 32.4099342499999 31.7537066359395 30.2806326842796 30.2251643750002 30.5898267429594 30.8152301250003 31.0466371116079
30.3287942468874 31.4080915478707 32.8550757921373 33.0840621454335 33.2020741818429 33.5080801510202 33.4327636232244 32.9640336991675 32.4463711545738 31.9428710437215 30.9903179934676 30.1729873624937 28.9185073692954 27.7484512687084 26.217658323211 24.8509348312084 24.0075060517893 22.2452614081794 22.5629367015342 21.2959744334306 20.4875821875001 20.653129670723 20.7071925021859 22.6310519500769 26.4310423408704 31.9806420528816 34.7644834505153 35.6743781487938 35.7598255828626 35.6641321008107 34.6126403944567 34 33.4801260449962 33 33 32.6756551935139 32.4729389978143 30.4878552296377 31.4286250751985 31.679559308118 32.18187068845 32.1585159124014 31.5401046632806 31.2084871456568 31.6372829998593 32.2954155500568 32.5201972500003 32.7674998225806
30.9815236380101 31.7528825475961 33.3829313377019 33.5627403445569 33.7430907607194 34.0360264374295 34.2465264491446 34.2064647544596 34.0159520701525 33.4792044505103 32.4978742192806 31.5455953809218 30.3039774094853 28.8186940337356 27.477027018638 25.7485813188279 24.2233017313625 22.7858413557407 22.2492295437919 21.2318999705814 21.1320957919961 21.1125821875001 21.2101539892895 22.1281668265345 24.5268769115506 29.1130387313622 32.5744335658489 33.8838692219998 34.447510982496 34.241119285139 34.0520193370819 33.9099342499999 33.16397432551 33 33 32.95900720051 33 32.8059003924333 32.906582942278 32.214296857567 32.858647244545 33.0817481557143 32.831206386481 32.8627950869337 33.6056522963831 33.8609597984431 34.0502200828632 34.2986697877965
31.2465886250706 32.5140500691033 33.6861131082859 34.09006575 34.3387294200154 34.5167309301473 35.3441058255101 35.1444836836739 35.3053489613248 35.0111908124295 34.4255664341508 33.7305230634462 32.4661076845705 30.689074730322 29.1443255647995 27.3579477900793 25.4688051119901 23.9714578279049 23.0666679474413 22.9068446062919 22.055165443411 21.9177136875001 22.4320629063483 23.4368670955812 25.1380651630546 28.2999992370605 30.7159374352007 32.3154800252685 33.2938857426471 33.6734647510929 33.7173849374999 33.40993425 33 33 33 33 33 33.2124735203628 33.2183854037208 33.1863426230031 33.3377465625001 34.3402484652387 35.9717530000707 35.7776533925039 35.119592732567 35.3109855300638 35.882010545067 36.7488702894174
32.0305680243208 33.7126789426995 34.2116634603617 34.7611908124297 35.5771511943876 36.1279532672922 36.3087977406181 36.3602630000004 36.6245821286225 36.6743459926477 36.6668423458734 35.897904567265 34.6571569548631 33.1331882363535 31.7040618561512 30.1667936567895 28.1792871749868 26.8462964562089 25.5914491501489 24.4878555732112 23.9427096720252 23.6402854892897 23.9750440895923 25.101986492003 26.6984661063628 28.5269649682896 30.4624248312789 31.6231100123645 32.5800663595943 32.9930721825294 33 33 33 33 33 33 33 33.0733238116627 33.4676527818569 34.3885329255814 35.2891057884888 36.3772454726472 37.6911014666273 37.8424580588723 37.7950328750001 37.4534168299333 38.0300228328629 38.3253908808175
33.21108133243 34.2307893584635 35.1741278954336 36.056579345873 36.3538011063655 37.1281687338832 37.9376986458056 38.3242365625709 38.7037401249298 39.1659720549053 39.3065469824262 38.2584033402562 37.1668423458734 36.1076006110598 34.7441254350897 33.6564430073535 32.4152192696692 30.4074802498596 28.6010183565204 27.3733161124942 26.5784619376448 26.1796168743008 26.3030856982116 27.6147182168489 29.0213440387798 29.9274678908581 31.2211242994902 31.946647966939 32.5260614250545 32.8243629770678 32.9567681376552 33 33 33 33 33.0072054249153 33.0600429171372 33.5144741578315 35.2136179041273 36.156112958851 37.4599572810272 38.7296933740083 38.6245418923629 38.218414934292 38.0216155875988 38 38.160667461216 38.657647501442
33.8858107380048 35.2124232675039 36.0807532196981 36.7953561699965 37.7320942661172 38.4702251865715 39.2629490680221 40.0221607790568 40.5167309301475 41.0258524553455 41.7956066306574 40.7056333441261 39.7951911887823 39.1223800989805 38.0087993127772 36.9630698574968 35.681804196593 33.9959353806578 32.2967065989749 31.0831142360399 30.481391828387 30.501398497118 30.7944408313503 30.7550583941344 31.7220747312924 31.945852875213 32.2521843748591 32.5652301250003 32.62142073436 32.1714807208729 32.641111559019 33 33 33 33 33.1120531032391 33.5705025797923 35.0131690878984 36.0829203922922 37.1068375503562 38.8198071286278 39.449995565159 40.031060075369 39.1986078619901 38.1524226568566 38.2101543328631 38.3975305122149 39.1155354547923
34.3059774868586 35.843532069853 36.7759727339218 38.0619397807164 38.6185382877973 39.9986239186541 40.9068461700679 41.2506887677889 42.2180190172931 42.867847055196 42.7429597099049 42.6754621083732 42.4615814655168 41.9428223546391 41.0115312564946 39.9843916583752 39.022122657438 37.0868191992681 35.711592871582 34.6476270843468 34.1574802498617 35.1832584877889 35.4901494943466 35.1436073234796 34.9855360421403 34.3119794531723 33.8143038384513 34.2487527620403 34.1356585628712 32.3854219199977 32.0891910238952 32.9549671249998 33 33 33 33.5408725140824 34.7130472760203 35.6655894553451 36.7430701088833 38.2786028371948 39.1466358002723 40.0341653575668 40.3351540759351 39.8704964376411 38.6195652605185 39.2717475450673 39.5691187687739 40.3695176172846
34.7129895141698 36.1516414070016 37.653129670723 38.6774501386071 39.9630081460553 40.8468032529299 42.0600429171372 42.5377336015342 43.7228527998146 44.4165485905155 44.2116634603617 44.316780420067 44.316780420067 44.1639790175745 43.4437442060513 42.9108315575815 41.1594383997044 39.0359728101771 37.6905308385201 36.9925993628123 37.4757381306575 39.0837350511896 39.7323097327082 40.5869776700673 38.9721957423351 38.7512799826383 36.2385324070421 35.5074712078325 35.3311795978374 33.7863820958727 32.0728245601349 32.6749442921371 32.8935581593474 32.8558949374293 32.9099342499999 33.848689512514 35.0090064375706 35.6795577443429 37.2890670887433 38.5217316567725 39.3264396926478 40 40.032795490612 39.8845248693428 40.0671600251617 39.7950328750001 39.468456623766 39.9946587949884
35.3214286788045 36.7028144539166 38 39.2512674177609 40.2369368051053 41.7117046279297 42.4705728325902 43.9121596271858 45.4458793095992 45.9767146700669 45.1020750205747 45.0375264796372 45.2581879794257 45.4122257661174 45.4764317927612 45.3833632097571 42.9083839549332 40.0474547686214 37.7894378123588 38.1843719134826 39.1985054127963 39.9551924711876 40.4726206343917 42.2222963546369 41.8235601762885 42.6685850291273 39.1543210708566 36.1403710797921 35.2109655698605 33.0996683458825 32.2722580549889 32.4598492143156 32.1552669754178 31.8817678049351 32.3423849374998 32.9630566054724 34.9584334448527 35.8615402529295 37.6577048384741 38 38.7120405924472 39.9009278124293 40 40.0341653575668 40.0292769967213 39.9759814588508 39.6079714838829 38.8743661016387
