DATA/PredictorVariables/Future/2100/prec_ver_71_00.asc
NCOLS 590 
NROWS 274 
XLLCORNER -7.522276026 
YLLCORNER 35.996888128 
CELLSIZE 0.01 
NODATA_value -9999 
[rows 147 to 167 of 274, columns 432 to 479 of 590]
29 29 29 29.0240168232813 29.1125821875 29.7316383820639 30.491921412755 31.861898541996 32.7834864041271 31.7233195675765 32.295032875 32.9849899578629 33.8743661016388 34.9180144010201 36.4572717852669 36.85218284898 36.1561129588509 36.2124735203628 36.4919198489799 37.4101748208159 38.4116796818426 38.6517462705744 38.8198684999999 39.0563533022899 39.2159370916271 38.7453892963828 38.5889286342467 38.677263479637 38.6817670419959 38.7257626744899 38.7478156251411 38.5733348198527 39.3768028171691 38.6080886417407 38.4685445312499 38.4920239649238 39.1645952064762 39.375984359024 39.6795577443428 40.9782947614231 41.5664021801471 41.454967125 41.5939948695545 40.9053896853142 40.1490684216137 40.9924936046371 40.9060051304455 40.375
29.1801315000002 29.1080789687148 29.1350986250001 29.2750335619413 29.6925493125001 29.9726730307818 30 31.162478718439 32.6437817675742 32.288940382099 32.4819871248588 32.8506224826373 33.6978936575528 34.8739078125704 36.6730354510763 37.5676841251407 36.5304166129261 35.8540338575666 35.8468884998587 35.8991261126269 36.3416160450668 37.1339178061639 38 38.6213633441313 38.683219579933 38.0251589199962 36.8603723759918 36.9906702674329 37.011168230953 37.0248356249998 37.3910459616068 37.3900602949961 37.9291888870733 37.8956553576374 37.15372534375 37.6630762900979 38.3667570756508 38.8367559314475 39.4757579824251 39.9418433424469 40.5515323298622 40.7816583748584 41.3060785311353 40.8953320626409 39.7838420625703 40.6596109550034 40.8012347438925 40.3074506874999
30.0660489267188 29.6720529127551 29.795032875 29.934410582551 30 30 30 30.9108512070981 32.2269094632691 31.5076190779753 32.4630472760201 32.706114257353 33.868821165102 34.3210156323529 35.5247153395919 35.4919198489798 35 35 35.12298152602 35.3607410140819 35.879911417137 37.378753889223 37.8198684999998 37.7630544682386 37.8048584578626 37.7638656583727 36.7016158927746 36 35.9219435205745 35.9399570828628 36.3187109720858 36.5063592630098 36.7658291874292 37.6333777369898 36.9174406453628 36.0295380652844 36.4191833286166 36.4753064468627 36.6263726630589 37.7308867653747 38.2811948880096 38.4128271931569 39.6780774271484 39.4942390364796 38.6558941744898 39.0132891541268 39.7316584506507 39.6247269578624
30.8266053319717 30.1531118437149 30 30 30 30.0216159311724 30.1350986250001 31.2921732747527 31.7177066687213 31.8723043932831 32.9571514998591 33.521747545067 34 34.4857211076375 35 35 35 35 35 35.0144108498306 35.5614954550746 37.0819855989799 37 36.7105481129263 36.7515502950667 36.7155238576372 36.5622257120321 35.8649013749999 35.4645944435366 35.5465831700667 35.6285687690466 35.5124178124999 35.5811140004252 36.5732798749291 36.3360209824255 34.5572656207733 34.3357398229102 34.5192546370734 35.1321981656949 35.5100839653737 36.1813585000704 36.9580552049328 37.2727832076088 37.6002991876409 37.9063315375422 37.5447095800036 37.2829673364655 37.6254581076371
33.060501206206 31.079667975256 30.16512111429 30.1140825732818 30.1350986250006 30.2725124599215 30.7950328750002 31.5191691828535 32.1466450958737 33.1401305844734 33.9180144010201 34 34.2641936454346 35.1512557994915 35.1320957919966 35.0450328750002 35.0840621454338 35.0900657500004 35.1350986250006 35.389827543796 36.6720513489803 37 37 36 35.9774835624999 35.6558941744894 35.3935365046936 35.2049671249998 35 35 34.9939963954334 35 35.032795490612 35.1639743255099 35.1703335885191 34.4369952521849 33.714875114805 33.9759814588508 33.9924936046371 34.1971024405704 34.8481704448509 34.7621447703607 34.9612206298329 35.904173286478 36.9432077546917 36.4082133619883 35.2263516445248 35.5029174869865
33.8044766756231 32.4087072499297 31.1658510438626 30.7498152618848 30.8040393125706 30.9726730307818 30.9909935624294 31.3597499312506 33.214296857567 33.967204509388 34.0288210125142 34.117085749859 35.714050832043 36.795032875 35.9614969809535 35.5292036875709 35.7068454071276 35.7341708125708 35.9751643750002 36.83602567449 37 37 37 36.0360264374295 35.8975164375 35.0540393125706 35 35 34.9927945750847 34.8919213748587 34.8934169819297 34.9189406875705 34.8919213748587 34.8649013749999 34.1204964376411 33.48874178125 33.3603773114776 33.724958962757 33.6506045174328 33.2611003441309 32.3428430451369 32.1198630449958 32.2037093802648 33.4471876874995 34.0280553188271 34.1071219374994 32.3120425376919 31.3030826249288
34.3676636371881 33.6114350551471 32.2009270494899 31.2595862322483 31.04099279949 31 30.9665132522993 31.5196286921235 33.834878542137 33.9399570828628 34.2632746268941 34.9682344838833 36.868821165102 37.0525392703629 37.0780564794255 36.9861343416273 37.0762000916274 37.2413215494905 37.1951415421374 37.0960693545667 37.0675493125001 37.0060036045666 37 36.2900665129395 36 35.4185850291273 35.0180128751412 35 34.967204509388 34.37298152602 34.4411146107768 34.4584334448527 34.32794865102 34.204967125 34.0819855989799 33.5328203641835 33.1010357166272 33.01755527322 31.9047473857104 30.7030112075278 30.0808388102005 29.923799564799 30.1177930979554 31.1172205624996 31.4753031652198 31.3071773017888 31.2688411957926 28.2511723987203
34.5060792940747 33.0176902672918 31.704967125 31.2375209000913 31.0180132187147 31.0936684624578 31.1897325321075 31.784062908373 33.2109232252962 34.0194283575672 35.0815855638164 36.544263982567 37.2281672080042 37.6969676279301 37.8596421190343 38.3286898720708 38.5374789753668 39.3025392703629 38.2784725377962 37.6594211974393 37.4875821875001 37.2014533008768 37.120088582863 36.8921415335142 36.1951415421374 35.9658346424332 35.1600420784055 35 34.9879907294254 34.3025392703629 33.990067275879 34.1392411497041 34.042030041996 34.0078321031075 34 33.9726745945568 33.4534168299333 32.7309288808403 30.3993790811377 29.4300557943028 28.7530896437079 28.341887344607 28.5109217468153 28.9291744687848 29.1733943244548 28.7707889500765 28.4437009504464 25.9276257374932
33.5986021286481 32.595826713522 31.8902858328645 31.6932967347141 31.3972172877563 31.8286250373033 32.0273959280383 32.3960380326949 34.2074741077098 35.9177136875013 36.7555356825813 37.3456608126421 38.5644866692174 39.6332375451378 39.9801307370613 40.6854039547925 39.6059722069022 39.705290419997 39.3618132950677 38.5371518811239 38.0810593124298 37.9726745945568 37.7267146700671 37.8447267064765 37.2124232675043 36.0540393125708 35.5642265689779 35.0720528748592 34.9453398064633 34.6242311075672 34.5080801510205 34.6133510799333 34.2417363310662 34.044225474081 34 34 33.9324506874997 32.6023155913901 30.7165132522994 28.9431876861066 27.1824506874997 26.7320879165081 26.8555163163253 26.7453873890336 26.8974671880228 26.3204410354554 25.5510477163668 24.3302662747436
34.9327096549226 34.6024835625 33.6891881904297 32.5581872164863 33.0652301250003 33.3714312309534 33.0013078415587 33.865109076653 36.3446764536174 37.5952529578632 37.5514847520356 38.7447878693432 40.0605012062055 40.3337064869903 41.2323151119199 41.6108367556577 40.5270099832595 40.6541487426474 40.6477894796376 40.1505669562056 38.8042601583733 38.3902858328633 38.4278123125005 38.4942144926475 37.83602567449 36.5912128823531 36.5034511054729 35.7257381306575 35.2461787088511 35.0750557078629 34.9339527911491 34.7349899578628 34.3436464703332 34.1441170003491 34.0450328750001 34 33.504911417137 31.9826076622514 30.7091084295024 28.7165598799418 26.8825060517893 26.2053822663384 26.0300224892893 25.9215816062916 25.8878710295637 25.7586850499227 24.3334058439271 22.609305968785
35.1837933355903 34.5128668302059 33.8562182324258 34.0623708683265 34.5540393125706 34.223363362345 34.6195927325675 36.1458520743774 37.7720583298629 39.6230041074968 39.6119327423347 40.5251589199963 41.0134291881374 41.6925493125001 43.2936692253972 43.904972580004 42.15876662999 41.9556012047924 42.8711305174336 41.4089532754538 40.8279712324967 40.5041173449825 40.6677136875003 39.9498141174756 38.0990721875707 37.9971847833825 38.2347916935369 37.5220583298629 36.4735399380113 35.4587017949257 34.8434911996443 34.9969119200672 34.9515705119327 34.8114954550746 34.5021843748591 33.9351525500564 32.9298082050037 31.4631004002408 30.0481225187079 27.8976324129046 26.7515487312916 26.3724137692745 25.9655222938621 25.2804310312146 24.8677293105734 24.569295964544 23.0623584706315 21.3879903479557
35.2585483299333 34.7146763349438 34.378168733883 36.0115312564928 35.1662658416273 35.8332336706888 37.6552958750001 38.1186915502416 39.7944345755102 41.8591158676472 40.9076202602806 40.8342802426473 42.492836806078 42.2251643750001 43.8905264036789 45.1887822791273 43.9270083815881 43.8256294635201 45.072736520363 42.7094554729787 43.1593359505102 42.7052857826083 42.3752730421373 40.7237766718312 38.8262000916272 38.7904956352235 39.5629109375002 39.4468624301473 37.1833624468175 35.855652296383 36.1482529664861 36.7852072921372 36.664193109871 36.1472157239801 35.855652296383 33.7889089850255 32.74595992449 30.7187121543912 28.65993425 27.1575112116737 26.0525389267893 25.7348693288813 25.19860786199 24.9520754020443 24.0675288113366 23.2766577420025 22.7099334870605 21.2207479669189
36.809635062359 35.6320558504127 35.8189647949261 38.7679807686222 37.5028177675045 39.0929382055003 39.9052958750004 40.2839872188648 42.9413223124299 42.5322917675037 41.2578935055563 42.9105683297924 42.9326759684393 43.2590064375706 44.9284617576659 47.2270254548629 45.6524366183266 44.9447336873592 46.7413168574259 44.8007652743211 45.5472172498592 46.1416284809537 44.3114954550746 41.9930459798204 40.4285812049335 41.1128074684395 42.4987729999298 42.0130518922923 38.4017478505385 37.2615141074262 38.3217599809538 38.4556012047924 38.0131690878984 37.5900657500001 36.6310538574255 34.4690718820992 32.6531115001413 30.2807524188625 28.4031118437149 26.8233634002411 26.4282688563625 26.2735473375207 26.0686414999296 25.6388313875773 24.7612455004254 23.2698755187789 22.1378809557751 20.5897440187787
37.8781687338832 37.2170748945278 38.3435075260208 42.2854374673923 40.7586507791274 41.9270083815883 41.8100429171372 42.1057666968634 45.0941058255102 42.6812786323532 42.7939752203336 44.5381029838831 43.8808304356766 43.5086507791273 46.4646499488529 48.8643030755105 48.0655691947695 46.8833531931577 47.8856723806575 47.5219233357911 47.0681230681574 48.1741278954336 45.6472157239803 43.0166165296672 42.4428223546376 43.2711142070985 44.0889186176471 43.3429586931571 39.5145420446551 39.6356723806574 41.1320957919961 40.4081888181575 38.9237774347708 37.9474607296371 36.0681230681574 34.5136250875569 33.1743705364798 30.787989966486 29.1795589645444 27.9648908632423 27.2586511227009 27.1694986957936 27.3492926897997 27.0733087122454 25.2909834700377 23.8412125387796 21.5561142952492 20.1385646012794
39.3910169826379 39.6010183565204 42.03138806243 43.9167788941881 42.1391433925748 43.5443573060382 42.4465940800747 43.296657311989 45.9031115001413 44.7198919202083 45.2390152869607 45.2267146700669 44.4653597936501 44.7090118925746 47.9408623679007 50.8130457501412 50.6320558504127 49.3565283300746 49.3891433925748 49.8839856929859 48.4127520175044 49.1239850820429 47.1441050625707 44.8986503879553 44.7990776425747 45.5371518811229 43.847521892504 43.2484497049333 40.8251112886758 41.2111962674337 41.925470543524 41.8295090173629 40.2146623303587 38.2382162672926 37.0885154549334 34.8708197326376 32.4335428749295 30.7597495497809 29.4531044813622 28.747087275532 28.5941124249234 29.171432031789 29.1726737937212 29.0180132187147 26.6795106190341 25.3798249500067 22.4492029627335 20.5882031063624
42.1714530494927 43.239237735028 44.8868195130119 44.9242357238402 44.6373901411194 45.4415518005392 44.6599065786195 44.5551771154731 46.9572586411186 46.6373901411194 46.2507894036812 46.2505488328661 46.8840409703357 46.4849622864827 48.0327737041591 51.1795577443431 51.9889097479655 50.7095778286176 51.1818769318421 51.7718123798364 51.5813872994923 50.3972063945298 48.4514758823556 47.9528608369359 47.052511598983 47.4988220599276 45.5513644666293 44.5779209796396 43.3196061427312 44.0479008953652 43.2983636950667 43.5219181380125 41.6332329077517 40.8781687338839 38.1985347406175 35.9538047558143 33.1443259083748 31.2678816965072 29.453794726281 30.1967464658939 30.7973259548941 30.3524016333432 29.5092269398006 29.0069317984653 27.5358059351996 25.9567137770426 23.2175544723842 20.7684763619898
45.7115195624302 46.7796636321 47.4739373749301 46.8467275634217 47.5906998297926 48.0452382872433 47.6391433925748 47.4223824635912 49.1897720173633 49.6897720173632 48.8564095699541 49.8978397324965 50.3766802747296 50.2261210626421 50.9779080005824 52.0655534199968 52.3808625198972 50.9366309548623 50.2245302952078 53.0531645864658 54.2882101251415 53.3920658440061 51.9000234202085 51.0002507175886 50.4481443751414 50.3182728995878 48.4848048923633 48.0624528298635 46.8201581254416 47.4708492949973 46.5958200436508 47.0121475000715 45.2171746922789 42.4090305449262 38.7488910283078 37.4277225365266 35.7400891702086 33.949598493043 32.1307819812221 32.8554192127576 33.3406998297926 33.1860951629833 31.1478381687214 28.723888507024 26.3359420007 24.118634137577 22.7291818690336 20.5664571250705
49.011546470873 50.2794522135446 49.8262277630096 48.5593665308548 49.6628271931569 49.4240373516383 49.0265810568422 49.3316576119189 51.6813035551469 51.8735798255094 49.4281876959569 50.5687213676468 53.4429671838776 54.029446328617 53.430957913303 53.9111063051466 51.437863251799 49.7615464708729 49.1443477036169 52.5625974776723 55.1241504536166 54.7690798592598 53.8117883489796 51.4669857250268 50.7615682661165 50.5607615020345 51.0912378051468 51.9064679301471 51.2032317097569 51.6339514926471 51.2535807203331 50.9959599244899 49.2508091286926 45.4410796713838 43.4572309609464 41.9947633255112 39.442797431844 38.9930372397203 36.837148263011 35.7380812732208 35.8256294635202 34.662816797596 32.2315236380101 29.3761933226528 26.4578001599447 24.0906382854559 22.1662661852011 20.8689141227013
49.0139681075667 48.7890403754404 47.7962598750705 46.930675111494 48.4864411874065 46.9324988789176 45.8762772529295 46.8757642003688 49.9779794127958 48.9572863124999 47.7217225989798 48.1503314752958 51.2734703954332 53.3930981220702 51.8732869316044 51.0305159345702 52.7784593389701 50.1542539404297 48.1032524549331 50.9337326324938 52.492989454933 51.1070194883059 52.2973520624999 49.9231852825069 47.7380780377959 47.4310352050742 49.1506045174331 51.2955287252959 50.847597068157 50.7854301002958 50.7430537825068 50.314681292137 48.7776182993486 48.6438795247038 48.4171796164989 46.8025392703629 44.4677082324963 42.8934169819298 40.6363256250705 38.2337655560377 36.350299187641 34.7438528191032 32.6316872500707 29.9461051565763 27.3351056437789 25.209013799923 23.7768896061659 23.2316653936376
47.3447041249996 45.7949343760467 45.7355882573522 46.0291038143233 47.7998252589986 45.7826009877853 43.2965831700667 44.902838201076 47.387875920137 47.1251348126406 45.7622264749715 44.7819809827077 47.5043329694152 51.2092822050029 51.3622249490926 49.1043446423626 50.8710353570703 50.5736031699256 47.6925493125001 48.9088081191593 49.8841419373583 49.2159065326939 51.3164571250705 48.7853376696413 46.0285702949255 45.3550202113244 47.4978156251409 49.2245302952078 48.2732853299331 47.7707908574251 48.6484380319859 47.8860023300738 45.9532748011889 46.638186704933 47.0670639313217 46.6558894824253 44.521369305147 42.2549774447686 39.1882361948524 35.6429679468171 34.6241504536166 34.2004787770209 33.3331579977002 31.8753031273237 29.2361346852009 26.7147666002554 23.8946739640211 22.5242373255104
44.9445954578622 43.4668508664982 42.5662315872033 45.0610582653137 46.2212561091132 45.0937778384491 42.5923849374998 42.290544527021 45.1732234041267 44.3816568489795 44.1852385596289 43.2292289943424 44.7515277135899 47.1905553823522 49.8512863040424 49.1714807208729 47.7949343760467 49.8077514010197 47.9174406453628 46.9173348871876 47.3602906713826 49.2106323469446 50.8233348198526 48.0512666548215 45.32794865102 43.8665296489845 45.9041732864795 48.0692947443425 47.8258721045664 45.1553235463826 46.5815497835134 45.3291175786165 43.5801496233422 45.3146812921367 44.9256556090235 44.4526756088824 43.2504958502955 40.6204823629262 37.5341653575668 34.3381022209436 32.5934268720705 32.1219442835139 31.0732315294188 29.8531994173582 29.7455835919186 28.565899782839 26.1764209753262 24.1981447187149
