DATA/PredictorVariables/Future/2100/prec_ver_71_00.asc
NCOLS 590 
NROWS 274 
XLLCORNER -7.522276026 
YLLCORNER 35.996888128 
CELLSIZE 0.01 
NODATA_value -9999 
[rows 210 to 230 of 274, columns 240 to 287 of 590]
29.0521896638748 35.0305203395976 41.6322306046367 47.0718474661896 50.2691791684141 50.7370106390967 52.8127231422919 52.1075646797636 50.5169197558417 51.6283908737659 52.0433119869897 49.1288873187804 47.9439971583729 47.4669670661223 47.4986102195765 45.360513717589 42.9916269550748 39.3720960486531 37.6804043633155 39.6780211028839 41.5099267180859 41.8418650042188 40.783463441467 40.3048584578627 40.076681233259 40.7726458914315 39.7580028815477 40.0319809827077 39.8862115570144 38.197821767292 37.5823735248604 37.7293068997042 36.9381006950647 36.629911417137 36.0533504692859 36.2263267441864 35.0198692629393 33.0351787361284 29.5496712499995 24.9917685441206 21.6347768937787 20.4534183937084 20.5866543750708 21.9490909963146 23.3393083050801 25.6156779781034 26.7903945000006 27.6263123460851
30.4907682866678 35.1404297281098 40.1549725800039 44.3637598108754 46.5248079536176 48.9736491184127 52.4757381306575 51.01755527322 48.3918697435761 51.3207432261046 50.6093063123586 46.8988753950383 47.4363201700663 48.1721607249714 49.7421048405032 47.803230183878 44.8409920365505 41.1256904286174 37.3281596760902 37.9254642254181 39.6802408759916 40.4366309548623 39.5351517113246 39.2875767324961 39.3066422007217 39.4071435216829 38.8651294888133 38.4717225989795 39.1741476204468 37.8152577963825 37.3945404647138 38.3324322730996 37.4388607831248 35.9407259752959 35.7319871248588 35.8442764132761 33.6235798255094 30.8830014044185 27.2448131357104 24.0914622849548 21.33602567449 20.9879907294254 21.6160481637793 24.5130212766095 26.3276479375002 28.7080793501846 29.5292036875709 29.7744204998505
35.0115187994902 37.7921205857909 41.543860819853 46.3741592173062 48.3667624548626 51.9672161814481 54.4521898298628 51.2247664134828 49.0501957662622 50.5202118587549 49.32794865102 45.9853231427041 44.9407734795665 45.9188618477304 47.0525054610154 46.8741781249996 44.0866786619756 40.3645780800036 37.0208495096549 37.864901375 38.5695201007785 39.1564679301472 39.496989898985 39.3394674505103 39.47992074848 39.5822863124999 37.9499781814631 36.4347698749999 37.2260117714308 36.3039799325104 36.1531736907787 37.3122809192486 36.755281018177 35.4672996905709 35.8706623385201 33.4891503187809 30.9508727587633 28.6327842000217 25.7620960812787 22.9247051934108 21.3919210312852 20.8516713440056 21.849120533081 24.2899270449675 26.5745068749998 28.450120524244 29.975396900439 30.3351178927516
38.412118624859 41.6162166891791 44.2870333779302 46.5771443201523 48.1895753006232 52.7414996904753 56.5739085755099 54.3573773849783 51.1900898576515 48.7673686307166 48.8198684999998 47.3074506874999 43.7267561200316 42.0724431522957 43.3699959776262 41.5248356249998 40.1482951651013 38.3781905291267 36.3661948124199 37.5832430001415 38.3644865934242 39.2900712050041 41.0494511904301 42.2519583693504 40.4794776161514 37.8382717406173 35.6674406453628 34.9219435205745 35.5570486475182 36.4939194037115 36.1947336873592 38.1356585628703 36.7795269825674 36.5356656567023 36.690364937641 33.4223750082953 30.9340124300797 27.8004587463303 24.553683997701 21.7947820099118 20.918012837245 20.5865348349 21.4195352821072 21.8552740564632 23.2298027499997 24.6520922929998 25.6778226786426 27.6204841203345
39.344681992285 44.5233540801528 47.1496155654303 47.2666860440108 49.3520516541558 52.2712276524946 56.1467746292116 58.5666168583738 54.5210063786929 50.3158038806576 48.142605020363 46.8622517356261 44.8046648429701 40.4173903925038 40.4871847505813 40.0316583748584 36.7493830077684 36.3757688924331 36.5913527731573 39.4768897477745 40.3108323208167 41.1705550140785 42.8517146700669 41.9758494376504 38.9459425168476 36.1868809407084 35.5543626075671 34.5294418934803 35.5893136751879 37.0547931989803 37.4953892963827 38.7187322229779 38.4220790203622 37.2147999758734 35.2090317443421 33.9887160390123 31.3391087187847 27.8439336687914 25.4949606600854 23.0102435396804 21.1059604940807 21.2386948760931 20.9602551245128 21.5075060517893 21.9879907294254 22.7754081604556 22.8457413675056 22.8349399135089
40.5206431323055 45.8877509973414 50.0998040244925 50.4012557994904 49.9417923713534 52.6472433953625 56.2820480463137 58.9655238576372 56.1170310618633 52.5310647674335 49.0093297325671 46.292981339819 45.5458859969691 40.8885649448529 38.6359655140837 37.5716070359608 35.5711066656742 36.0432318623448 37.9097782490487 41.265747809599 42.8468884998587 42.8540522353001 42.8650378066575 40.4482593737657 38.7783019448525 36.8097149300762 36.2020991046366 33.9769202024036 34.7179366623074 36.2436989673055 36.3608566074252 35.4037097996307 35.4058894824253 34.2484773763155 31.9725379450241 30.9713213690335 28.6388091496741 26.2804310312146 24.4894981148166 22.9971082770445 21.6699167275086 22.1531118437149 21.494222952304 21.6242295437919 21.9453398064633 22.1708033312082 21.2780293815861 21
42.1149998739541 47.394739142365 50.9021079441184 51.7838420625696 51.2966573119895 50.8785966192506 53.4805802058166 57.2304010494864 56.9667686939195 54.2326707703639 50.3152301250014 46.7932335800734 44.8346287033959 41.5318461700679 38.328760626094 36.0918849332371 35.3418042859609 36.268822690981 40.157041306843 41.9362449944148 42.6558696306594 42.8988439979651 41.5508139391398 39.1982537511321 37.579198232567 35.0417362552739 33.3285519861462 32.004496032218 32.8404831364787 33.1696310213282 34.0854647323423 33.4988476664501 33.3463498301951 31.8615399093553 30.3224106103641 29.5585788263051 27.4665132522994 26.0571515377559 24.4640138590418 23.7147038357174 22.3474358930162 22.8169767770442 21.9369360792771 21.9921678968925 22.0060039481402 22.0783175953392 21.5402403453486 21.1981447187156
43.7809654457898 50.0490729505101 50.9833616838782 50.7009270494899 51.6290525681491 49.9394980098799 51.3583715190463 52.8538755437844 53.5701613939049 54.4969908949672 51.6394641366843 47.969569312359 44.9987582380678 42.6591924417115 39.7701972500003 36.373425000664 35.1030929902458 36.4216171134777 40.2515502950667 43.3609932569579 44.5875587672916 42.3196247856837 40.1446308397952 37.6591448463204 37.3897369999996 34.9433591864298 31.5265625615491 30.8645553525742 31.0649567392892 31.3761331897564 32.2694769365535 32.6352425229316 31.9274821018571 30.8765487312916 29.4969793399878 29.2009270494899 27.7443177830813 27.1501090107109 25.1262817385798 23.9688343979178 23.7861209209185 22.7987656375772 22.1929983302061 21.9643521836739 22.068895935483 22.4465282755108 21.8873636905423 22.3154917861731
45.436937162298 49.9923569941572 51.7941348395879 50.5352072921375 49.9221897211458 49.1677436083223 49.454967125 49.7305599922064 50.1553235463826 50.6314194057138 50.9726040719622 48.3855906760483 45.5999984741211 42.8932090817262 41.2071514998591 37.5679221856978 35.3723321030905 36.4203283907393 38.9821219374994 42.1330549477092 41.8897646713818 38.1500891531655 35.8108116307481 34.4430451627956 35.2321219374994 34.0383661260926 31.0442531439026 30.2740651687916 30.6971008767957 31.0658284244897 30.4203280471658 30.7609703102007 31.7672053102236 30.1475164375 29.7696841812505 28.7409935624294 28.4529131438339 27.5211028624226 25.3552740564632 24.2045074318925 24.042030041996 23.5080785872451 23.2206816573784 22.3473961697945 22.5282718398593 22.8202342740511 22.25 23.4369148995849
44.5985183545476 47.4329104841842 50.4250381024512 51.6231766627959 50.6797234257164 50.156039330784 49.6192694375707 49.0765303134213 49.2593297325669 49.7573304197942 50.2238565334415 48.352423419796 45.5619710642185 43.1277682052059 41.98788290102 38.6583839549332 36.125610219471 35.841670679367 36.2304724078387 37.8176622308117 36.4156739023606 35.7346816958157 32.4078513539379 32.2238469932774 32.4051576455038 32.2696487607105 30.2135896554231 29.4853981562147 30.2042240127897 29.9009278124294 29.8790045683241 30.3924770975856 31.4337326324938 30.0548581142892 29.3875325565538 28.8516118772994 27.7297826814128 26.5097994752552 25.5103720107109 24.8200252500068 24.5065298559533 24.2521840312854 24.1431772122451 24.1359786301642 24.2481420203763 24.6600590400716 -9999 24.4233269207231
45.8674083577083 46.5774019119762 48.3037160175741 50.4665257181681 50.5159221071432 51.9575123560828 51.4861343416273 50.0096952808553 50.204967125 50.8480347745399 49.9546438300035 48.2689612040956 45.255262556919 42.3108825635926 41.0114932889726 38.8048584578626 36.5445129824277 35.1892928780288 34.1703274209439 33.2251917028089 31.957751003118 30.8447041249996 29.9706659187361 29.7835206749225 29.8223450816169 29.6916810216289 29.1877727080037 28.6293392252548 29.6582093844106 29.2788757005098 29.3394971921233 29.4294548541058 29.6135583833359 28.9393601972082 28.7925415307816 29.3266216507833 28.782608463087 28.3267499020881 27.855846591919 26.3414928826526 25.8100432607108 25.4420296605263 25.3175493125001 25.2156984281599 25.9287043673477 26.3351525121602 26.1350986250001 26.1513104874861
47.1368440568426 48.0789754979651 47.6945677864801 49.2238902581898 49.5540393125706 51.1703335885198 52.3247505893154 50.6474885872956 49.9445753987941 50.1620792237793 48.5237983824937 46.7128909068426 44.1702414348731 40.7422205624996 39.6416648097855 37.8145960452079 36.8018556248586 34.6036576224649 32.7709271633842 31.0589994187915 29.6320182692964 28.7222966982104 28.022182909085 27.6068227877548 27.5538191539151 27.6143300304295 27.498874212733 27.4944045937851 28.2024757807815 28.2383807513282 28.4799267739561 28.6912043208233 28.7215262420023 27.7658013430823 27.8198684999998 28.0990392635934 28.0952766604554 27.8743520020254 27.7226586124933 27.4747816999435 26.257457706279 25.6993783181983 25.5934771249294 25.7852961642827 26 26.0387994387522 26.7575060517893 26.868821165102
46.0105567326372 48.7293946757159 47.9693433068503 47.6216508157081 49.438493187883 49.8322863124997 51.7779117671542 50.550456030727 49.4408447143018 48.2925258922916 46.5557505440742 43.738175794925 41.4091688998865 38.7478156251409 38.1541723603189 37.2494262443427 35.7813628234824 33.5465831700667 31.8482419685211 29.9324506874999 28.6158654485405 27.3757704562081 26.6666698455811 26.5 26.4333305358887 26.2727298736572 26.229563742959 26.7378813372448 26.8198684999998 26.9489770219869 27.344706809202 27.2042310150823 27.6652079249933 27.0300546119975 26.8829145937146 26.8213625432957 26.5807375812081 26.6740486548661 26.5479245979556 27.1270309309823 26.8608612994898 26 25.5490729505101 25.6447259435368 26 26.0273269692183 26.7916698455811 27
44.9637534039153 46.3583070446433 47.1393437310848 46.9207970753688 47.5997998362006 48.1487434375704 49.0727824446696 48.6930929776896 47.7625746180056 45.6899820056569 42.6619202526586 40.0675769838827 38.3741483833865 37.3975649265289 37.0434726961955 36.7729071388168 35.2051042866325 33.252184374859 31.7570722353564 29.625 27.7777805328369 -9999 -9999 -9999 -9999 -9999 -9999 26 26 26.5 26.7368392944336 26.8333301544189 26.7378813372449 26.4591259221429 26.286954287755 26.131178834898 26 26.0273269692183 26.0683197687082 26.0402496872797 25.954967125 25.9508727587633 25.98874178125 26 26 26 -9999 -9999
43.2688110189207 44.4352188927057 46.2764637141282 45.4653664635199 46.4161784253823 46.2257626744896 46.8632955746169 46.2196252131514 44.6392223674748 41.8984201425737 39.200731019897 37.2875767324961 36.7523923088722 36.4480541071472 35.9228010802058 36.3835280937497 35.032795490612 34.4000015258789 32 -9999 -9999 -9999 -9999 -9999 -9999 -9999 -9999 -9999 -9999 -9999 -9999 -9999 26 26 26 26 26 26 26 25.7542790825508 25.6149013749999 25.7272701263428 25.9375 26 -9999 -9999 -9999 -9999
42.2702190364549 43.1943843245388 44.5376220378414 44.4043391873586 44.7030888428723 44.4077498751408 44.4122655597948 43.4138907379317 41.0733025742164 39.1001490252454 36.9719225187663 36.6484454872817 36.4392112467212 36.2623576697959 35.648629126093 35 35 -9999 -9999 -9999 -9999 -9999 -9999 -9999 -9999 -9999 -9999 -9999 -9999 -9999 -9999 -9999 -9999 -9999 -9999 -9999 -9999 26 26 -9999 -9999 -9999 -9999 -9999 -9999 -9999 -9999 -9999
40.846050954544 41.2696208668651 42.7125615601348 43.0477431029185 42.9478163880805 42.5850812627486 41.6632693591899 40.8934053098697 39.0696101174888 37.8255264257145 36.438569379694 36.2918512120876 35.9279471251411 36 36 -9999 -9999 -9999 -9999 -9999 -9999 -9999 -9999 -9999 -9999 -9999 -9999 -9999 -9999 -9999 -9999 -9999 -9999 -9999 -9999 -9999 -9999 -9999 -9999 -9999 -9999 -9999 -9999 -9999 -9999 -9999 -9999 -9999
39.3239901609266 40.0822261697957 40.9300079301297 41.2743157324274 41.5529615942838 41.2772101628913 40.5633006230373 39.6025437052039 38.375 37.2000007629395 36.25 35.7368392944336 35.5999984741211 -9999 -9999 -9999 -9999 -9999 -9999 -9999 -9999 -9999 -9999 -9999 -9999 -9999 -9999 -9999 -9999 -9999 -9999 -9999 -9999 -9999 -9999 -9999 -9999 -9999 -9999 -9999 -9999 -9999 -9999 -9999 -9999 -9999 -9999 -9999
38.0450018583714 38.850924802162 39.3793376614797 40.2898456671369 40.4285697937012 40.8125 40.230770111084 39.25 -9999 -9999 -9999 -9999 -9999 -9999 -9999 -9999 -9999 -9999 -9999 -9999 -9999 -9999 -9999 -9999 -9999 -9999 -9999 -9999 -9999 -9999 -9999 -9999 -9999 -9999 -9999 -9999 -9999 -9999 -9999 -9999 -9999 -9999 -9999 -9999 -9999 -9999 -9999 -9999
36.6237820898609 37.9612212554548 38.375 39.3333282470703 -9999 -9999 -9999 -9999 -9999 -9999 -9999 -9999 -9999 -9999 -9999 -9999 -9999 -9999 -9999 -9999 -9999 -9999 -9999 -9999 -9999 -9999 -9999 -9999 -9999 -9999 -9999 -9999 -9999 -9999 -9999 -9999 -9999 -9999 -9999 -9999 -9999 -9999 -9999 -9999 -9999 -9999 -9999 -9999
36.4285697937012 37 -9999 -9999 -9999 -9999 -9999 -9999 -9999 -9999 -9999 -9999 -9999 -9999 -9999 -9999 -9999 -9999 -9999 -9999 -9999 -9999 -9999 -9999 -9999 -9999 -9999 -9999 -9999 -9999 -9999 -9999 -9999 -9999 -9999 -9999 -9999 -9999 -9999 -9999 -9999 -9999 -9999 -9999 -9999 -9999 -9999 -9999
