DATA/PredictorVariables/Future/2100/pte_pct.asc
ncols         590
nrows         274
xllcorner     -7.522276026
yllcorner     35.996888128
cellsize      0.01
NODATA_value  -9999
[rows 168 to 195 of 274, columns 252 to 314 of 590]
2.999707 3.285445 4.584718 6.621435 5.830481 4.890985 6.973349 7.016131 5.231236 7.234478 5.523293 3.873907 5.843325 3.398527 1.911402 0.9607429 0.9461144 0.8146265 2.082039 2.650235 3.043608 3.60594 3.351078 4.103465 0.9581247 3.791215 2.817959 3.545479 2.559831 0.2911245 0.5538285 1.815819 5.471987 3.039205 1.600628 0.8186369 0.5926036 0.7502339 0.9726768 1.187365 1.344471 1.23199 0.9596319 0.584337 0.6291897 0.6897319 0.6201582 0.7434282 1.624667 2.325032 8.841457 18.88302 9.690346 9.587414 5.828313 18.54408 24.67697 18.44078 7.151072 4.113059 4.56104 3.50629 4.559932
2.925456 2.229877 3.024114 5.241299 5.96572 5.891043 4.604564 3.180957 3.5044 6.649981 4.960185 3.098821 0.9934844 0.7398723 0.7236246 1.447299 1.665039 3.713467 3.064111 2.508221 4.631759 6.023868 4.163608 3.454554 2.825416 6.908855 5.532363 2.225664 0.8527345 0.5884411 0.6323273 1.051179 3.694755 2.646043 1.742517 1.598884 2.125895 3.776937 12.43149 11.79601 6.8957 1.616982 1.408777 1.026358 0.7476773 0.8171222 0.969877 1.82172 4.079786 8.127208 14.93768 19.04796 6.112511 2.555645 4.387073 15.7588 31.13223 7.737663 3.683383 3.272483 3.158151 7.491162 5.596162
5.221193 4.531853 4.485221 5.077993 4.65952 4.778999 4.439314 5.571263 4.135266 4.424507 6.981222 5.187783 1.016199 1.889346 0.3951336 0.5681029 3.987474 6.52135 6.491654 1.996439 3.443073 2.672274 2.395919 1.622376 3.101105 7.971903 4.169193 0.9535177 0.9192957 1.589539 2.767902 9.055264 4.966195 3.023921 2.849674 2.347199 5.68026 14.50314 11.35161 10.10083 16.16904 5.787029 2.017058 3.0214 3.510105 2.177513 1.526095 2.547934 12.53945 18.9085 11.75551 11.14832 4.505577 2.624756 3.300324 8.06944 25.68867 18.41245 5.454036 7.255527 7.527805 6.144387 10.10775
7.83844 7.680456 8.116355 8.284549 6.405931 6.353136 4.020702 4.646177 6.45318 6.275881 6.853414 8.309979 4.968651 4.753094 2.593229 2.476533 4.774291 3.135646 2.279214 2.648438 2.772056 3.787334 2.846976 5.609955 7.360618 2.803307 3.717064 1.472341 2.054593 4.574788 6.677882 8.668458 9.815529 10.05541 10.2011 8.319062 10.33525 13.10412 6.287796 2.381338 9.712905 12.87816 5.032161 6.870054 6.9988 9.19569 10.31952 11.92354 19.213 7.639878 3.632691 7.063859 5.370697 3.407326 2.784859 3.263541 14.43159 21.55155 14.55389 5.407736 5.776566 4.615114 6.391242
3.317641 3.214611 2.909104 3.771 2.916392 3.737525 5.012364 5.853285 6.10514 8.575802 13.05375 10.56941 5.582767 4.169764 2.4871 2.180822 1.46341 0.9394337 1.099175 1.723019 1.480242 2.663213 3.427648 3.793366 5.712706 3.942306 3.387334 3.323137 9.690362 13.46992 12.52571 10.24447 8.3378 6.744013 6.487228 9.345122 13.26657 18.8524 8.78348 5.359609 13.05299 20.25138 19.41231 16.48339 9.660674 11.11842 8.947671 17.8757 17.3278 6.58716 3.269338 4.204741 2.710225 3.440479 3.581875 6.52168 9.962698 14.49597 17.00538 12.74708 8.697136 5.899691 7.187474
4.401823 3.079924 1.468353 1.785278 2.746314 3.174859 3.205298 2.974424 2.331732 5.20617 6.302458 4.790333 6.390202 7.491789 5.508694 4.691924 3.135305 3.294677 3.234935 3.41955 1.944251 1.224962 1.881067 2.920542 4.241026 6.842221 2.745551 8.331875 15.47127 6.021357 7.379733 4.270175 2.678253 3.701486 2.510601 5.034023 12.41133 13.43225 12.5304 5.599393 9.612553 8.52377 7.547558 10.50021 8.507745 8.059774 5.370339 15.60507 13.38717 7.985704 5.253134 5.539472 4.425867 4.38439 4.942799 8.368792 20.61872 29.99547 27.69413 18.7438 6.900116 13.45547 9.492269
11.30384 6.844663 2.70444 1.53706 4.092864 1.860909 4.123884 2.942768 16.82121 30.45576 24.77237 15.5759 9.20876 12.6396 11.82388 11.71949 11.91347 7.901112 5.696249 4.084325 3.603788 4.589279 5.813227 3.590487 4.159389 4.358288 8.215394 16.09855 11.39109 5.35354 3.10561 1.784995 1.633025 2.007622 4.089244 4.136256 5.231681 11.95262 11.51631 8.117306 7.497215 10.66287 10.99612 8.25332 10.92913 8.731811 7.384504 7.366206 13.96765 10.31149 11.24152 8.564688 7.989815 5.729014 5.744541 7.474899 22.1035 15.77017 16.93083 15.55801 6.938179 4.988554 6.903524
15.32632 11.44797 8.875102 6.852685 5.658217 5.156806 3.716152 14.8983 19.92002 25.52843 14.04842 16.85448 20.8449 20.73281 12.43596 23.80246 12.08949 6.159632 10.5875 12.14575 7.103195 8.290833 9.258261 6.13648 5.895984 8.676261 10.98214 10.26838 9.357638 6.551778 4.760975 4.438533 4.211627 6.04255 6.466491 5.160519 10.46927 15.07472 9.929578 8.453079 12.86563 18.43579 14.97461 28.09379 37.62472 36.95605 31.40596 33.50609 38.29003 34.82403 22.78951 32.5567 38.41497 39.71294 27.00615 17.48662 12.90124 13.64922 14.20507 10.55043 6.394383 12.43042 28.34064
13.08322 8.598827 5.59757 8.788023 13.10932 12.28545 8.297839 11.59585 10.48509 5.632853 5.438607 4.231359 7.000041 14.24084 22.98254 34.63451 20.73827 7.171546 9.961873 9.098595 4.861724 4.699693 6.010108 4.455997 6.432559 7.257929 7.508124 10.57788 13.70093 9.680269 7.008272 11.29741 11.09272 12.23785 13.3636 13.09108 11.58121 20.69949 32.74469 37.82359 44.50691 50.23586 36.75399 15.41315 17.47625 14.32174 18.76252 15.89461 21.52417 28.96766 28.12193 19.82 28.92824 28.08051 22.92977 30.52183 9.330772 13.95522 14.32655 7.70975 12.93304 27.56998 23.20865
24.15497 11.02095 12.32643 14.25245 15.05993 16.44911 8.449541 9.410846 7.098906 4.565362 5.403871 8.566122 10.6096 9.373257 7.560825 7.972224 4.646007 7.213609 8.681391 14.00187 14.97102 2.917365 6.520502 14.34608 23.81594 23.7156 13.94863 8.857486 10.97843 12.79557 13.30481 13.3907 15.03401 11.75785 12.91226 12.81685 12.52458 17.10435 18.24959 20.57426 20.459 22.42976 9.294566 15.05567 15.25988 21.23899 21.02207 18.22532 24.15826 23.51743 14.52475 23.43648 14.70525 21.14998 31.17959 19.72113 27.71025 27.63592 19.8224 24.14365 25.8704 23.06496 30.35394
16.29143 8.729486 6.415899 8.852505 15.6667 9.653704 9.714044 11.92455 7.999243 4.684909 6.808474 7.81845 7.40506 6.761523 5.465071 6.418276 1.730911 3.707429 9.608845 11.50016 15.01775 9.836391 21.35752 38.52771 24.59159 26.31987 19.92749 17.15538 33.51481 45.6871 39.34019 15.93181 16.36125 16.4309 16.48036 18.03746 15.37533 14.75631 16.16792 16.45774 18.35257 18.57467 17.66906 14.74866 11.11602 23.87999 33.76141 29.57924 23.11026 21.48444 24.65156 19.8872 22.25847 17.06593 16.47694 18.63222 13.12358 21.92466 17.8818 24.29678 33.84755 26.17346 23.82209
5.134103 3.291159 3.417782 4.981801 6.871345 10.57614 13.85154 14.27718 11.64361 10.41715 8.830647 9.653737 6.864804 6.159628 6.292534 5.949885 5.924307 10.18612 12.79705 10.7364 7.722509 25.27364 16.33369 27.81554 25.2548 27.99333 25.65778 36.60448 34.65023 34.26897 32.5582 32.07262 12.2528 14.23321 16.93637 12.06478 13.27649 10.58673 16.25977 22.7085 22.82111 21.17535 13.37575 22.57202 30.29684 21.12922 18.27062 16.85615 17.15997 18.05872 15.99428 16.92077 19.97692 17.12576 15.85933 18.95083 13.58483 20.26739 17.73463 24.16744 23.32369 16.16897 15.19801
3.618449 2.498465 2.994986 3.283742 7.492997 11.50375 9.887448 10.30511 18.93323 14.60777 12.1913 11.27229 10.70398 7.453398 7.708387 5.05848 7.268215 5.397601 7.110887 8.244554 16.40214 25.10401 37.95947 31.65715 28.36895 31.07663 27.46016 25.18318 30.85519 38.04329 47.08529 30.73707 12.2821 15.88279 13.73773 13.34599 15.70088 10.95518 11.2226 22.81099 21.66132 14.78582 11.55809 14.79483 14.63175 14.78161 14.07455 13.61884 13.2456 15.03432 16.3317 17.54095 20.99858 19.57727 16.6313 11.22281 11.22918 8.721114 11.19633 13.32461 13.58337 12.89761 14.66056
4.833305 4.689953 4.187116 4.294355 4.984743 5.544592 12.87708 21.47288 13.88082 8.880131 11.83249 13.70635 13.2791 8.578751 7.613763 6.318532 6.238834 7.548988 3.346538 4.382437 30.20231 27.42447 38.1832 43.65784 43.37347 44.54361 44.09761 24.81004 17.13539 24.26965 19.45393 11.31311 16.00421 16.27829 12.77341 15.28782 15.35996 12.58399 12.19009 14.24619 14.47693 10.2068 9.674714 13.42992 7.875758 8.165649 11.55272 11.00078 12.13372 17.39769 16.30116 17.03462 18.11782 24.87022 17.93576 14.85385 11.74908 12.4556 13.48625 12.14978 12.70884 11.07223 13.69323
5.651179 8.860578 6.485583 5.388576 6.792775 11.99399 31.90116 22.57802 21.05362 13.2305 10.90795 15.09998 12.17398 15.61267 12.30473 9.09841 7.392418 4.654144 5.388159 11.61376 14.68887 33.44231 36.27217 39.69704 36.20173 34.43222 25.6208 17.5403 12.38842 20.13951 18.81338 13.94655 11.10509 16.19978 13.26887 11.07555 14.02815 15.27289 15.14548 15.03395 13.44491 14.4404 17.42927 18.157 12.9725 16.47285 11.15435 10.94461 11.49505 13.80947 17.2902 15.46448 14.05377 12.61393 18.39685 16.01827 9.210375 7.982208 9.740959 8.527426 11.08962 11.10165 9.546418
6.625385 7.711401 7.167338 8.128803 7.805406 27.8515 19.55762 16.83362 20.5201 14.16667 9.334143 10.295 13.42257 12.89528 13.06462 9.619594 4.813115 8.137956 14.52239 14.88468 16.9606 14.66988 23.57519 34.39122 22.74119 16.49765 19.38273 16.78813 12.92786 16.66073 11.67044 10.23416 12.77205 13.27206 13.03281 9.831812 14.86729 14.39722 15.42655 13.65236 13.85615 11.94302 13.61285 16.52524 12.09633 11.65766 8.151887 8.708279 10.78401 9.132944 10.65862 9.843502 10.77539 10.61184 10.56995 10.49648 10.092 8.478524 8.399685 8.856524 8.41292 7.701445 7.682053
12.0522 5.822381 6.024133 7.686902 9.046834 24.15745 20.29427 18.18249 11.64344 11.49107 10.24726 16.62215 11.85704 7.730624 9.578495 6.18411 7.978261 15.06505 14.39894 20.55572 18.71377 14.38801 12.86533 20.53621 22.7171 16.76543 13.09057 13.32001 10.35378 12.2509 14.93363 13.24894 12.22623 17.76423 16.29309 12.05409 12.28453 8.039459 12.49232 11.9917 13.81154 11.55869 18.96409 12.14368 7.629888 11.00224 9.051854 10.66872 10.96052 5.327588 10.74275 13.09322 19.30787 20.08314 21.67667 19.4422 15.87619 15.10145 20.02039 15.97138 16.48385 15.7216 12.71167
9.509524 9.642459 10.10768 10.05285 12.37879 13.52139 11.15305 10.37293 11.08052 13.18902 11.52522 14.76239 13.76206 7.469709 5.830376 7.296113 10.41723 10.96066 13.55479 11.56347 11.87063 11.65326 16.20439 17.89954 22.45769 21.42692 10.95617 7.870153 12.13427 10.82493 8.820507 7.407661 12.42447 11.84074 21.19504 13.84439 16.65763 11.391 9.516295 9.481633 9.447865 10.86016 13.77626 12.84421 13.8419 13.36992 8.126388 10.01839 9.537798 8.749903 11.18512 19.74642 19.88901 20.80079 29.48676 20.89129 22.0057 20.25519 25.57426 20.27589 16.87486 14.94034 16.84855
3.478184 12.26342 13.3219 11.0216 12.77932 10.57342 12.15101 11.94484 12.18275 13.85639 14.24575 12.70172 13.33189 15.99143 11.74506 13.1024 13.46944 15.83039 15.71553 13.56179 16.04399 19.58416 19.24615 29.43771 20.43209 20.19955 13.83334 12.84549 5.542582 10.82523 4.900715 8.800342 9.044044 12.94074 22.43418 21.0158 17.55073 16.71624 21.61893 18.30487 18.84487 8.960008 7.933486 5.014899 16.75375 16.89058 16.86488 14.16654 15.97055 17.82079 17.68514 26.81654 22.55093 25.49426 17.72399 19.9155 21.15793 24.90835 24.69758 22.04959 19.09109 15.22939 19.04824
11.62427 16.52118 11.43766 13.21157 18.35313 10.33492 10.56121 13.91274 15.5698 10.59961 15.57265 13.99388 14.67148 18.60989 24.14423 21.15886 15.60776 16.47999 15.90735 15.17488 17.685 17.2972 29.71817 30.20537 33.76678 30.46289 20.47141 14.82179 5.07578 12.20078 6.699574 8.64305 9.350545 8.634199 9.386059 16.39824 16.30841 20.28053 27.57771 21.73498 9.845723 9.414616 10.42513 7.681192 10.86234 18.11589 17.40063 21.3511 19.13825 23.59171 20.84803 21.57435 13.88731 13.89275 14.39036 24.28175 18.12616 30.06326 22.8127 22.10712 21.09394 18.29073 21.13923
12.93899 12.95392 13.33371 17.22205 13.94079 14.24773 11.11654 12.43162 12.91444 12.83529 13.22588 18.00433 26.50119 34.32368 41.20162 29.15392 20.57648 13.67214 23.20884 18.54926 20.90917 23.24065 28.87768 30.89678 20.08331 24.12795 22.67388 17.91114 13.55653 5.870792 7.2514 6.756937 5.071156 8.133718 13.31716 17.86189 24.04475 22.58748 22.7362 18.67286 22.71568 13.98302 13.26138 8.464808 6.721187 7.267852 9.248982 17.46025 15.6815 13.33829 20.61964 22.94334 20.36647 15.85586 24.15975 23.8446 30.52248 26.431 21.74113 26.53796 22.58818 16.62631 19.38633
10.81395 18.20648 21.12621 21.03551 17.39499 24.61642 12.57252 14.05041 14.37949 16.30056 8.240997 16.01051 31.67056 39.67459 33.30698 34.08045 27.94821 15.70695 11.73255 14.17014 24.03113 18.01339 28.05664 26.17631 23.26029 25.48453 26.96422 14.98705 15.51799 13.59556 8.165164 6.516989 10.64429 15.87805 15.13921 16.65497 14.68454 16.92711 16.13116 12.64421 21.78829 24.05151 14.14033 16.16575 9.679592 7.380272 17.30676 18.50738 18.88678 16.05001 14.87274 20.21664 22.09533 21.42877 27.30489 17.85562 29.32459 35.69861 33.79447 24.21763 23.53399 21.25462 16.31428
20.11114 35.96989 24.38734 12.59425 14.17283 23.15445 8.648806 13.02544 15.01409 18.09521 7.522083 16.03287 30.3467 40.65347 25.25939 35.10624 35.93606 18.65535 15.38173 17.77205 22.20333 22.5379 19.34923 9.188575 10.03126 8.163011 8.987232 20.55844 27.64411 25.87819 10.38268 3.222903 19.98263 14.58226 16.83714 15.816 21.64629 17.34005 16.50308 18.5677 21.99472 21.62475 16.8162 15.00661 12.28131 11.35051 11.57833 23.58192 13.98328 16.11959 16.60028 15.79665 16.39749 19.64897 25.23771 20.55897 35.28925 28.40934 29.60965 24.4444 29.82551 21.60855 21.51604
34.5424 15.65756 18.48994 15.69865 23.03768 17.72515 7.899173 12.69975 15.99818 14.29617 6.148899 9.588674 13.01912 14.67611 33.04237 41.81304 40.39985 20.03442 15.75239 15.76723 19.50648 17.96614 10.93305 12.09122 11.12609 10.34284 14.02999 19.82862 22.71335 16.20824 13.663 21.25639 22.64043 17.62843 13.16534 10.55067 15.35173 17.6387 15.8406 22.28822 17.8458 28.11891 18.29399 15.29122 15.30785 13.84635 15.08268 14.4688 22.57655 19.58041 14.37291 16.64285 15.87272 15.39634 22.2057 15.65796 17.24112 16.95411 18.37883 20.4973 28.29002 29.37115 20.5055
16.86439 12.48435 29.90834 25.0016 19.04969 10.9062 9.336764 10.84704 12.68062 10.08589 9.506801 9.474502 8.979321 12.86026 18.70233 30.68934 28.70933 15.66147 16.24111 18.62823 19.59338 21.43824 19.41692 17.79445 12.81763 9.568252 14.15169 18.00191 16.88536 12.70284 -9999 11.53795 20.15016 18.95217 11.6424 10.33433 13.8565 12.43482 12.83899 15.36546 18.01122 22.82851 19.88707 15.33843 12.36293 12.34943 17.65515 15.79914 14.37252 23.29357 13.17157 19.63379 20.89837 15.82816 20.96778 23.33644 18.83489 16.89693 24.1739 26.52435 26.35286 21.62577 24.25726
13.6545 12.86538 27.54848 23.28782 12.34592 7.478586 7.82079 9.107359 9.521992 13.83755 7.388236 9.257052 10.64734 15.41856 34.65742 29.06131 24.66461 16.08403 13.40162 10.70641 11.04442 15.19717 17.20812 13.15093 10.08525 13.37873 11.78414 13.45076 13.54959 12.29569 4.827997 11.90815 23.87976 21.15949 15.60575 10.71978 13.36727 13.28032 13.57017 13.29409 14.97941 18.45732 13.6018 10.03738 14.20575 19.41633 16.54284 18.73468 12.14584 17.46923 11.00297 17.26224 17.78532 14.69835 17.17693 21.62873 19.68513 17.5288 21.1122 23.24396 19.1739 26.55088 26.62974
11.24394 15.55419 23.52293 16.3665 8.357582 5.885158 7.566772 13.13289 17.59128 19.07592 20.12181 13.49562 23.45201 37.60205 31.28413 39.49443 24.4663 16.72216 9.992169 12.6981 20.65703 17.7112 16.23981 8.107669 14.07288 10.72785 10.6506 9.675167 7.510626 9.485802 9.754225 10.12808 17.65309 18.26701 17.3135 8.011929 9.850728 14.36111 15.87467 12.87991 15.74988 12.05538 11.91563 12.26823 18.15805 16.95811 18.82124 15.18592 11.35973 18.04247 8.59264 14.01226 14.25598 12.79906 19.1135 24.3504 17.8955 21.01116 21.19715 19.06777 18.62587 22.65573 27.85994
27.24818 31.81143 29.96488 21.78112 15.46117 11.7271 10.80914 14.42083 19.75353 16.87425 25.81984 39.54756 38.91107 31.40267 28.88502 30.57821 18.19763 13.96346 10.47565 18.1319 19.96976 20.4073 12.12967 8.839019 9.98715 11.36737 10.53695 9.746503 5.04234 13.51501 21.6432 17.32871 13.23627 17.51432 14.65337 12.08348 10.36095 11.99155 12.97819 12.91386 12.29981 10.17108 10.24995 12.40203 15.46657 15.18833 13.65473 10.1033 14.31 11.81031 15.59252 10.95369 18.47989 18.45496 16.82363 25.68559 15.91487 21.64259 18.17761 18.70032 18.91732 16.97386 32.54006
