DATA/PredictorVariables/Future/2100/pte_pct.asc
ncols         590
nrows         274
xllcorner     -7.522276026
yllcorner     35.996888128
cellsize      0.01
NODATA_value  -9999
[rows 28 to 55 of 274, columns 378 to 440 of 590]
-9999 -9999 -9999 -9999 -9999 -9999 -9999 -9999 -9999 -9999 -9999 -9999 -9999 -9999 -9999 -9999 9.995381 9.872173 5.3683 -9999 -9999 -9999 -9999 -9999 -9999 -9999 -9999 -9999 -9999 -9999 -9999 -9999 -9999 -9999 -9999 -9999 2.163869 4.641438 6.518276 4.958892 5.491456 7.853219 6.328485 4.679901 5.959863 17.53277 18.10272 24.22765 28.46262 27.87696 23.07729 14.06209 16.07987 9.469265 22.49027 33.40081 23.90686 -9999 -9999 -9999 -9999 -9999 13.7372
-9999 -9999 -9999 -9999 -9999 -9999 -9999 -9999 -9999 -9999 -9999 -9999 -9999 -9999 -9999 -9999 15.04965 15.22949 14.26468 14.32929 13.05398 -9999 -9999 -9999 -9999 -9999 -9999 -9999 -9999 -9999 -9999 -9999 -9999 -9999 -9999 -9999 8.872369 12.74891 7.013789 4.54831 5.76543 5.565355 10.99779 7.782176 13.01244 18.49277 26.14667 28.54368 30.2889 24.46838 15.73052 17.51085 18.80431 22.54655 30.94038 25.36926 25.82336 10.79309 11.00804 12.306 5.242799 11.03808 11.7215
-9999 -9999 -9999 -9999 -9999 -9999 -9999 -9999 -9999 -9999 -9999 -9999 -9999 -9999 -9999 9.319935 17.41748 14.41996 14.40715 12.64067 15.9982 -9999 -9999 -9999 -9999 -9999 -9999 -9999 -9999 -9999 -9999 -9999 -9999 -9999 3.773152 2.754734 7.125132 10.15846 7.041053 5.014691 5.946991 4.836974 6.00125 7.009399 6.905502 17.3177 15.53764 22.40631 21.98309 20.42752 25.27064 18.13815 25.02736 25.24908 24.2332 22.47997 20.19015 12.82085 17.18323 15.59622 12.0024 11.54486 7.974393
-9999 7.716225 7.479294 -9999 -9999 -9999 -9999 -9999 -9999 -9999 -9999 -9999 -9999 -9999 -9999 11.913 14.66829 9.353203 15.08392 12.84726 10.50227 -9999 -9999 -9999 -9999 -9999 -9999 -9999 -9999 -9999 -9999 -9999 -9999 18.37814 9.33036 3.659295 3.940411 5.252709 6.144289 6.398114 5.884119 6.269579 8.457861 7.6787 6.948881 10.72591 19.74606 16.09744 18.40927 10.31048 13.55157 15.99541 10.81748 17.61621 17.1651 20.50735 16.89301 14.79294 11.06991 11.2568 16.25883 14.9549 13.48019
14.64019 13.482 19.46755 34.66887 38.19465 38.32429 29.20948 -9999 -9999 -9999 -9999 -9999 -9999 -9999 -9999 22.09441 21.93573 19.97122 28.79165 27.08612 25.63201 17.12562 17.51992 -9999 -9999 -9999 -9999 -9999 -9999 -9999 -9999 -9999 15.84938 23.2015 12.47554 11.15787 8.891829 5.141144 6.116738 6.186128 7.099116 9.561807 7.437778 8.267818 7.890419 6.36398 7.81534 14.40793 24.23953 20.55573 20.8242 17.87399 13.445 14.00547 16.06519 19.95723 14.54416 11.88327 10.79201 17.31951 22.01599 19.6284 20.69638
19.95042 31.88275 31.26464 23.32614 13.98234 26.19544 21.81046 22.93697 22.18932 22.6797 29.13481 -9999 -9999 -9999 12.86153 22.1591 16.61252 17.15969 19.40541 18.33637 14.77174 20.54316 30.53594 26.55128 15.23231 10.6206 10.49061 -9999 10.44724 7.197174 12.0224 15.83788 20.80399 21.27497 11.36172 11.20293 9.365513 6.014175 10.91326 11.28929 8.900699 9.278136 7.455793 8.740094 8.487953 11.42714 8.253072 13.08134 26.16273 22.04198 13.80701 8.735452 9.508201 14.62306 10.19596 9.802979 7.041091 10.05738 19.67127 21.60751 21.0777 20.79685 19.58542
23.47997 20.75924 10.66294 13.92471 21.47277 22.04124 31.2819 31.73108 25.79041 29.54875 22.67997 19.67475 19.91754 19.21299 27.47454 15.89477 18.71442 17.04692 12.72028 12.06911 15.18931 15.17068 17.13442 30.53229 33.29789 18.57712 22.4169 17.4578 12.7043 14.45482 16.22161 16.44895 18.19628 10.81477 19.44899 14.97716 12.55739 13.96376 12.22655 14.38844 10.73674 6.997495 6.281038 5.882026 5.895792 10.34181 16.85217 17.94535 23.91566 19.203 13.16927 12.98207 15.02658 9.04277 7.914921 5.646984 6.051196 10.51922 15.16754 14.40638 18.24945 18.6274 15.56567
20.50407 26.03054 33.86525 36.15842 34.71309 35.37615 28.76803 29.2726 22.94586 11.71768 20.92768 22.97728 26.27777 23.33673 20.02195 15.44412 19.58964 19.2293 17.4837 16.10356 15.47681 20.27955 21.48381 19.21572 27.77732 26.5802 24.20107 18.63787 22.30165 18.07491 25.47132 26.05699 15.96294 19.83664 29.46005 24.9428 17.22148 9.736929 10.88224 11.55825 12.67969 10.97343 12.52506 12.41522 11.59552 11.83583 16.39329 15.21763 19.13938 17.74567 11.96614 11.73248 13.81996 13.35273 13.03576 10.75011 13.86003 15.12934 16.20223 14.66477 8.181868 10.87882 8.773695
31.99399 31.6042 45.1466 40.43806 38.68681 29.79705 31.8192 29.97335 21.9297 25.67982 14.59868 15.43065 15.97619 16.28618 10.16919 6.619043 11.26713 18.54874 17.15797 15.06633 10.86803 8.259395 9.476274 14.97647 13.10878 17.46149 15.84548 18.2462 18.07392 13.7715 16.67737 17.85659 10.38921 15.89142 16.71923 14.25608 16.33924 16.0529 16.79837 11.88955 8.679176 9.164616 7.677048 9.856256 9.639074 14.12676 16.78549 15.3006 23.29706 23.54224 8.794672 13.09859 15.8108 10.94734 10.28997 16.99692 16.53637 16.96754 7.753374 5.8697 4.988505 7.527566 4.689368
14.53151 30.79028 28.64938 15.80972 19.68834 18.76652 25.0286 23.37855 17.79648 12.51759 11.00273 13.55517 14.28923 15.28878 7.68628 5.949731 5.148994 4.479448 9.336388 12.96038 11.92868 9.71087 16.87259 14.54599 15.33856 15.31748 20.78314 8.475309 9.487849 11.65767 18.59867 17.61798 14.99181 9.584855 12.68353 17.92844 18.92371 21.50689 16.59843 10.52823 10.23579 14.45694 13.33789 10.1315 8.513675 12.11735 25.19954 18.3276 19.19753 14.20207 24.06966 12.35917 11.87927 12.51751 15.70108 17.72801 15.43582 12.62667 11.73398 7.81325 6.259864 5.958693 3.282001
15.36891 25.34109 24.92569 16.70293 22.45368 24.3204 13.73256 12.21555 15.51729 16.29229 19.81307 17.59386 18.75695 18.6044 8.325472 11.29531 10.76668 4.257628 5.408066 7.187695 10.11944 13.44602 12.14874 14.15407 17.71053 15.66707 14.55388 14.54011 20.72812 18.66294 17.68454 19.66354 15.39603 14.70923 15.53159 18.92053 15.2865 14.67859 7.737239 7.342083 8.511294 9.616881 11.08901 14.7713 17.03913 20.16713 23.01386 31.86395 19.30881 4.131701 6.813665 13.92551 17.55651 18.59483 17.11285 15.69709 15.19842 9.477139 10.11676 10.35544 6.891879 4.03739 4.723211
12.66407 12.15559 29.21756 25.63343 30.99396 18.86975 10.32111 20.69644 20.0647 16.7791 27.2882 21.59894 23.26333 20.16079 9.2637 9.963327 6.822258 7.403404 7.604987 4.040999 6.20391 5.314924 8.671267 14.0747 19.96369 16.40243 11.62295 9.138898 12.21198 13.70005 11.93217 17.59876 14.98446 15.04944 15.65597 15.36214 12.18995 10.25248 9.410074 10.25428 12.43529 14.72424 13.83246 17.56631 23.86661 22.5225 24.44106 22.63867 17.42631 13.65373 18.15451 13.71441 9.818102 8.398375 6.004143 5.660731 5.842065 5.887987 6.574696 13.82911 4.449656 3.988349 3.845551
17.10527 14.26871 25.85908 28.84529 31.46863 23.44856 21.26387 26.23794 23.67953 23.30334 21.83456 24.48947 18.16022 12.96224 5.388086 5.433785 7.343167 6.959513 6.504609 4.57883 5.134274 4.419117 8.182108 18.85332 19.78513 25.71769 16.48299 9.345911 22.71062 20.6824 8.935082 5.838448 10.18484 17.31019 22.2534 19.13917 24.37794 11.57301 4.114823 8.099998 10.47359 11.2379 9.576719 5.586498 16.34468 17.83416 19.57016 21.34365 24.49567 19.54103 20.20731 19.68031 16.06045 15.23001 10.45018 5.344281 6.078898 6.641253 14.30355 11.68363 2.708945 1.880955 2.113282
8.01276 17.30182 25.27837 25.81531 25.87847 26.19135 22.16146 28.58023 21.21697 20.76129 26.17279 26.85023 23.25835 9.352152 8.413092 8.332721 11.68233 4.707148 6.321947 10.06869 8.209358 8.628888 10.60807 10.12141 15.80395 11.81366 8.012056 5.338594 17.00996 16.20834 19.2447 19.44344 16.73757 14.41783 14.86169 9.05252 6.587627 5.052865 6.047808 5.622651 5.127018 9.018699 12.06145 13.45524 14.12473 15.71395 12.36583 11.76178 7.911653 9.825438 13.74623 9.102188 10.21566 12.41214 12.51525 14.00809 18.72856 13.35782 10.25104 9.549625 14.11012 2.245824 1.406924
11.54223 11.22545 18.79104 14.12119 20.73947 20.0771 16.29864 19.10036 19.17071 18.44737 22.91012 23.43582 13.74489 18.67085 11.23685 13.81872 11.97692 8.462047 10.99727 10.9657 8.620625 10.48643 11.9597 11.33854 10.40297 11.00081 4.687457 4.736004 4.383516 6.589486 5.552073 5.986261 10.1774 9.239968 5.599224 4.951409 7.37133 4.05287 4.444877 4.334676 6.582106 9.975016 14.60228 16.16681 12.85691 14.4328 13.31177 12.53335 9.221826 7.877495 5.44925 4.632036 4.15788 3.57788 4.717833 11.12994 15.15387 9.03281 3.097182 6.231019 6.58852 4.062316 3.623979
13.343 9.562539 16.31196 18.16706 15.95104 12.64088 11.76151 11.9727 8.637436 12.45657 17.8192 14.56496 13.15538 19.73164 18.326 12.19256 9.049088 10.75152 7.322471 12.28502 14.10027 16.01516 14.80935 13.051 9.151544 5.831272 4.489144 5.658655 6.233525 5.993942 4.642036 3.565403 6.284672 6.195243 5.572687 8.263227 4.87356 3.198715 3.321793 2.965439 4.277694 8.437326 12.56493 13.08213 13.68117 16.92125 12.10752 12.2749 9.809052 9.383453 7.311148 3.995108 5.548395 4.351808 6.574403 5.450052 4.265318 3.49398 4.009875 3.645494 3.378937 4.175985 3.446839
16.87027 20.50431 17.5453 19.86001 19.08419 9.374173 10.47154 13.05718 12.93877 7.759771 8.757547 8.474001 8.820238 8.777879 8.348268 5.374735 6.439528 9.605166 5.532511 6.563993 9.313315 9.315107 20.24078 16.67073 8.752881 4.79053 6.536437 7.86335 6.408584 4.317585 4.333121 4.426505 4.92346 8.509534 9.668944 7.697552 5.432679 5.040067 4.320187 3.02615 4.605624 6.293177 12.64943 15.43416 16.6573 10.03922 8.512866 7.025332 7.546741 5.916735 5.507312 7.175044 11.58718 7.288284 5.922788 5.867933 3.894103 2.341915 2.314028 2.036804 1.856079 1.697596 2.70186
11.96688 19.07433 15.27973 11.93143 11.77375 12.50886 14.74401 12.31102 9.808515 11.47768 9.021035 9.080171 8.68722 4.425897 1.896744 3.30007 4.267998 5.439405 4.745741 3.900858 7.639783 7.565438 5.92135 8.406218 5.751174 7.831897 9.1607 8.813525 5.353749 3.53008 5.460207 5.174552 6.953937 8.995537 9.803039 7.292448 6.672365 5.963533 4.20969 3.672262 4.913713 10.10468 13.91344 17.84102 14.68025 11.73444 10.13116 5.717324 7.574114 6.985586 6.568503 9.54468 12.70097 8.5359 6.8698 4.769243 2.275465 1.664233 1.458897 1.598696 1.824426 1.925329 1.9282
10.5375 13.97752 18.65928 11.14 11.93133 13.49965 10.20018 13.3754 11.19406 10.22797 8.021024 6.903313 2.522008 2.680195 5.005642 6.22122 4.808049 4.412987 5.684079 5.823611 5.272023 11.00634 5.393359 7.859095 6.516889 7.897187 5.013095 5.713709 3.574905 3.18508 4.901846 7.331144 8.027909 10.9938 8.544164 10.55641 7.397894 6.747867 6.940437 9.049542 7.964704 11.68731 17.21096 20.5558 12.80698 11.94206 7.283091 6.698313 14.07359 15.18911 11.11946 9.957275 7.863321 6.388228 2.203762 2.733782 1.621652 1.798631 1.487218 1.041422 1.294157 2.419169 2.400442
6.675121 15.26305 15.98086 14.98603 18.00125 10.41071 13.78273 11.22423 6.910037 7.718952 9.045717 7.254263 5.272788 5.616008 4.493175 3.450534 3.840653 3.416145 5.633741 7.352995 7.74904 10.27141 11.48826 8.287672 8.139899 5.348546 4.176394 4.412704 5.432391 5.322481 7.466513 6.866373 8.500385 8.914929 9.556662 9.803744 6.892136 8.76812 12.94626 13.91947 13.44586 14.00616 20.90512 11.08644 8.792981 8.319355 13.89429 16.20561 12.65401 15.50058 8.842703 3.524927 2.466422 1.416442 1.803418 1.678888 1.458873 6.329935 16.64949 16.2559 16.29994 11.33527 9.766543
10.37011 21.33331 17.01036 9.554193 13.33814 11.00817 10.78602 8.573988 9.268592 8.996756 6.234332 7.440744 5.536437 5.303194 3.500946 4.800696 5.129097 3.566877 5.071083 7.346994 7.388872 10.69732 7.10839 5.875531 3.854332 4.230684 5.56714 7.013001 7.584793 7.853604 7.457011 5.300554 6.92633 10.17904 8.720098 10.04227 10.83271 10.50605 8.758531 13.3564 12.43315 12.57717 18.26809 13.89105 18.14729 16.20579 22.4535 20.78736 14.07719 9.181014 5.928281 5.728946 9.371662 10.59448 7.154738 7.198811 16.34574 14.71946 11.31425 8.62077 6.328514 5.746635 8.01928
14.67968 15.18926 19.05992 15.80112 9.740729 7.354628 7.806834 11.85802 6.001233 6.314194 5.350379 6.332729 5.411215 4.502641 3.646172 5.468465 4.199743 6.828655 7.243449 10.07414 7.513394 6.967534 5.927848 5.633804 4.132885 5.030614 5.638258 8.656828 7.881951 6.503655 5.692191 7.536027 9.872687 10.9693 9.215001 9.818785 9.477083 9.594717 11.67804 11.5676 15.76917 13.7204 17.53189 17.12333 17.50537 14.67191 12.77227 9.895324 6.822039 6.886055 5.615904 7.679062 23.46759 20.5052 14.7396 13.02492 10.51291 5.464025 4.840033 2.804093 4.064456 6.053841 7.973828
13.38032 15.92571 10.66145 5.614974 5.331126 6.530275 9.810138 6.469791 4.068427 6.167523 5.527502 3.641218 3.02597 4.42011 4.081828 4.681249 2.860583 9.370662 8.461451 6.70388 7.553477 8.981013 3.819405 3.01324 2.568577 2.619593 6.331199 6.527265 4.175311 4.30309 6.520746 6.34882 6.568022 6.988594 7.336529 9.047825 9.072774 6.488548 6.156902 3.788671 5.993933 10.68096 13.6777 14.67446 9.283065 6.581335 5.974708 3.983395 3.765374 2.921052 2.428369 6.017364 22.28851 16.98926 12.49754 7.773887 9.030088 4.790216 4.589682 2.937494 5.408599 11.48143 8.043707
10.24667 8.134854 13.531 8.290586 7.63863 10.43705 6.034706 4.272732 5.151714 5.195112 6.197916 7.586253 8.733238 6.836092 4.165885 3.980237 5.398867 9.708631 9.457323 9.999331 11.5229 7.985292 1.920009 1.454762 3.95734 18.75327 23.14761 8.676314 2.906752 5.499034 5.216264 4.608049 3.530731 3.145185 2.697805 3.125411 6.398159 8.343893 4.32928 4.179019 4.967217 10.16274 13.06461 14.15139 6.480873 6.508695 4.79677 2.006425 1.97924 3.366745 8.944119 17.26371 13.70265 14.21486 9.936677 6.145873 9.478322 6.257702 6.484488 5.039552 4.206829 13.10607 10.77368
14.85322 5.256193 5.880827 6.609967 8.138939 3.854961 2.76103 2.430735 3.989961 4.653517 6.054822 4.522929 7.254591 7.072166 5.331783 6.375352 10.14603 9.091961 17.91844 7.219665 5.639822 2.97234 2.335377 5.783156 13.44178 24.28315 25.52658 12.96384 3.025348 4.80869 4.927829 3.944876 3.578699 2.728467 2.699165 2.498822 2.523856 4.417835 6.421523 6.163942 8.408083 6.602677 8.630637 10.06361 6.15098 5.279093 5.921139 14.45976 13.05357 18.60632 14.4553 8.723853 11.8451 10.27062 6.844284 3.984085 7.730245 10.38527 7.550193 5.334454 4.050378 6.410321 12.45463
9.240545 7.951814 5.802804 4.919234 2.622412 2.697407 2.129071 2.40427 3.761734 4.422611 5.065251 4.971368 6.354097 5.226966 6.533953 9.076128 6.171081 5.359302 5.387092 6.468396 4.234805 4.408672 13.79129 17.42698 13.45657 9.54195 10.85636 7.3164 5.251032 3.857191 4.097026 3.500936 4.202936 5.297225 4.31568 2.967741 2.602743 5.213462 7.402366 9.796149 8.389204 4.893454 8.358856 12.30047 15.87178 18.79127 14.45704 10.85784 14.4657 13.95729 11.6623 9.306534 8.512949 7.383386 5.850755 6.086033 5.859795 8.242441 4.444341 6.262947 9.11588 4.577149 6.300996
9.00735 8.164462 2.405236 2.538363 2.018413 2.551801 2.261201 3.065027 3.802118 5.345758 5.762235 7.577528 6.245176 7.777709 6.62009 9.175753 6.331943 6.889395 12.96378 7.465408 8.361583 14.14972 21.13328 17.84961 3.080438 4.349369 4.169316 3.044587 3.174693 3.010565 3.083393 2.81955 2.49996 3.181862 3.52989 5.301992 5.274529 6.018673 8.798444 7.763814 8.764502 10.63979 13.42111 16.48949 6.987323 12.08198 12.40021 11.71674 14.53297 14.95916 9.69949 8.192209 4.725952 7.802001 6.058875 6.604873 7.956563 5.564429 5.811943 8.608097 8.904394 7.007042 7.830982
2.58765 1.988413 1.870958 1.690316 1.713786 2.459533 2.335325 3.563254 3.013341 3.571883 4.462115 7.944296 8.205907 7.996058 7.722393 7.140845 12.46778 12.97132 12.04297 11.18031 10.21099 6.322525 11.23356 8.461141 2.051557 2.006622 2.663025 1.82726 3.251883 3.098551 2.457966 4.086592 9.440286 13.74005 12.97941 16.10654 17.7633 7.69461 8.505577 13.82388 8.327207 18.20572 9.808895 8.257759 6.517461 13.93236 12.07512 13.01413 13.6263 10.18802 6.462995 5.989804 6.232782 7.907006 6.496024 6.017892 4.718776 6.483685 7.525932 9.367167 9.515152 12.25782 10.07999
