DATA/PredictorVariables/Future/2100/pte_pct.asc
ncols         590
nrows         274
xllcorner     -7.522276026
yllcorner     35.996888128
cellsize      0.01
NODATA_value  -9999
[rows 28 to 55 of 274, columns 252 to 314 of 590]
2.277599 1.995513 1.843771 2.629503 1.965963 2.170736 1.659677 2.267848 2.12732 1.368575 2.229481 2.259314 2.352174 2.146518 2.115483 2.917343 2.243986 2.852852 2.033262 2.135163 1.287641 1.530707 3.226554 4.805089 4.663273 4.711033 4.441332 4.943714 2.555174 2.111394 1.926426 2.883734 2.543561 3.22538 2.390227 3.333939 6.964532 4.807765 5.070293 3.469691 4.283704 4.212048 3.962376 3.638794 5.897862 5.589388 6.803122 5.224365 4.222263 4.447397 4.110746 -9999 -9999 -9999 -9999 -9999 -9999 -9999 -9999 -9999 -9999 -9999 -9999
1.61753 1.754838 1.733582 2.273476 2.144599 2.335737 2.975729 2.566306 2.321689 1.957657 2.104804 2.316275 2.525804 3.442383 2.123664 2.728616 2.46513 2.38655 1.975362 2.097083 1.78516 3.433073 5.14746 3.456967 5.085554 3.584452 4.137929 4.054353 3.619336 1.881109 2.663893 2.832091 2.422491 3.811616 4.587556 6.108258 5.391519 6.836112 5.165581 4.134981 4.755667 3.370366 3.354067 3.342836 4.223284 4.476908 4.677174 6.630359 4.668326 3.721955 2.613169 1.298527 -9999 -9999 -9999 -9999 -9999 -9999 -9999 -9999 -9999 -9999 -9999
2.425177 1.755947 1.991066 1.771427 2.411125 2.159923 2.711363 2.774766 3.711003 2.276764 1.776053 2.214835 2.108382 2.521113 3.767672 2.669399 3.108423 2.63317 2.746869 1.663045 3.569748 3.845413 4.596385 5.166208 4.685279 3.644193 4.452039 4.319765 2.770088 2.062134 3.048242 2.32619 3.286085 4.19173 5.22445 6.610371 7.98569 7.506096 3.713814 2.994218 8.057398 4.487627 3.439398 3.130927 3.881491 4.807904 6.238966 6.357493 3.451019 5.205597 3.370035 3.791334 3.300567 -9999 -9999 -9999 -9999 -9999 -9999 -9999 -9999 -9999 -9999
1.993228 2.055326 1.766281 1.50985 1.954082 1.709256 2.083814 2.309339 2.755306 2.054489 2.589039 2.432364 2.367606 2.771411 2.800667 2.801044 3.57467 3.200391 2.669468 2.562267 4.190972 3.904191 5.474873 4.351775 4.58742 3.659799 4.231174 4.047839 3.104664 3.112336 2.743156 2.87121 4.949161 4.682363 7.027085 5.635262 5.732804 5.347796 2.938773 2.904816 4.01419 3.300072 3.930907 3.87551 4.657141 6.005978 5.389064 5.365598 4.572821 4.169434 3.890169 3.222572 4.252304 5.900242 -9999 -9999 -9999 -9999 -9999 -9999 -9999 -9999 -9999
1.620895 1.985356 1.677948 1.900388 1.610471 1.340896 1.114404 1.999918 3.357222 2.32856 2.197286 2.365881 2.006147 2.028961 1.492998 2.22153 3.925241 3.334979 2.320757 2.972283 4.126001 4.26945 4.125161 2.636091 3.903394 3.698603 3.531699 3.954317 2.869889 2.618909 3.454014 3.836264 4.299896 4.881056 7.277151 6.443836 5.072759 5.271338 4.690084 4.905921 4.24792 2.833174 3.108176 4.850939 5.033259 5.028045 5.401693 3.884088 4.694187 3.635184 2.529593 4.215675 3.570495 4.245912 2.58653 -9999 -9999 -9999 -9999 -9999 -9999 -9999 -9999
1.432194 1.673655 1.704111 1.723511 1.188942 0.8923078 1.771708 1.732483 2.235634 2.242565 2.048641 1.427868 1.444454 1.63717 1.970065 2.026219 2.836945 2.105713 2.401646 2.94926 3.169869 3.46831 3.772453 2.987715 2.379307 2.975202 2.70244 3.242085 3.284034 2.429746 3.436874 3.999918 4.731003 4.76191 4.948766 4.821211 3.17161 4.397493 5.038148 5.242548 3.600335 3.477467 3.427174 3.580376 4.389099 5.723443 3.864314 3.876805 4.046638 2.921165 2.642505 3.847936 3.255426 3.181458 4.477412 4.418097 3.059297 -9999 -9999 -9999 -9999 -9999 -9999
3.305455 2.499139 1.818576 1.586017 1.197487 1.273604 1.891322 1.46402 1.944967 2.15398 2.17479 2.122255 1.903301 1.937415 1.811913 2.348153 1.622031 1.804991 1.985656 2.27321 2.570182 2.618022 3.393101 2.506943 3.12697 2.966071 3.479072 3.229306 3.876897 3.919333 2.390044 3.886754 3.80514 2.626647 3.934658 4.972342 3.785902 4.101169 4.532304 3.233968 3.393781 3.296387 3.529992 4.435667 5.475499 6.656624 3.744039 3.375366 3.264723 3.314453 3.136442 2.742543 1.534737 1.703837 4.673172 4.416247 2.732871 3.733029 5.347028 2.796278 -9999 -9999 -9999
4.549997 3.888573 2.919074 3.493408 2.933532 3.301918 3.529877 3.321387 2.503855 2.17439 2.300657 1.733511 2.087583 2.796503 1.869097 2.359726 1.647182 2.239918 2.044251 2.719084 2.026438 2.477601 3.562534 3.594942 3.096906 2.985517 3.09611 3.789135 3.713222 3.284029 3.641273 3.929248 3.960661 3.401889 2.526875 4.693806 4.47545 3.59578 3.670102 2.506142 3.087479 2.960254 3.537566 4.232963 4.746293 4.590796 4.596357 2.490491 2.689333 3.953213 2.861065 2.917581 2.066118 3.083886 4.575514 4.818181 2.25593 4.038093 4.41859 2.429703 2.915207 4.760699 2.601683
2.59708 2.865899 1.168657 1.273191 1.562687 2.322409 2.88129 3.232299 4.375265 4.249259 3.733201 2.913798 2.436316 2.076845 2.379121 2.838908 2.068943 2.036642 3.452818 2.643912 1.431644 2.583453 3.086914 2.825414 2.300404 2.422702 3.170573 2.73815 3.744919 3.815314 3.941798 3.83979 4.391502 3.205436 2.620788 2.811744 4.508425 5.892973 4.87562 2.59929 3.015383 3.640905 3.149688 3.800271 4.012096 3.902565 4.172145 3.454703 4.500388 4.681774 3.382446 2.315407 2.687866 3.839265 3.49216 4.470774 3.831538 3.558432 2.572234 2.881029 2.350884 3.663094 2.616556
1.394275 1.670656 1.472692 1.971272 1.887761 1.767546 1.698172 1.85164 2.670093 2.591406 4.633512 5.390547 2.997317 3.400931 2.685843 2.528844 3.155203 2.246978 4.526909 3.125663 2.161358 2.243381 2.128081 2.595379 2.880558 2.650676 3.123123 3.004599 3.664812 4.509812 3.301539 3.402715 3.644436 3.862603 2.875019 2.916025 3.83907 3.785357 4.237972 4.791422 3.311238 2.825214 3.61247 4.155587 3.090669 4.380449 4.481284 5.103764 5.124993 3.902325 2.167735 2.77007 3.505535 3.582884 3.159142 4.716403 2.936313 3.761401 4.681468 4.755193 5.252603 2.313097 1.824648
2.649955 3.353587 1.737203 2.21771 2.24098 2.727149 2.475774 3.038459 3.004665 3.686657 3.488419 4.096287 4.221695 2.087769 3.400052 4.158578 3.426137 2.792989 4.461431 3.238116 1.432194 1.862181 2.050487 3.146914 3.113584 3.049677 3.296971 2.58264 3.125488 3.243954 3.263301 3.783331 4.566564 3.189661 4.531705 4.12199 3.554438 4.83014 3.216093 4.045104 2.8533 2.341073 2.000997 3.177446 3.468751 3.785921 3.450065 3.686491 3.566316 3.45171 3.875617 4.334603 3.225181 3.77579 3.623203 3.534469 4.067378 3.517669 5.392529 3.980788 4.733936 3.479984 4.850524
8.749341 6.366487 4.371242 2.075002 2.24956 2.187508 3.256221 2.806626 3.463924 2.837277 2.58516 5.042558 5.13306 4.13371 2.657236 4.435618 3.873741 2.113855 1.599694 1.511729 1.67743 2.425945 2.015975 2.449559 2.573321 3.250481 3.020329 2.805781 3.15119 2.647153 2.225312 3.312866 3.195992 3.396492 4.103929 4.541161 4.242202 4.230087 3.794414 2.764525 2.254417 1.90232 2.409132 3.201621 2.775379 3.326168 3.661817 4.483289 4.129299 3.614145 4.608548 3.990785 3.894267 3.850556 3.648892 3.225924 4.751863 4.534284 4.738921 4.887551 5.306213 4.189135 2.987725
3.335748 6.330992 5.926765 2.659174 2.931646 2.994205 2.787158 3.468106 2.958534 2.726012 2.23217 4.6323 7.371762 4.849595 3.172282 3.891155 4.270233 1.686921 1.962958 1.435334 2.626056 2.792589 2.454016 2.703198 2.618345 3.158806 4.3544 2.951961 2.457269 2.182011 3.242257 2.67357 2.45616 2.58965 3.255574 3.928429 2.389917 1.994825 1.835559 2.221619 3.603029 3.272271 2.740344 2.985472 3.378409 2.884632 3.606435 3.060909 2.972323 4.726759 3.762928 3.972819 3.471467 3.618565 3.583589 3.885424 3.215744 4.062687 4.884398 5.167377 3.65334 4.95171 3.481501
2.791202 2.894973 2.901467 2.536853 2.813779 3.126049 4.215934 4.172307 4.004938 4.502884 2.894944 3.030217 6.2198 7.25618 3.760411 2.811009 1.671462 1.254145 1.855098 2.054057 2.514556 3.233627 3.444127 3.345445 2.452611 3.121101 3.909803 3.364311 2.300316 2.025238 2.14611 1.841497 2.117841 2.525874 2.195789 2.848613 3.093645 3.233327 2.537097 2.615019 3.030133 2.430809 2.828274 3.889064 3.793841 4.125902 3.357337 2.941159 3.054871 2.827052 3.826159 3.955928 5.967177 6.659838 4.436417 2.408972 4.288218 3.584231 5.330717 5.663522 4.509064 4.12674 3.768871
2.212859 2.671284 2.780204 2.805228 3.258042 2.702612 2.779989 4.330762 4.709833 4.817164 6.783189 4.204183 3.194784 5.269925 6.890851 3.840224 2.262122 1.66535 1.884959 1.994506 2.212335 2.885766 3.34359 3.246943 2.117308 3.26911 3.89402 2.847731 2.28101 3.315171 3.150226 2.231237 2.52245 2.954095 2.92396 3.403675 2.675622 3.704163 3.805418 3.2137 3.000482 3.716918 3.538591 3.620122 4.54296 3.10341 4.193216 4.836071 2.082978 2.730737 2.625939 3.145753 3.81263 5.405005 3.810505 3.40672 4.012305 3.797446 4.647587 5.347555 5.572343 3.614028 5.754428
2.711277 3.408001 3.255865 3.545525 2.953812 4.324814 4.272994 4.034568 3.965403 4.272626 5.902716 6.035284 3.897557 4.120087 3.232646 6.744742 5.847239 3.28349 2.681601 2.650822 2.544192 1.916567 2.161739 3.396789 3.298947 3.256867 4.184044 3.180501 3.4774 3.327079 3.291507 2.732688 2.766701 2.635262 2.69099 3.553746 3.198016 4.137263 3.2397 3.490037 4.32821 3.539635 4.69154 3.810047 5.588213 3.788166 2.978727 5.398583 4.354722 3.864981 3.194201 3.589469 4.705411 4.874223 4.09106 3.73461 5.200422 4.399179 5.321195 4.433458 4.146672 4.54064 4.888231
6.08112 3.33949 3.191426 4.462498 3.945952 5.249982 7.314771 6.440414 5.011483 3.620324 5.851939 6.076125 5.565791 7.109751 4.408456 5.556585 7.074325 8.06183 4.003822 3.29165 3.179815 2.589374 3.440836 3.439404 3.118721 5.16243 3.997794 2.511628 3.705663 3.289591 2.774186 3.252128 3.958721 3.39527 1.908398 3.557517 5.126726 4.084373 3.850077 4.645219 4.268032 3.903272 6.035053 6.130646 4.574932 4.490694 5.355337 2.435882 2.071387 1.813321 2.909441 2.24347 2.32129 2.744996 2.697378 1.745167 2.089438 3.350369 5.479058 5.581299 4.828959 6.157556 6.461602
10.65348 11.01636 4.798012 2.767815 3.831728 3.364434 3.794467 6.869627 5.187887 4.456071 5.41502 6.609209 7.772634 5.869577 6.485546 6.987481 7.389145 7.783464 8.075298 5.944308 4.106576 3.450594 3.816045 3.232703 2.64985 2.165458 3.142789 4.201092 4.455312 3.264638 3.860795 3.201454 3.902994 3.725713 2.445058 2.807793 4.714963 5.63277 4.160514 4.112315 4.499822 3.671348 4.62722 8.175306 3.842149 3.746995 5.504894 4.279131 3.43377 3.172668 1.929422 1.526477 1.877467 1.710016 2.314601 1.989627 2.224499 2.43762 2.382383 2.441906 2.555767 2.833366 4.074372
16.35113 13.61014 11.95929 10.45264 4.376925 4.204288 4.797925 4.238805 5.212564 8.576273 6.82733 5.772966 7.206047 8.899753 8.021278 9.817472 9.684817 8.095807 5.845398 5.55526 7.971177 7.599264 6.951082 7.626442 6.159669 3.683571 2.720731 3.33173 3.635299 3.965763 4.004238 4.097914 3.79228 3.981886 2.998955 3.9302 3.792661 5.162846 5.698413 3.317056 2.50119 2.106064 3.188808 6.146765 6.798936 6.227441 4.975915 4.367112 4.116148 4.486376 2.238803 1.977581 1.614018 1.933071 2.618695 1.928738 2.280923 2.223363 2.635158 2.654587 2.125602 3.509583 5.947673
14.77608 8.201587 9.570213 9.708006 11.76978 13.7749 6.529233 5.192232 7.11164 6.920612 6.733505 9.637309 6.994864 8.191779 10.85963 9.41348 6.925409 11.00005 8.518162 8.118969 7.556917 9.19707 8.854413 1.880124 3.366589 4.890412 4.291883 3.191987 3.941654 4.488335 4.543614 3.875078 3.177066 4.100816 3.936643 3.903428 3.612759 5.525026 5.247205 3.644757 2.23943 2.388432 1.982287 5.211066 4.40647 5.147599 4.404674 6.806467 6.417731 5.147432 3.609526 1.735896 2.461823 2.064443 2.697572 3.003623 3.652168 2.810719 2.427979 2.700743 2.210727 2.643042 4.602237
8.733734 9.850798 7.517772 5.772115 5.89292 9.969445 13.27278 8.730419 4.946182 9.278522 10.09351 8.636175 10.38982 11.70288 12.13894 8.431929 14.51151 8.315738 8.364821 10.18876 10.37665 16.05987 7.222303 2.119536 2.421529 4.140141 3.604909 5.665599 5.505774 7.081442 8.558472 8.453125 5.047076 3.414692 3.618266 3.707522 3.505466 2.949463 4.841657 4.919094 6.057023 4.597628 3.390621 2.962548 3.04457 6.827045 4.430253 5.633162 5.980112 4.651209 3.856495 2.647777 3.383038 3.04493 2.608132 2.609794 3.639652 3.590459 3.431679 1.977282 3.662528 3.056452 4.697015
5.654836 7.526618 11.35931 9.00798 7.113797 8.134221 9.399354 15.68749 10.87714 6.353773 7.467638 10.35415 10.86565 10.64821 10.8945 13.80269 14.28554 11.0817 11.75016 10.40876 8.838848 12.16597 17.88359 6.894165 6.419762 6.658164 9.958264 11.88773 11.38914 9.130438 10.70648 9.479912 7.779023 3.28831 3.822823 4.394561 3.276201 4.696987 5.71064 5.673928 5.96685 6.336401 9.075302 6.161636 4.195374 5.086237 4.788073 7.256846 7.460136 5.417057 2.939456 3.246231 3.373298 3.08764 4.499774 4.842005 4.538484 4.577583 4.485483 4.583525 7.131637 11.44132 13.42635
7.641962 6.351554 6.674055 10.39809 12.30823 6.535415 11.68483 15.65313 9.145084 15.98889 8.033322 6.376329 4.313901 8.150892 12.008 9.338726 18.18658 18.1588 14.51977 9.858066 9.351664 14.76107 15.30644 9.215201 6.698881 6.661524 11.24563 9.850096 10.24048 9.752963 7.859042 9.312556 5.572594 4.87509 2.733655 1.910995 2.714853 3.0888 4.188556 4.641561 4.16317 2.801792 7.391571 7.561622 6.070572 3.926467 3.389155 6.618342 10.63788 5.693583 3.277924 1.920018 3.306502 4.596664 6.056787 5.956736 5.245563 5.760702 4.472776 6.409178 6.710501 16.50884 20.13299
4.915668 5.397652 4.6636 6.370594 13.40397 15.10568 9.232183 12.18006 16.99689 13.43719 15.86763 7.706602 7.018216 6.506591 12.08008 13.33179 15.18334 12.73707 14.18612 8.242279 7.903258 13.96096 15.91701 10.05396 11.9112 10.5326 13.33223 13.19393 13.49652 11.82412 6.476467 5.595944 4.821259 5.678068 5.624419 3.450052 2.867959 3.042201 3.430864 3.662006 4.535051 3.375735 3.261547 7.356638 10.40233 4.966184 6.786575 9.531986 13.43705 5.845178 3.276384 3.464823 3.316377 3.623167 3.771684 7.185564 6.527247 5.314946 5.526641 8.712687 13.83608 20.59196 23.19313
4.786575 4.772735 4.578479 7.878689 5.162523 9.418487 17.11546 23.0143 14.14571 18.26908 14.28387 13.40794 12.57576 14.07064 11.96584 9.348433 9.279734 14.28483 10.1088 12.41149 12.57523 14.8192 16.20145 10.49078 13.73337 13.18804 12.80232 16.09372 19.97118 11.17002 7.791963 4.529552 3.401083 3.781043 4.562726 5.226593 5.486305 5.236799 6.604253 5.555766 4.297095 2.96223 3.701004 11.79699 8.43554 5.389112 6.94664 7.994712 17.09116 16.26028 9.544821 6.449127 5.398783 4.247236 3.294522 5.853903 6.808314 5.691974 6.148658 9.66874 20.86497 16.08216 21.47746
7.291101 4.651608 6.634301 5.53327 7.069005 7.497764 8.066088 18.91568 24.51545 24.11301 22.07229 16.96447 15.16568 16.46566 16.21083 20.59908 25.08256 23.15194 19.75792 14.78775 17.29633 13.64195 16.40863 15.28898 12.01843 13.65178 16.62451 18.78358 14.74287 12.14179 9.824202 9.646245 4.785765 4.335229 4.872353 3.52672 4.945251 7.249779 6.796225 6.746431 6.848637 6.422772 4.851601 6.004045 10.86135 6.061119 4.859922 4.064228 13.10229 16.00322 14.11104 14.42939 10.90404 4.607111 3.965044 6.239956 9.683746 10.09094 13.72089 20.36193 20.64053 23.18284 15.11206
11.6358 8.917104 11.00274 12.36393 9.580163 7.726945 10.01284 11.88653 11.85435 15.88179 14.95189 12.71051 13.14898 20.43441 16.41719 18.44274 22.01334 30.00911 27.12556 34.9504 31.57355 28.84402 23.46634 18.57468 13.98793 14.03255 13.89669 17.96376 16.04529 18.16755 17.53572 12.24097 3.928195 6.311346 5.086628 5.822522 5.906338 4.612146 3.59885 4.497632 5.657888 6.022407 9.816759 6.419098 8.88844 16.20524 10.4953 10.04519 14.42729 16.9768 11.36091 13.98929 14.81423 12.38312 5.421022 14.82922 17.36779 9.614287 18.85549 11.51353 26.34167 18.04803 7.199263
10.45991 13.44698 7.096865 7.886956 11.29379 16.48494 9.62985 9.822316 12.75939 15.73151 9.472918 11.06296 14.38844 10.77375 12.27926 11.26492 11.94706 16.40164 18.70166 20.78818 16.88076 22.37966 28.3151 20.32899 22.2212 15.5757 22.40671 19.17492 14.82892 16.82098 14.16333 7.904327 6.977211 5.798857 5.488376 5.031859 8.366774 7.008695 5.427516 7.680241 6.392491 4.721274 5.688044 4.521224 9.154134 11.68056 10.67048 10.5358 11.14402 18.84907 24.22262 20.87566 13.27643 15.64127 8.961159 17.26042 13.45029 13.81008 17.51154 17.48002 16.44997 18.45149 10.11804
