DATA/PredictorVariables/Future/2100/pte_pct.asc
ncols         590
nrows         274
xllcorner     -7.522276026
yllcorner     35.996888128
cellsize      0.01
NODATA_value  -9999
[rows 28 to 55 of 274, columns 315 to 377 of 590]
-9999 -9999 -9999 -9999 -9999 -9999 -9999 -9999 -9999 -9999 -9999 -9999 -9999 -9999 -9999 -9999 -9999 -9999 -9999 -9999 -9999 -9999 -9999 -9999 -9999 -9999 -9999 -9999 -9999 -9999 -9999 -9999 -9999 -9999 -9999 -9999 -9999 -9999 -9999 -9999 -9999 -9999 -9999 -9999 -9999 -9999 -9999 -9999 -9999 -9999 -9999 -9999 -9999 -9999 -9999 -9999 -9999 -9999 -9999 -9999 -9999 -9999 -9999
-9999 -9999 -9999 -9999 -9999 -9999 -9999 -9999 -9999 -9999 -9999 -9999 -9999 -9999 -9999 -9999 -9999 -9999 -9999 -9999 -9999 -9999 -9999 -9999 -9999 -9999 -9999 -9999 -9999 -9999 -9999 -9999 -9999 -9999 -9999 -9999 -9999 -9999 -9999 -9999 -9999 -9999 -9999 -9999 -9999 -9999 -9999 -9999 -9999 -9999 -9999 -9999 -9999 -9999 -9999 -9999 -9999 -9999 -9999 -9999 -9999 -9999 -9999
-9999 -9999 -9999 -9999 -9999 -9999 -9999 -9999 -9999 -9999 -9999 -9999 -9999 -9999 -9999 -9999 -9999 -9999 -9999 -9999 -9999 -9999 -9999 -9999 -9999 -9999 -9999 -9999 -9999 -9999 -9999 -9999 -9999 -9999 -9999 -9999 -9999 -9999 -9999 -9999 -9999 -9999 -9999 -9999 -9999 -9999 -9999 -9999 -9999 -9999 -9999 -9999 -9999 -9999 -9999 -9999 -9999 -9999 -9999 -9999 -9999 -9999 -9999
-9999 -9999 -9999 -9999 -9999 -9999 -9999 -9999 -9999 -9999 -9999 -9999 -9999 -9999 -9999 -9999 -9999 -9999 -9999 -9999 -9999 -9999 -9999 -9999 -9999 -9999 -9999 -9999 -9999 -9999 -9999 -9999 -9999 -9999 -9999 -9999 -9999 -9999 -9999 -9999 -9999 -9999 -9999 -9999 -9999 -9999 -9999 -9999 -9999 -9999 -9999 -9999 -9999 -9999 -9999 6.345201 8.023632 13.42323 14.89573 12.06662 13.80027 12.73882 6.500478
-9999 -9999 -9999 -9999 -9999 -9999 -9999 -9999 -9999 -9999 -9999 -9999 -9999 -9999 -9999 -9999 -9999 -9999 -9999 -9999 -9999 -9999 -9999 -9999 -9999 -9999 -9999 -9999 -9999 -9999 -9999 -9999 -9999 -9999 -9999 -9999 -9999 -9999 -9999 -9999 -9999 -9999 -9999 -9999 -9999 -9999 -9999 -9999 -9999 -9999 -9999 -9999 -9999 -9999 14.04645 10.58891 11.24527 18.18646 16.73853 17.39912 18.18011 12.70407 10.90201
-9999 -9999 -9999 -9999 -9999 -9999 -9999 -9999 -9999 -9999 -9999 5.090187 7.611955 -9999 -9999 -9999 -9999 -9999 -9999 -9999 -9999 -9999 -9999 -9999 -9999 -9999 -9999 -9999 -9999 -9999 -9999 -9999 -9999 -9999 -9999 -9999 -9999 -9999 -9999 -9999 -9999 -9999 -9999 -9999 -9999 -9999 -9999 -9999 -9999 -9999 -9999 -9999 -9999 -9999 6.265345 11.71123 16.92389 25.47202 20.3057 25.87816 21.48249 25.44361 25.34892
-9999 -9999 -9999 -9999 -9999 -9999 -9999 -9999 -9999 -9999 12.7164 12.93678 15.4268 23.65422 31.38325 38.04598 38.55858 34.78706 29.12869 -9999 -9999 -9999 -9999 -9999 -9999 -9999 -9999 -9999 -9999 -9999 -9999 -9999 -9999 -9999 -9999 -9999 -9999 -9999 -9999 -9999 -9999 -9999 -9999 -9999 -9999 -9999 -9999 -9999 -9999 -9999 -9999 -9999 -9999 -9999 16.64279 22.2615 19.03081 18.21695 13.31447 17.17904 16.96352 16.10396 15.81023
-9999 -9999 -9999 -9999 -9999 -9999 -9999 -9999 -9999 6.142448 10.33044 9.042632 15.32258 14.65233 16.53014 17.72911 20.23441 21.87482 30.95634 37.79691 39.09344 36.60453 31.89013 18.83874 16.6981 15.81484 16.10225 9.057877 10.17596 2.085545 7.841347 6.308699 13.82591 -9999 -9999 -9999 -9999 -9999 -9999 -9999 -9999 -9999 -9999 -9999 -9999 -9999 -9999 -9999 -9999 -9999 -9999 -9999 11.40601 13.90598 14.63161 19.15654 19.42447 22.3131 14.93995 18.52445 13.19452 14.99834 13.28727
2.978008 3.633154 5.788534 -9999 -9999 -9999 -9999 -9999 -9999 9.277561 8.323902 10.02606 7.726426 8.06592 10.46229 10.18903 15.92092 18.80854 24.24231 19.15485 15.66114 17.04451 22.43033 20.98708 19.31369 19.31815 15.11403 12.28215 7.409572 10.71088 12.38415 12.83372 15.50337 15.2383 14.26615 16.89061 18.6051 7.413368 15.95053 16.7741 -9999 -9999 -9999 -9999 -9999 -9999 23.98942 6.230441 22.5171 26.48222 14.47065 16.61609 16.56109 14.01263 12.92767 12.80666 13.20578 14.35393 14.5798 21.79766 16.57312 11.91285 17.73226
1.896965 3.214381 4.477455 6.757097 6.443494 15.57927 -9999 -9999 -9999 -9999 10.25426 10.74425 8.218506 4.389454 6.374521 7.933499 9.338261 6.131166 8.163864 12.11144 16.93316 11.32032 13.05377 15.16986 11.79063 6.068177 4.143442 7.175183 5.664374 4.213213 5.242841 5.201582 4.117983 5.556978 6.675908 9.317922 10.49056 14.84645 20.58411 21.0156 24.71475 29.86544 30.85926 29.33211 31.06405 31.91952 33.85363 26.37083 34.06078 31.50912 11.36537 16.85974 26.52247 14.72927 11.21214 9.376015 11.81124 20.66391 15.44944 20.67059 21.57553 18.78992 16.57424
3.277973 1.975752 4.592238 3.36774 4.770509 7.094053 13.0635 7.311989 -9999 -9999 12.89158 9.765446 9.694234 7.12252 9.621996 9.242004 7.48131 5.321595 9.64998 7.924047 10.73555 9.885393 9.938922 8.448927 6.679261 6.860799 4.211918 4.48269 4.746425 3.759744 3.708601 4.326518 5.315575 4.038453 4.157027 5.193624 3.955409 8.995327 14.97624 14.82868 18.32708 17.96201 21.52239 25.07458 26.46804 22.02613 27.3892 22.93284 24.3178 21.76242 16.42529 24.78307 20.20452 16.58547 14.79871 11.17237 12.71194 9.750899 15.29409 14.81727 11.1842 13.28641 7.599645
6.338564 4.90684 3.72545 3.553754 3.203382 4.977652 4.002136 4.701087 15.17076 8.474248 10.19341 12.91311 13.23968 11.48705 12.2089 8.733973 10.06998 9.91993 10.50072 11.07501 10.40776 6.311455 4.956523 5.958841 6.702598 7.581275 6.687871 4.051329 3.621164 3.093332 3.251117 3.95122 4.25335 4.483421 5.369801 5.109149 4.561259 3.638717 4.028732 13.28486 17.23272 15.35261 15.82354 16.41133 17.13212 13.48772 10.78783 12.41782 15.81485 20.10794 26.44775 14.60717 12.95322 14.74805 12.57662 12.09559 10.97314 13.56764 15.74618 11.49813 8.864097 7.370354 6.687647
5.72467 9.023824 3.572877 4.027065 5.356779 4.068645 4.280617 5.604458 11.17231 15.34288 11.11539 11.93948 14.71022 17.13327 17.60942 13.47508 10.25163 12.56013 13.71636 13.46931 10.47208 8.839424 4.838492 7.448778 5.890762 5.322472 4.844497 4.229116 4.245753 5.037965 4.713272 3.569831 4.309397 3.897917 5.049171 4.576784 4.038032 4.003583 4.901478 9.7611 11.98213 13.14013 20.28856 18.90454 21.00507 20.82065 10.17461 18.75224 16.76156 19.2651 10.99643 4.649505 6.12528 11.45614 13.86688 17.22208 9.594332 9.82116 13.26851 13.59557 10.28764 14.81414 8.403901
5.309893 6.41777 6.793071 7.940228 7.500773 7.934444 5.495166 13.40552 9.884304 11.85961 11.60348 14.53043 11.81223 15.78005 15.93487 8.944741 7.614124 8.478646 10.72872 10.21315 9.787167 7.619209 9.853284 7.500828 7.81655 6.481967 6.469474 4.121313 3.82802 4.310174 5.936119 5.990007 4.433512 4.683233 5.393319 5.137625 6.307254 7.024306 8.557341 12.75149 9.751789 6.326421 13.47691 20.73557 26.02172 19.02122 20.31175 16.48785 19.01576 17.85318 7.07881 6.402565 7.154319 7.480118 8.525455 13.003 14.59517 10.2075 9.537499 13.66426 17.19982 9.229589 11.94556
4.979786 5.29995 5.940613 5.190966 4.676141 8.263517 9.887427 10.29675 5.655033 5.866835 12.22736 13.66567 20.0072 24.07621 17.71958 15.07576 14.15079 14.75093 16.77428 16.10077 14.52763 11.29899 8.951542 8.58243 8.402743 5.574994 3.974253 5.011655 6.46657 7.491158 6.328403 8.57618 6.941637 6.560601 7.017266 3.536403 7.230058 10.10412 9.293715 9.657268 11.31063 10.87726 11.72721 22.64195 25.48213 18.1783 13.63461 22.93875 19.47711 10.47589 11.47553 10.23441 9.40326 6.661312 8.026658 9.497129 15.28968 14.971 10.23226 16.28946 15.55062 8.827804 11.28565
5.589915 5.933978 5.924052 5.226166 4.24913 4.516703 4.525747 3.421117 3.489382 3.836167 8.690584 14.18446 18.30461 20.51583 25.97755 21.93562 17.80907 19.1172 18.33413 12.57502 12.62662 13.07503 12.16038 8.977327 4.193957 3.880221 4.895024 3.867801 4.472429 6.240776 7.852872 7.836005 8.114764 8.323259 9.381456 6.198357 8.389338 13.05791 9.34438 13.02392 15.58438 13.77896 15.50793 21.1006 25.9779 12.85729 21.28882 23.95125 14.12124 12.859 11.37707 11.9942 9.514932 7.08383 12.94076 14.3951 13.51549 19.19892 11.02385 22.63278 16.22814 7.141266 14.72757
4.774808 4.076378 2.769232 2.583227 3.466224 2.858322 3.409648 3.457504 3.845366 3.397644 4.450822 4.76862 6.175815 7.186454 11.21558 24.70164 25.98216 14.27271 16.87564 17.66361 10.10458 9.520002 11.64064 8.959332 4.841661 4.872012 4.899512 6.516905 5.288222 4.26541 5.158379 6.793432 9.020605 7.701951 9.550884 7.542072 11.0421 11.81354 9.402945 15.72968 14.39868 15.78798 22.61746 17.92352 19.16946 22.78489 22.60827 18.57337 11.78347 15.72399 13.33852 12.55387 9.144695 7.035189 11.57363 15.60583 17.20116 19.56766 13.73213 23.3294 13.52868 11.03245 11.11804
2.329591 3.230234 3.151464 3.890937 3.805901 3.069052 2.720254 2.810526 3.263104 3.679101 3.547528 3.418775 4.34029 5.817484 5.25787 23.48287 17.85889 16.638 13.22028 9.574227 14.44587 9.886514 9.294802 6.824586 6.835368 9.193951 8.187193 7.286486 5.897772 5.508569 5.509508 5.896225 7.115771 6.483308 9.182796 8.353914 10.76996 15.32383 15.00252 18.67052 23.22777 18.61843 19.42336 24.32756 12.46544 20.85216 21.4039 17.43193 15.37162 19.90063 14.4409 11.82619 11.07542 9.841826 8.671457 17.59836 15.69686 17.8327 18.64927 21.83366 19.83044 18.40081 18.3635
6.901153 5.582136 7.961303 6.517007 4.262005 2.974913 3.529727 3.620159 2.454579 3.773011 3.310652 4.26334 4.184983 11.40422 8.003575 23.98763 18.17443 18.92571 11.59985 9.312382 7.688844 8.534063 11.66239 9.584059 7.988054 6.966471 7.541389 7.675231 8.012686 6.128674 6.475605 8.094413 10.78284 12.913 10.2882 7.552636 8.039294 11.57072 18.04004 18.0693 20.62719 25.1123 22.84481 16.45456 18.50446 21.96734 17.45841 17.82568 18.51343 19.15097 13.35 15.10416 12.74798 10.03772 7.36197 7.840519 23.87008 20.65493 17.19231 24.14916 20.67903 16.53269 14.43591
8.641236 10.37484 13.57813 6.630483 4.11699 3.287629 3.58425 4.251018 2.536582 2.172985 3.128153 2.523271 3.69491 14.96854 16.17859 19.06163 22.45353 19.8893 6.986661 6.688235 8.020224 8.924709 5.957322 4.840042 10.75112 10.31577 8.028704 6.558417 6.544821 5.958442 4.413597 7.733753 10.81642 12.00716 12.57784 8.027341 4.978452 6.459845 17.58875 17.94787 19.19363 19.34816 18.51616 21.82765 18.03475 19.82939 17.71663 21.03631 19.92483 18.31615 16.84892 12.55572 8.654855 8.833477 7.758962 8.437178 15.25185 21.93993 22.002 18.94742 18.50071 16.73264 9.938296
12.06115 16.48655 7.786747 2.66936 2.665739 3.028349 2.450862 2.744181 2.586918 3.073533 2.77518 2.495974 5.757096 17.31954 14.44628 12.81437 22.68321 24.57879 13.56749 9.963367 10.73684 7.127769 6.856218 7.035393 7.373273 5.327958 8.867501 13.48413 14.14805 8.975057 4.958905 7.466015 10.46093 13.82495 21.03799 11.3442 9.606288 15.74141 12.28907 12.34522 15.85483 23.61993 20.41055 18.98213 14.2672 17.53055 17.64641 14.94354 14.28463 18.44174 12.53709 10.32455 10.35405 7.494712 8.672517 10.56242 11.86006 18.6869 18.3124 8.697327 15.32836 10.70357 8.755664
15.59817 15.56717 4.512899 2.669339 2.55832 2.246668 1.957242 2.927589 3.050398 3.567826 3.069031 3.54547 8.717092 16.49776 12.93168 14.48918 21.49193 22.30269 26.31798 18.23052 13.49307 15.06519 25.93938 23.64351 9.154031 5.814744 6.987649 10.66896 12.57169 8.070432 4.731731 8.896055 16.6116 17.40348 24.5298 23.40148 18.62594 16.54125 23.52597 25.61958 21.37845 17.54516 21.71447 15.81731 21.66333 19.61138 19.50255 13.7108 7.112697 7.816258 11.43899 8.548104 6.10853 5.627322 13.32277 9.857429 13.89653 13.15801 11.67738 13.22272 12.05854 12.7278 8.747313
13.89643 13.24075 7.015916 3.403864 2.058876 1.518797 2.39588 2.770154 2.185393 2.200259 4.000739 5.011647 11.68463 16.38712 13.72507 11.66408 16.41039 18.7484 18.46407 20.02145 24.62304 30.26038 24.02853 9.890364 5.272563 5.119961 5.751528 8.096642 5.148448 9.511227 5.877625 4.758333 13.43287 21.713 16.49525 14.54647 10.16712 7.986804 19.12907 25.50678 18.56819 28.18409 26.84314 26.43528 25.19164 23.67175 17.37995 10.49923 9.377605 6.441034 7.44089 7.085059 6.086091 8.551596 12.30743 7.321844 8.269429 11.99615 12.5898 11.47245 13.89828 9.187811 18.97302
6.512309 6.243967 6.411716 2.61225 2.400928 2.31621 2.106935 1.920849 1.685021 1.84639 2.92826 4.932573 9.290463 12.51653 20.49578 22.2075 17.43865 18.61639 17.85087 15.80819 30.0523 14.50823 5.392746 5.040126 7.910846 7.535727 6.155815 6.450159 5.79491 5.843203 6.829214 5.911546 6.577958 8.737973 14.61683 13.84852 15.38325 14.26384 28.2001 31.74223 24.48643 24.10292 21.75573 12.49373 18.74559 12.9299 20.38882 12.3201 6.29509 4.512135 4.727785 5.448492 8.595009 15.07618 13.69782 7.329647 5.038791 6.032062 12.4106 11.84991 20.09062 14.48923 21.75008
6.498405 3.257954 4.359398 3.510431 3.886324 2.615692 1.800697 1.901384 2.702498 2.281201 1.569649 4.362184 9.001859 9.430389 13.32454 14.14493 26.20289 13.88264 18.08353 27.10958 17.3997 10.42997 10.27964 4.936458 8.606884 8.651398 5.225381 8.068663 7.186692 8.131525 8.948914 6.379837 7.137409 7.069559 5.830606 16.5235 17.53844 17.96099 20.33666 23.75162 16.92354 20.45896 19.05533 10.12371 9.590456 14.26961 12.46139 6.565956 5.824774 4.563851 3.327913 4.562984 17.58676 15.20473 11.53898 6.320623 8.633704 8.603835 7.396935 19.98897 15.0158 17.76677 11.58765
4.224761 4.125005 14.75107 13.48573 7.188211 5.34538 6.356509 8.765827 7.166649 4.255928 6.076993 5.86606 7.821776 16.42867 11.94833 13.411 19.04196 28.2697 20.26592 21.3729 20.99028 12.35029 23.47755 12.50126 6.545843 7.859154 7.554237 5.513624 7.330222 9.114231 7.632934 6.895472 8.952477 6.49757 9.264379 10.34047 18.21827 18.6326 13.309 12.60566 9.84304 17.7118 15.97464 9.700896 4.571518 5.342176 7.308721 6.824559 5.519438 4.252197 3.192092 6.058653 16.94835 30.30206 8.76277 6.832956 9.214091 11.9772 14.21303 18.06226 16.53594 16.35301 18.05852
3.477683 8.899111 24.81778 16.80621 12.03612 7.654996 13.8293 13.55235 7.264028 5.230875 8.567893 8.037232 11.91019 14.94126 21.11748 23.53125 25.49511 22.39229 21.09547 21.48135 22.79779 24.46003 20.69276 13.09673 5.371395 9.321801 10.02741 8.199453 4.126369 5.597866 8.237683 11.24794 11.03837 4.263905 7.270847 14.12963 16.61053 18.29982 11.95636 17.15982 12.81565 14.95603 19.57645 12.42662 4.952549 3.19327 3.830648 3.981618 6.074833 11.41712 19.59519 25.65115 21.47031 11.51321 5.435434 10.93006 9.713227 11.83506 13.16286 14.31328 13.98025 12.93419 10.2892
9.026536 26.41134 19.57276 18.5731 14.01687 6.143062 9.861448 15.06203 9.330664 3.776205 6.800023 8.455699 9.468144 10.15544 10.43881 8.229671 8.248528 19.85788 21.35925 16.98445 16.02071 22.74241 25.59096 8.206315 10.25029 16.36919 13.29389 9.452607 7.633762 8.104447 9.441138 11.96809 10.07309 5.469391 16.58134 10.87395 16.39615 13.39982 9.281713 16.3224 13.16585 13.69205 15.16323 12.8088 5.859991 6.137192 2.602029 4.780769 14.21624 11.66562 15.25848 8.092628 6.824222 4.747565 2.417078 11.22101 11.17583 10.39818 9.925754 9.074255 10.29061 6.467408 5.122145
