DATA/PredictorVariables/Future/2100/tmed_inv_71_00.asc
NCOLS 590 
NROWS 274 
XLLCORNER -7.522276026 
YLLCORNER 35.996888128 
CELLSIZE 0.01 
NODATA_value -9999 
[rows 200 to 219 of 274, columns 184 to 229 of 590]
13.2022657096238 13.255103098239 13.3678050032277 13.283465610333 13.3152959917769 13.2805709689231 13.112260117177 13.1348058296618 13.2461511323828 13.1220696513023 13.0841834658866 13.1644791737738 13.0483496887923 13.0228576969667 13.2008461192417 13.3041253854876 13.1864293912382 12.9660914100414 12.5414425990835 12.6022374225074 12.7846462000642 12.6680750253773 12.3717899732847 12.2827389932704 11.6787245709815 10.8523296262068 10.0784075344443 9.31681542972671 9.33416299310402 8.63944271373657 8.40725640159184 9.11692085350131 10.0815433828107 10.7119111460385 10.5574146895403 10.6762589801898 10.4696706484203 10.2104978908997 10.2126574205689 10.1472511120643 9.80081150018836 10.2603419331779 10.595091979371 11.256440529305 11.2804374812962 11.6279554090595
13.2199489598808 13.3105986225348 13.2771884941549 13.2481551394076 13.1658617377171 13.1513577225466 13.1570020438023 13.0123215508289 12.9633707912817 12.9200232826452 13.070148702147 13.2037559940128 13.2949960416842 13.2907082482867 13.2291345468526 13.3542922884488 13.2062806097403 13.072556389905 12.9432791542496 12.7468902673463 12.9615268453541 12.5557375694313 12.2012847884784 12.3854057657766 11.7078003373432 10.6137075157838 10.1397225921946 9.81749279940703 9.55242401094867 8.87274553812459 8.79556226366 9.28279902689227 10.3785274231462 10.5164608128066 10.4554044642558 10.5541354532342 10.3194616032905 10.3927009768114 10.0551389354033 10.0560138140578 9.83816606132984 9.82036115550897 10.4468485524087 11.5764772203655 11.6852528376312 11.3780921888342
13.4143289040089 13.4610473999858 13.276174163693 13.1607101576476 13.0976923930836 13.1010306625233 13.1232316564455 13.0840035758728 12.8932863116574 12.8577784490037 12.8903726691261 13.1231428519788 13.2424835371794 13.2123856555624 13.4320226262274 13.4022090071373 13.3257887488499 13.0324915522118 12.2615271767734 11.9283431975049 12.7016217446045 12.429520551702 12.1870841281915 12.2437090969848 11.853620672347 11.0310277699571 10.6850730016957 10.0884271297541 9.62434456552211 9.2225006483536 9.46630121475039 10.2853232671723 10.387241013999 10.4333281937881 10.7179498655896 10.3887108217325 9.79470055600693 10.2027759070744 10.0309641370264 10.1288718433218 9.78854818595554 9.60513986399475 10.9291944360376 11.8666422338719 11.5026853066963 10.8208547480992
13.5068087451334 13.5114362407833 13.4036737029663 13.2818204926119 13.3158480959019 13.2386706044201 13.122892016293 12.794790092473 12.7488286854931 12.8594183002449 12.9896855144267 13.1635697047724 13.0834524229617 13.2590616230927 13.3474367454152 13.3645327494688 13.3106566764827 13.065472761652 11.9238116189204 11.6431859404244 12.3093698898524 12.2546741841286 12.3052182048145 12.0262590687685 11.5124022227808 11.2317573690825 10.733390868526 10.1288576860108 9.3916812423569 9.49649721642133 9.98103986235487 10.3121301095347 10.3716505222106 10.6916374808145 10.7774314510327 10.3505479986835 9.87155654442784 10.0318768061274 10.1582487884797 10.0631004231256 9.94079086487302 10.3456355571472 11.2589586547504 11.7951084441389 11.0675020114125 10.0995042877172
13.4966765723815 13.6741039187074 13.5374264742393 13.3859523703799 13.1410500274186 13.0196768237653 12.8216053008543 12.9046095016785 13.1297315110703 13.1193923215694 13.0574935891809 12.9255058257155 12.9804281664243 13.2597389394736 13.2492648790408 13.4463326441002 13.4393572464495 13.2068126513796 12.5245409570452 11.5028850841419 11.7612588424511 11.8761027215701 12.4729389227191 12.2600310791989 12.0345342658749 11.4157900173058 10.567372874967 10.0976129659939 9.890174273355 10.3436441893496 10.5311944991999 10.3933909066239 10.5851599621253 10.7960770033779 10.7809731498351 10.2631746901081 9.69781560780665 9.44479995649252 9.74702118445625 9.48083090745356 10.341321695829 11.0131014580041 11.6478747428904 11.3363947127761 10.3908036555348 9.52376850321247
13.688805550468 13.6965016785359 13.4452580584612 13.1314682428052 12.9797310567505 13.0795580162269 13.0688336093256 13.2687328152253 13.2361831936315 12.9790464278201 12.8292777166545 12.6860758443919 12.9826632590427 13.189278443675 13.441652537509 13.4421525936798 13.3731210898371 13.2568763317749 12.9876638996359 12.2158693716578 12.0265075573998 12.5446132167087 12.7534180431544 12.5738864324806 12.2929961846646 11.1210490819042 10.2845309147213 9.97300018005649 9.93309639803924 10.4277265577308 10.9206108141818 10.8418820467946 10.6759958960166 10.7114343577089 10.4196997719683 9.6647195827144 9.63542460795385 9.69077386738474 9.33030236046312 9.73832901180293 10.7833922813094 11.628760106575 11.4595692966732 10.7453905063352 10.304410360374 9.58723816669074
13.7653668621097 13.644841506556 13.4597651142874 13.3332740885063 13.2304066923238 13.2665568707199 13.2825249386573 13.4280252956514 13.1278790816073 12.7811028304524 12.5136660501437 12.8420789819985 12.9881128594838 13.2078866898494 13.4197485960616 13.2118449263414 13.2237089938739 13.3640721445669 13.1263523310614 12.8186596800791 13.1490917826891 13.0516990957092 12.9121948258271 12.8455078716407 12.084234774106 10.8840288243866 10.1489549410559 10.0200188855044 10.5141722775418 11.1816167936841 11.4109610564065 11.0050091839108 10.5611317756923 10.13863252289 9.86216124979449 10.0034270571818 9.8778966938018 9.08906467414817 9.51553625945734 10.7059414106004 11.7081709092709 11.5417371611485 10.3558612012396 9.54942185246316 9.66850435234723 9.4961421374669
13.7603861080198 13.6438061404233 13.5705129930048 13.4944778912845 13.5093919645147 13.3498740157047 13.2998755392023 13.4765592273917 13.1890254222732 12.6690016184756 12.4655889700247 13.1198040377622 13.3643702326979 13.2383950984759 13.0642352317404 12.5925733851233 12.6073866587396 12.9752727705425 13.2483720470098 13.2706790853056 13.187055307434 12.7679516717635 12.8623532129717 12.9972933789487 11.994646722839 10.8952951840889 10.7441376580044 10.7234822686993 11.3806787200418 11.5559294975519 11.1197544187834 10.4357580200069 9.96926124322882 9.84376434189844 9.88454893704082 9.88786415028175 9.46869553055614 9.64663169575853 10.6182872143055 11.7154372186505 12.1399440662946 11.3757500162191 10.2484246548109 9.26580049728594 9.15640475467216 9.56834167673978
13.7811612519722 13.6621433219686 13.4620389508934 13.5440938220305 13.5796974272704 13.6167516713567 13.6398940845666 13.4940043547263 13.4487165844879 13.238370583529 13.1736767184181 13.4220137547407 13.1949346555252 12.9560765546017 12.9084446279087 12.81678701585 12.5975823966107 12.5159317367754 12.4931133716831 12.6948707409448 13.0015080078206 13.1468056768155 13.0699271728973 13.0196366172581 12.5566075531292 11.9434904738565 11.5052448235398 11.382438867024 11.5835725084205 11.3147741530809 10.0794303685617 9.50337354317807 9.54205891870545 9.77989891327427 9.89573287818716 9.32580108868936 9.50591909378159 10.6172675223961 11.3741275329118 12.233336697464 11.9370321605968 11.1924746108518 10.3654819014874 9.80507215342288 9.72776859226231 10.0893664760333
13.5932307365879 13.7630921039032 13.54921008138 13.6026440126305 13.7841030476718 13.8704338144364 13.5640452738371 13.6261291887636 13.4356375268107 13.4573668191433 13.2947283749956 13.4802109516119 13.5372017285452 13.2664503557868 13.0084794861141 12.6354685936532 12.3389513662152 12.2256540100941 12.0354958080416 12.2670919082203 12.86159327354 13.0851114879989 12.9750646016764 12.8398591064061 12.6542016875581 12.5223462959308 12.1969746880164 11.740049090618 11.6324562291497 11.0100644663462 9.85729970593387 9.28665425039618 9.33793658659163 9.60109138466507 9.86995018141433 10.0098593803142 11.0917099697568 11.500402078099 12.1177336312494 11.7643949081005 11.3936506829713 11.0724441843514 10.718762523149 10.3787724283557 10.3911164448296 10.7812752910114
13.2760887735957 13.5153636845764 13.8367051412172 13.7929806788912 13.9180850298762 13.8193363220749 13.6764043384943 13.6082500334897 13.7148056731038 13.2821169451632 12.8316601711164 13.0853530398974 13.5203735277371 13.4552966850471 13.299395940691 12.779660205874 12.2229323331785 12.017001350656 12.0522201525669 12.4014137894339 12.8375132897481 12.5963265322413 12.5103742573384 12.312711351643 12.1717318413409 12.1831067332219 11.9640576280941 11.3597705636306 11.1948974507323 10.5608054514031 9.13073423711112 9.06640495143422 9.05124664473164 9.886983753789 10.8045935176865 11.2964441977454 11.8429515215989 12.244356460535 11.854562707479 11.3496388430804 10.7556462331704 10.7255887020153 10.5501980255447 10.5147557467952 10.8892612846962 11.1090638543787
12.8390352038988 13.1001908492869 13.6334193482093 13.9168583021025 13.8827910558543 13.7544712361221 13.6474279462079 13.6467165833791 13.6734142010135 13.23432055923 13.0646729240885 12.8943377082519 13.4012550551758 13.380095203197 13.1913782998614 12.8601808764019 12.3020127979146 11.9093447768245 11.8613192296028 12.0858218772077 12.5642168041963 12.2433800241293 12.0462922877894 11.9267120211963 11.555506056333 11.4717520172772 11.5184767743753 11.3494313336563 11.3465485232983 10.5680674242079 9.47119627381302 9.53523405553448 9.74898597754976 10.3288309464514 11.3208343403412 11.7489829213892 12.0466263739782 12.1885879638405 11.6525259335184 10.9577372758674 10.2319086777357 10.4179953446045 10.6802451923085 10.5557853004114 11.2411724634166 11.1503638153967
12.4836537342682 12.3219643915233 13.1861426949339 13.8267506601791 13.85285393786 13.517814800436 13.1567619142199 12.9878537959013 13.5774406720848 13.6912714914484 13.3202413846989 12.8709461924863 13.2947570795288 13.2028569910736 13.1275454071021 12.6843157714062 12.5488376007066 12.1266047332263 11.7306789050694 12.0275129645114 12.2147808520946 11.9829137458291 12.1016590717898 11.8506721807075 11.3751373030262 11.2566043381949 11.0070802527184 11.2937983082852 11.6072746881266 11.328284309103 10.59427236097 10.1501334840174 10.7099090049224 11.2967736252537 11.6279262922883 12.006257359869 12.1475227025742 11.975814870902 11.4888903416624 10.6501125321941 9.64783846732184 10.5070750312223 10.9708856390776 11.1802198852553 11.4427227915673 11.0020839402452
13.0031480544801 12.0338289832779 12.941050357325 13.8187438304548 13.6411613779197 13.5333973971362 13.2661875459547 12.9032686948557 13.5512136626067 13.7386707234525 13.5529723705277 13.0946032741374 13.1220067015881 13.2485047279062 13.201543952877 12.8066362986917 12.3248120002398 11.8440319791336 11.8891100770985 12.3228544008961 11.9213835726314 11.8765639136225 12.2357639656959 12.0223403685422 11.6941127291821 11.2929312092485 11.0590216596141 11.3115434870339 11.7129376001816 11.4443584140711 11.0068819114161 10.8421638702799 11.0173313596883 11.2997861117377 11.7732110723152 12.1397784869747 11.8207943867407 11.565611804265 11.0411856825279 10.1374657318849 9.32415109129529 10.1758514730096 10.6697235369921 11.0992132149487 11.5078553079934 11.3398787224751
13.2671401935134 12.3723024086815 12.5287810778779 13.6963279857878 13.6763589769945 13.5016798481679 13.407876825859 12.9382672162099 13.3864921111316 13.5521634830431 13.4075104297861 12.7931754571957 12.7601323111137 12.9124409086489 12.9633127392816 12.4366475470266 11.9608992540131 11.8826008455048 12.382676446951 12.4717476045085 12.0924939957558 12.2380635670461 12.2876038336095 11.888208519835 11.2811634748769 11.0444171650843 11.2328260341591 11.5108538173241 11.8269144676528 11.506511668881 11.4757610031448 11.2273811821179 11.280345516408 11.3374903764148 11.6532690069618 11.9997877547283 11.6802862251773 11.2576216738143 10.6977878839612 9.71208586954976 9.53987952004007 10.3664059044744 10.7168720585324 11.2794630928555 11.5431341111222 11.2968131374558
13.3938509703798 12.845507927886 12.0269656217832 13.4452716318874 13.6915581778816 13.652259339324 13.2353006693063 12.7562186767368 13.1426998476576 13.1163380698479 12.7037929922226 12.2530582777985 12.1175719366473 12.581499158388 12.5078969292873 12.2929516071544 12.2139480293999 12.0761047163607 12.7188765561114 12.7116787197136 12.4616200963826 12.0830044544849 12.0098736534094 11.9174590234975 11.2660262978949 10.6585902791027 10.8041817441959 11.3228159063735 11.7566378028788 11.8007512425594 11.856471844893 11.2520783444191 11.3365881743856 11.4108202787633 11.5943258967504 11.7750377446222 11.5708420468673 11.1287749660939 10.6315124928502 9.68228276337476 9.72732713092331 10.9019685240469 11.298737753746 11.5374079486351 11.6334206760229 10.8371590749936
13.3915687270593 12.8293633827231 12.0432070646784 13.3208915979695 13.2983155047827 13.5653152784027 13.127287704074 12.6546025400531 12.6202255673031 12.4315017620781 11.9961990254992 11.7480761582329 11.7165579631283 12.1878331886359 12.128651189853 12.2866828339783 12.464126712582 12.5566711196409 12.9155247275141 12.4698297151967 12.316204414357 11.9176178903422 11.4299093356608 11.5240997024769 10.9440484909827 10.4212116728686 10.6494875690645 11.1894904772914 11.5378001689359 11.6573914181116 11.6877433747761 11.5498382209885 11.3045265399932 11.4189082168863 11.1759984548698 11.4297127302619 11.3965144733624 10.830514602677 10.3420508651109 9.53093467214182 9.96167031575612 10.9070843952204 11.3608381303477 11.6108249437546 11.4835961856956 11.0185092567845
13.2634003515243 12.6050940407367 12.3757081821047 13.2305728645534 13.2561591973023 13.3435173406347 13.0715392398328 12.6959842908848 12.4844412752637 12.2766179977647 11.9644719908182 12.1476625710088 12.0529636101366 12.2495354558702 12.5016443946677 12.4463497046018 12.8698686622563 13.1367235436959 12.7417096117139 12.5181876937904 12.0911835730738 11.7620597627481 11.1583229456386 10.8862484496522 10.6237830580707 10.7758333491602 10.4934143799257 10.9233140645261 11.0922601310729 11.0346837208891 10.9754975103374 11.308830340693 10.8141346425386 10.8150596777845 10.7708258218175 11.1337292883154 11.24311048495 10.8592154011477 10.3391267762899 9.86973464338547 10.3502897287899 11.0623525904632 11.4018727153126 11.5940723870869 11.8163005926398 11.4635329841435
13.0267604538994 12.7093872264005 12.8152606556978 13.011087590578 13.1194717887611 12.7131656672859 12.4399261263784 11.9015212983498 12.2739231595673 12.6049492508897 12.7008178442659 12.7498361348634 12.4712491272751 12.3673445706841 12.7702287703133 12.7362516757051 13.1345491988087 13.153648939958 12.6439837725725 12.3158573790496 11.7129426783709 11.0924492460603 10.8161065567513 10.7266714568181 10.8655900553642 10.9902838336674 10.6012651188222 10.8992520956245 11.0096822638299 11.3481890176479 11.3966506820299 11.4274294672176 11.0992165913625 11.2138651946478 11.2219583128987 11.4212783496456 11.0185357622333 10.3733080407811 10.0043931183705 10.2285547515398 10.8663257777644 11.4008832140766 11.865284692576 11.7194084569202 11.2812755230471 10.7345444108349
13.0519801537376 13.0760968785877 12.8189101686196 12.7745204294834 12.6722034855346 12.315616858437 11.8147918793683 11.440426529201 11.9892965433411 12.4220364198031 12.6595164845824 12.6626428804211 12.7422022810244 12.7504820367703 12.9468037410293 13.1873764433374 13.2143661275263 12.8817483302584 12.4305698634429 11.7062863068967 11.3180363841305 10.812116032537 10.8480616816444 10.7809017189779 11.0163337242279 11.4007700294357 10.9320220755005 11.3399619863892 11.7122204829002 11.8498353268147 11.9563923717761 11.8860734695177 11.1967565332012 10.9882934451031 11.249696202351 11.2371571383815 11.0733776049251 10.5179313394961 10.1090747743044 10.6667604079747 11.2058952189388 11.6160755077772 12.0315730081749 11.918858078731 11.6622030747914 11.1021951415015
