DATA/PredictorVariables/Future/2100/tmed_inv_71_00.asc
NCOLS 590 
NROWS 274 
XLLCORNER -7.522276026 
YLLCORNER 35.996888128 
CELLSIZE 0.01 
NODATA_value -9999 
[rows 80 to 99 of 274, columns 506 to 551 of 590]
5.87001729180134 6.01408045999745 6.89163476760457 6.44750793160474 6.48274866477503 6.99212486164791 7.11988380431201 6.98244189388343 6.95195899381281 7.08902711138844 7.10002374677844 7.14679124804755 7.15823783749602 7.14891461782814 7.13204308028151 7.10873697916151 6.91833708996032 6.7633755805123 6.74386402623105 6.62384550929021 6.40463842956401 6.17001107007413 5.8126411988383 -9999 -9999 -9999 -9999 -9999 -9999 -9999 -9999 -9999 -9999 -9999 -9999 -9999 -9999 -9999 -9999 -9999 -9999 -9999 -9999 -9999 -9999 -9999
6.45932064919977 6.27499590304529 6.84079929588466 6.99607238444142 7.10284622458033 7.27377933063007 7.18462283124591 6.89491651919325 7.02110769942357 7.0748268209896 6.92223038396217 7.03915427080875 7.11446777957419 7.1999592308774 7.19408103111815 7.13237248858094 6.88944198256162 6.83948362893918 6.74616214883091 6.56956370488593 6.36837647141569 6.32671897854133 6.07352116513348 5.999856449668 6.07055154425033 -9999 -9999 -9999 -9999 -9999 -9999 -9999 -9999 -9999 -9999 -9999 -9999 -9999 -9999 -9999 -9999 -9999 -9999 -9999 -9999 -9999
6.55868849865143 6.80473187024955 7.04136670125771 7.20999690406491 7.30704013936831 7.32034794834019 7.24890347254375 7.18173758333442 7.11319270456839 7.05062153594352 7.05119908278899 7.27070499701764 7.27495881764318 7.23104782781006 7.19815531479455 7.13536522686792 7.03019534871509 6.96004534045388 6.82863726982404 6.47977157574156 6.15029305973634 6.19531598775966 6.1542884280444 6.31728906707338 6.42794344817928 6.26751930756458 -9999 -9999 -9999 -9999 -9999 -9999 -9999 -9999 -9999 -9999 -9999 -9999 -9999 -9999 -9999 -9999 -9999 -9999 -9999 -9999
6.24169289936574 6.99228182836565 7.07457531630865 7.2909617951189 7.39334055945091 7.36501883816174 7.38087004408338 7.11866594486065 7.15701199594846 7.15094169319168 7.27969137338526 7.32983054057334 7.32446091139504 7.28089276602864 7.22688059772755 7.17349250208976 7.11019730525781 7.03833981152774 6.88353561474629 6.64855209441986 6.53443664411105 6.40703636631461 6.47057859267174 6.48464653840482 6.60151223464588 6.63460130555422 6.64911711129188 -9999 -9999 -9999 -9999 -9999 -9999 7.120689868927 6.95625019073486 -9999 -9999 -9999 -9999 -9999 -9999 -9999 -9999 -9999 -9999 -9999
6.30240774376843 7.07485284997557 7.25293755477097 7.39185932789613 7.4378881968317 7.39951969362283 7.40450340004612 7.34451401501491 7.32414169609572 7.31169740556384 7.34862913152647 7.30388167336773 7.27455452985118 7.27548668427014 7.23398564948868 7.19568603505158 7.12920319316507 7.03865937117742 6.83387251632737 6.78473908221124 6.69873661462739 6.23049984679926 6.4028653561805 6.58942359746788 6.63954952742839 6.68563572899506 6.63297169432567 6.65184675390317 6.76508781222538 6.78061759520202 6.75244567022783 6.83931312405781 7.07254807302712 7.13641720678546 6.96353034290171 6.81354639867922 -9999 -9999 -9999 -9999 -9999 -9999 -9999 -9999 -9999 -9999
6.23812101860335 7.05118130165723 7.36055215570213 7.44040318840314 7.43733580984807 7.40521893161942 7.42875287305594 7.42068082334994 7.36543490806197 7.33658545464468 7.33601224787784 7.26008440066433 7.20060343086744 7.24096410575507 7.20105931276392 7.19789130656647 7.14388062571907 7.01208304312708 6.83470180462652 6.76656552281743 6.83553836184243 6.77678160110381 6.73583999180487 6.5397457511943 6.66316862016561 6.61108225247458 6.611502442951 6.749420860631 6.948737045856 7.04221698403292 7.08169974511724 7.06898841498978 7.08532738326938 7.25459425640874 7.09683920955979 6.79347986126078 7.26507902145386 -9999 7.51166677474976 7.4155573697801 7.40919412551051 7.55000019073486 -9999 -9999 -9999 7.71111106872559
6.43217561840275 7.19563084254337 7.40728419248819 7.48597308882046 7.46180963311124 7.44654255647779 7.44148012904167 7.35941513373375 7.32837830679941 7.35143883533549 7.32243443368912 7.25489549316382 7.20101293490362 7.14063330854964 7.13606587126016 7.16621015861463 7.1181569147172 7.07425112031674 7.0311737141776 6.9717792964065 6.9505633081746 6.88133288674139 6.85689350344061 6.77220645313215 6.7755970568254 6.76899176728225 6.77580774617839 6.82278062191272 6.98737396070314 7.2054489944167 7.24303508813666 7.35259926464199 7.38695563832354 7.42686022608327 7.53672051280212 7.4093112235544 7.35483022985033 7.56024509555318 7.57711453361394 7.6135846229315 7.73866978311494 7.63766418969205 7.96403302142931 8.15230112447834 7.93748964696766 7.78136241556885
6.79494085053851 7.30260906116869 7.38405015492775 7.49196690533686 7.49112836944795 7.46881918775892 7.42777137062169 7.34518893281937 7.32238229027796 7.34185892378067 7.27314913923739 7.18289135064481 7.11348744798993 7.06497330040191 7.04393813605045 7.07932252443884 7.09053083912778 6.98109270689845 6.94797907994913 6.84953744848514 6.78580596250868 6.7691077640469 6.75006748403811 6.73264850303746 6.76686422937847 6.80322205279828 6.8069866764438 6.82890254695696 6.97869831888453 6.94952251310654 7.02611160855959 7.21428393012449 7.25836450824302 7.16900075351731 7.36128844706238 7.62656238313999 7.69263124377338 7.77528483932015 7.87650107292843 7.92278606769588 8.07070050255681 8.08009852049308 8.12961987851433 8.20138105179218 8.11230305526308 8.15575129121977
6.90398635573272 7.4110274340408 7.46337109218313 7.49253242232871 7.48789461233949 7.44830082043861 7.43729179367111 7.35346467842364 7.30679788781737 7.27885160222338 7.19014379787777 7.11646975868581 7.06424784945892 7.00011411430406 6.97278440847945 7.01323320653677 7.0745754991939 6.99681219048001 6.94337549140193 6.89679184412839 6.82402655045369 6.78338645941833 6.77528221332434 6.77344004813317 6.84029926749017 6.83316389353204 6.73500734380008 6.61145417389776 6.65313744252897 6.76711001796221 6.90175718707605 7.01178081316821 6.91529059368986 6.79187961976358 6.86900288787457 7.17251628853745 7.30795010969894 7.49905962551796 7.83739982484908 8.01885026375768 8.1073292385869 8.27757754020929 8.31254706193163 8.34799252891495 8.29686455691865 8.41421180397416
7.12401912840635 7.48394437176443 7.53333282470703 7.49149118591762 7.45155207238459 7.40551617561388 7.359120628294 7.34029012913537 7.24825070174312 7.18278185361384 7.11419572545003 7.05904558367442 6.9953807766745 6.98046608036375 6.98572000740004 7.0041871685338 7.05144367247938 7.07073098980593 7.03933737410093 6.99759356130959 6.97671996059491 6.96193182213952 6.94458905782726 6.92981447306825 6.94052826073623 6.86061281244612 6.78255760387492 6.69711774237108 6.67620106625629 6.72416119695687 6.66375822022266 6.62016288548224 6.59651127309555 6.6280627972364 6.73595166158866 6.92142380210399 7.06728775675826 7.05092911051924 7.58670349358292 7.86651451604552 8.03997076828976 8.24008997073313 8.38318736123036 8.45681200947001 8.4252696396699 8.47311733403064
7.38898593759732 7.51427999259995 7.52932993493341 7.49848038158319 7.43425661761809 7.40608874105954 7.38947278508857 7.35127009748437 7.22780943422085 7.13224205155161 7.08654852751612 7.02543909144637 6.96302279750967 6.98070417072609 7.00014134250949 7.00206079710265 7.00004071499366 7.0502025993044 7.06726747473955 7.06597979901291 7.0621173871472 7.05431684958005 7.0324636769521 6.98003076754545 6.93912162923692 6.87017281586691 6.7909163622005 6.70589587299762 6.67396118301007 6.75544266518701 6.45253353122817 6.3434172013825 6.41420848034005 6.55911886820977 6.76522488067211 6.95600919268141 7.33722003212717 7.41419869425179 7.45126152644133 7.69840406636022 7.90359335027023 8.11078832477681 8.32467959292133 8.52732931488082 8.46862115218222 8.55208043850428
7.42780422904205 7.48967857260393 7.50622731378912 7.48034174520016 7.44714430528832 7.41321231209827 7.42530047403526 7.36978025524592 7.28561046308565 7.15852867873502 7.06727081026338 7.00348851226021 6.97395815002728 6.99670977382635 6.97068280795907 6.9434005332639 6.93227523359774 7.00674401009726 7.06814873958468 7.08789531899429 7.08023807789565 7.05910286980796 7.02073822851373 6.96830249585176 6.92878034832025 6.83594705036045 6.83028117023997 6.87020209923632 6.72194946438321 6.94794916129071 6.65260688357792 6.54276759360848 6.77616028927857 7.03958826310664 7.23263809835179 7.38781829621108 7.65874862726406 7.7202995474873 7.74035359989409 7.93229465168571 8.10518465986108 8.2753463725357 8.39085515639971 8.45871980732103 8.50620779002562 8.48009338813505
7.40702571266531 7.44930786059617 7.4740729053614 7.48462301754759 7.47005485873745 7.42409551653385 7.41610928351949 7.34509685740922 7.26657072914837 7.14574343771648 7.02611545892146 7.03568106654596 6.98904416620277 6.93938008069276 6.90799123518633 6.86982195989442 6.89240265375377 6.99497347583891 7.06577631427789 7.11875804070616 7.09718384187865 7.0742752158935 7.05160196742582 7.00254720504548 6.97771566753201 6.93177355439338 7.08954717611725 7.21191870798378 7.14878546195369 7.27179205129628 7.10538661028391 7.03385032051833 7.1367018393043 7.34341573236711 7.58802051476839 7.73814365139391 7.84526463737252 7.92392527094391 7.95733118902042 7.94840742237858 8.09537716049626 8.26156477277661 8.29771319439027 8.20643599044888 8.05448178046053 7.8681817444837
7.35905848606849 7.38439871194911 7.41551914763402 7.41942020909238 7.38823956548166 7.38841556433105 7.35009180981731 7.26592008669972 7.18752602898598 7.13642261496115 7.10320815587162 7.01365370540595 6.91147056281233 6.90188476337338 6.88311489826513 6.9193258134203 6.97132297247316 7.04159997336102 7.09978765593767 7.12332593879604 7.092225005162 7.04332201900339 7.02469689937567 7.09755576486469 7.18523451743508 7.29896010050536 7.3935907669034 7.44657347461153 7.39460039483715 7.48632185344601 7.37895894301488 7.40446369906118 7.55880876211287 7.67294084293867 7.73989386571027 7.82136646606732 7.94185324892187 7.99657801788472 8.03552715130853 8.11868254199409 8.13990484300301 8.17900995222493 8.1263488013992 7.94345506477262 7.85536177397851 7.91818217136101
7.40101891236856 7.37467149086574 7.38044594118002 7.42623142821767 7.37661217331626 7.35413729971672 7.28129255329134 7.21989034909419 7.19551514040139 7.19692070456362 7.03417969300034 6.99230037385395 6.96775804698638 7.00461801020935 7.04412567905143 7.05460001427582 7.11689144912696 7.12117319496917 7.11190431178163 7.05560173467014 7.01704899342224 6.95188307231853 6.93281039838359 7.09316675737544 7.21315838487075 7.35064157717084 7.43138516677808 7.52890055477237 7.50768162117172 7.55707612466645 7.58521586472631 7.63249051527544 7.63578479970946 7.68897627640332 7.77609238084571 7.86351128768393 7.9325457650375 7.77109585999485 7.92265350380464 7.97938706010453 7.81386001596395 7.64039309119605 7.75822793197748 7.99256294518175 8.18065870656622 8.24931511529575
7.53970898869421 7.53048738993766 7.52159531766656 7.52939530055048 7.46443084313465 7.41588182570032 7.37385267329649 7.37487373387909 7.29179101132894 7.20571412443138 7.13120180368831 7.12429841693881 7.12879725679541 7.11756730015087 7.16840589016868 7.18270118556187 7.10853991218565 7.06898075057266 7.01006602252958 6.93080960033152 6.8775802044203 6.82044759713671 6.78501600087378 6.90390752109288 7.10448092452596 7.27049795908687 7.35792149395892 7.47967091187783 7.50032850913426 7.54646739862297 7.56418057593126 7.37583015136135 7.00696675830364 7.01225859655762 7.31789932825886 7.66693348363965 7.77574235059402 7.63160056072022 7.67430404126327 7.56827029956976 7.46907892469598 7.57853351521919 7.54134168223323 7.43215754032142 7.51378757582858 7.63553918364424
7.654711606375 7.64680171858051 7.63935682526637 7.60497586168052 7.5418158719168 7.5913774497409 7.53451562681795 7.40845213288237 7.32586505126002 7.24908243125441 7.21245177914429 7.20701246961758 7.12534400886795 7.13977923910691 7.18865303170226 7.07043947613309 6.98721777580283 6.93319275008484 6.87389499391147 6.78939824463745 6.73126227380703 6.67761375748084 6.67784562550423 6.80905610849353 6.9608092178046 7.06647706145635 7.13864745302598 7.25580585162372 7.3370070736334 7.4359246416938 7.34745278548048 6.87971005200005 6.03688408295421 5.97896639055724 6.73238013217397 7.3442664449758 7.6333496164281 7.65896874153398 7.37630923411416 7.22511118034985 7.44852061523264 7.35982039152107 7.00487340659535 6.65177703639263 6.60175325303101 7.41758629496265
7.77859794839081 7.75995650176841 7.70496074583779 7.68737040911926 7.66252661073861 7.67634604342182 7.59125347797498 7.50705042383085 7.44860338945234 7.36400044127279 7.23617020985132 7.11761535625986 7.04085961658106 7.22302237776757 7.09393764100069 6.97159312741003 6.86581254436577 6.7597510532214 6.71399498980227 6.62582951815408 6.60751433951939 6.56093970687433 6.56106678539433 6.63866465744041 6.67993759511576 6.71912839153402 6.86070676662985 7.07265087586533 7.21433747894242 7.27550498141518 7.24118656964175 6.90195385820449 6.32674399877315 5.96959028124252 6.61644280563202 7.16112912286197 7.47917184065004 7.54606507339061 7.30644568184271 7.26441327386326 7.09156016355032 6.74744518217233 6.57477441612122 6.49881297231187 6.65787002150019 7.36522448242605
7.86677995445299 7.82921717109776 7.81427532724286 7.82817812575817 7.78161598826745 7.77844789263394 7.70705463818791 7.62555752925183 7.58350600371743 7.44200111382534 7.32255511119989 7.19884328415732 7.17495976191739 7.23962556873323 7.04232444900084 6.8509030194917 6.76515756818988 6.7302916230729 6.65246170255212 6.59031429727176 6.50130806571604 6.50045511259816 6.43620494656036 6.61312772938656 6.79257152458716 6.90642869715239 7.02541642392921 7.15991580446002 7.2150563336601 7.15801292269537 7.11462611072393 7.01296775946472 6.86688398450349 6.86868744347643 7.03921407516267 7.25523568216513 7.40577506191321 7.39305355720563 7.12102485304371 6.922574120424 6.84530143216522 6.87656254453312 6.90998392894352 6.96962364638742 7.03827619045596 7.04334519076353
7.84062721389388 7.85712076947379 7.82469257335924 7.81283739315126 7.85258010905287 7.83837694468614 7.78357726398896 7.6833683099146 7.63072831295539 7.54302353777553 7.46896489628531 7.40030707450153 7.36118129514935 7.31657439285328 7.10657709938959 7.01216507535795 6.88242847703176 6.91755811559061 6.86307875293235 6.7539951056588 6.59220661367707 6.46269347908262 6.33291957151175 6.53221272950146 6.77618864884659 6.90660251250406 6.97599877364464 7.01895784046289 7.0497976118228 7.03195554882978 6.90896874153397 6.90015457754895 6.79513097646165 6.81782939013124 7.06357093903582 7.13900866630838 7.23198686717866 7.16308098509474 6.78024160424212 6.92033675009312 7.25589419866929 7.33269649872377 7.39760693773218 7.21076090581286 7.10205399800332 7.1507714922856
