DATA/PredictorVariables/Future/2100/tmed_inv_71_00.asc
NCOLS 590 
NROWS 274 
XLLCORNER -7.522276026 
YLLCORNER 35.996888128 
CELLSIZE 0.01 
NODATA_value -9999 
[rows 120 to 139 of 274, columns 368 to 413 of 590]
7.81153976636093 8.01512137107251 7.86647826620002 7.70602561410405 7.82178386423786 7.63545429206756 8.03244540319903 8.16052585073761 8.09169892258225 7.94585330199694 6.93106060018401 7.48905080705767 7.91709039500998 8.24842386847084 7.78561837675515 7.86639072987644 8.48688105977156 8.75111661784554 8.89869276238771 8.96033528072975 8.94674324514534 8.74516779967647 8.52092253839738 8.39970413348967 8.23044617915872 8.22675886590579 8.25112983483795 8.30929753631072 8.31548788263133 8.22110036740359 8.2393236074701 8.31905976072363 8.36509484865574 8.39954506866266 8.5163663008399 8.53822084658197 8.61784773295882 8.67330035199452 8.59756830473711 8.58273773629663 8.55336051712414 8.45495045686814 8.39471228712031 8.32072894400498 8.23251082027003 8.07447239824983
7.61321918683179 7.95507150688486 7.71647174539095 7.89959212058651 8.13013092871523 7.79087037265896 8.32062955243445 8.34223646252968 8.5341650458665 7.98886535052949 7.11248511378337 7.65495315165393 7.91747612287265 8.01779826404218 8.35896242636054 8.43124714830125 8.53777894115253 8.76117061026908 8.74410066979458 8.87308500630427 8.99725038638495 8.95797071711207 8.79026925126028 8.66029239976215 8.41248963749364 8.38692706400397 8.44414762354235 8.52149645210077 8.4588756043482 8.56264430004548 8.52046161490155 8.51023745589641 8.58579900591474 8.53409778039939 8.54657338013462 8.67667425193883 8.74878692149497 8.72591230978394 8.63422041296096 8.45009782483334 8.34633757417103 8.2823175810103 8.21296680905885 8.15132367860051 8.08329565702962 7.94303278310489
8.00063409313943 8.19264113513376 8.08760738127904 8.40748642335178 8.14737892161561 7.82033122833683 8.28286610162828 8.28872791943592 8.4189051470694 8.2789513955598 7.2650462268484 7.3653256392963 8.22534401679136 8.14920794674205 8.14247843864204 8.08005593109923 8.43520860216764 8.8242879275527 8.83434965781165 8.88243252806234 8.92333429170989 8.96803242145062 8.80689578526784 8.71063589379932 8.60451595724203 8.5670330098057 8.66977339258672 8.63854203562213 8.53994300728608 8.53502037168217 8.57439322729302 8.63362301427984 8.78117814172792 8.8397282084036 8.70283721335745 8.73311017462731 8.80420955910541 8.75568674905491 8.41208457891272 8.18302092841099 8.1580190625708 8.08116009867476 7.96709823080182 8.00833281966615 8.04759001629019 7.92236278607441
8.35477010672625 8.48204026604043 8.7143477772489 8.59759813846208 8.27368846212337 8.00402412673036 8.02128327194809 7.68839826320035 7.8115251702939 8.52876405794722 7.87571889576257 7.55944007538827 8.42575690569261 8.1104900950528 8.42840774028974 8.75283740409233 8.81329142086505 8.86239702846528 8.93540420207549 8.91200776807693 8.8201113579426 9.01869178548956 9.00606149195387 8.98010699365379 8.86832075019696 8.82676714811423 8.8230313034773 8.77563592630098 8.66172441658307 8.58633377374366 8.59545790491725 8.62549963745072 8.71751339052915 8.93881589700075 8.79972918689112 8.8110069030228 8.96967160256484 8.76372739089253 8.27780669693283 8.0315144534498 8.03197728987724 7.99811831368596 7.98821797638567 8.1387174243708 8.10842788329653 8.02563625452521
8.78239072543393 8.91762306367395 8.84465696416278 8.63598838066768 8.19926034856178 7.7916236650802 8.05727865405782 8.03863715588913 8.25559912613301 8.76230999040793 8.47599809702928 7.9527914963289 8.5783473260055 8.57965314525188 8.70563268599755 8.76141465032668 8.69117986476507 8.83279217210523 8.90788198898119 9.06192563417196 8.92091260271982 9.01435270612575 9.10153270820334 9.07127967997695 8.95178880850692 8.8655173960456 8.79844123979181 8.70656386669256 8.71760014343789 8.71867595596316 8.6438680260153 8.72103502432918 8.71008696028043 8.78077277917194 8.96954743717193 8.95581117965986 9.09614436509229 8.86806771505594 8.45415566837743 8.36314335077671 8.31172986049608 8.33260042323165 8.35390208176092 8.3178589710956 8.29784426454736 8.17434781539587
9.22416599568463 8.87202051454073 8.66290768028977 8.58902672044468 8.28471424634223 8.39670876447253 8.44225324090059 8.44652448452665 8.4134250349936 8.5806325591129 8.75452306927774 8.36869281229129 8.82124488381678 9.13977057034161 8.97100633609912 8.49724531202502 8.28778405843402 8.49316708929732 8.67895265843488 9.02839654368017 9.08893291902926 9.06346389439823 9.15594843669934 9.00094253033866 8.69886620083995 8.52956099123003 8.57163966363623 8.7952845514679 8.8423253760147 8.80519691753101 8.75942937296631 8.72653854980806 8.78140085902359 8.76866334625723 8.91323966084909 9.00500114912126 9.13652199786712 8.88696228269245 8.61528561946061 8.56564291221193 8.50649447420649 8.55457641788675 8.52542547016005 8.50982568569759 8.42473321481616 8.40805237611491
9.29070691355381 9.14487881368273 8.80748045873952 8.60710040431128 8.54901952630936 8.67732521349322 8.69268814339621 8.48047797740641 8.12394507976681 7.99017835067371 8.6375870808572 9.03434154530265 9.11381727578519 9.20366748447257 8.82092503747488 8.31134601796584 8.40036680713533 8.66611020053654 8.7421849767624 8.95005879416754 9.18632506757115 9.10596216229334 8.89489507681541 8.59232355367054 8.53862513771651 8.59057985134504 8.61438349429116 8.78330174268857 8.80927735861118 8.82261231144016 8.88701948474943 8.89152133485377 8.88698173141345 8.87191616293293 8.88920333615352 8.91390293260628 9.18065790022998 8.96004198686177 8.75034825796622 8.74722787087209 8.71256352726557 8.65171172881858 8.69947516017967 8.69205045250378 8.73238918062223 8.68782063313155
9.3932923798337 9.31563133711242 9.065044079628 8.76506405894523 8.95503994312481 9.01405826582762 8.53924538302281 8.37903063344812 7.76788161254511 7.84336557108004 8.56474722832108 9.28886821993635 9.25668009953108 8.9044346960243 8.55019354328248 8.42426586739595 8.6986731682883 9.0081588347793 8.88985663450388 8.99245511814883 9.18329396470548 9.03488758305934 8.75773495192344 8.74106149485685 8.70875923952716 8.58292845552875 8.52045953932817 8.73221636856656 8.90660951967957 8.97892227404592 9.01960740484 9.0488994577904 8.976925678576 8.94491156900312 8.9161394263239 8.98424078980781 9.23862384707929 9.06155422429469 8.95615011771205 8.83912067920592 8.78088829265218 8.8573617829552 8.79516532827906 8.83242374391988 8.88773326269247 8.77142180916266
9.43134615786268 9.26991885155631 9.10096968446304 9.02594186497835 9.1287060301919 8.87812272143841 8.67140039185908 8.37367148411849 8.21755049037223 8.25331426057588 8.63542457192902 9.24393505690674 8.90846526065689 8.46437235009916 8.48550924620873 8.79584086604221 9.02902835440449 9.1873820658293 9.05524964928057 9.11841987298874 9.22802159593151 9.08227379850522 8.97298783722009 8.75150374399705 8.48295203956941 8.67495749361708 8.79156571408604 8.87290172905915 8.96473955546137 8.90113478629735 9.09720892939905 9.15667422540378 9.0003844550829 8.99017740232323 8.9473637447896 9.04868309505892 9.28822145224953 9.18779813273191 9.03998571306846 8.96572276826862 9.00101611992407 8.97636694465444 8.92934674560257 8.93056360014672 8.89703828800147 8.88679171803278
9.52149920544863 9.30368621496964 9.19914850966121 9.2110159811802 9.17624444492723 8.94180788832857 8.81426673383523 8.51865423861505 8.47342310337307 8.76167865489961 8.91319378919605 9.40954529754449 9.14289356520415 8.82769247274639 8.83499279897931 9.13885502723934 9.23571884036447 9.2828247703948 9.15459946976185 9.22272661612223 9.06122269719694 8.69612060937356 8.50629384547901 8.54621259819793 8.61963718455458 8.67043145708844 8.59953186449237 8.58330176163673 8.82523378003264 9.01144916128731 9.24933707201671 9.13113879702425 9.01847824377966 8.94870453487111 8.95910098748447 9.08909362420417 9.32140774379158 9.16016528851318 8.98451478111984 9.10515527115345 8.97350523981665 8.81399301264522 8.68044327551076 8.61191614176795 8.56540338113401 8.60584295200059
9.57291663022138 9.41631945309833 9.40129325933411 9.35113889226628 9.33084983441164 9.20240112907936 9.00908296518662 8.71417606265072 8.74709352290732 9.00317160536435 9.31830544623899 9.48993844596101 9.27124023325591 9.10944169020226 9.19033500496243 9.35992656575964 9.35991200272273 9.25013059473034 9.09313415895217 8.86859840043672 8.57275504070664 8.45267938596803 8.33381937779794 8.42308143345967 8.57883917195173 8.29938321034005 8.16096638416158 8.54897787297256 8.85048464202262 9.00546617573118 9.21903456828783 9.1876823491297 9.06533851843549 9.0441248971639 9.13038748310569 9.20226996374705 9.32501854252623 9.09511097647287 9.11744525107095 9.05094520342678 8.7478225253062 8.53685471284486 8.31056833817246 8.20730179267218 8.33503738711883 8.33494042144777
9.63313410347604 9.56172961304334 9.5066805597105 9.38450470479536 9.42462707085465 9.29527965599871 9.12612176011373 8.91104107999517 8.99226444684217 9.10751223036144 9.31053819871043 9.52015042762709 9.4420637782769 9.22253557414105 9.14854397941068 9.28845241821957 9.21530476147402 8.98174372445478 8.76247345783132 8.11616957817165 7.51730448975673 7.60815815167489 7.62123815749348 7.97239791760339 8.36943952861877 8.42599465582373 8.64570752254394 8.84991799780801 8.89936426443388 9.035454387435 9.15028083322576 9.31587741052917 9.11543567850544 9.19578595512919 9.30654439766984 9.34192292562964 9.26047187344216 9.10794811077923 8.89934247559443 8.77622344101139 8.65599067881062 8.58882039590552 8.42230115252451 8.33157434188989 8.3766131164279 8.43898259800199
9.5213741751131 9.61318572101348 9.49855612731172 9.40624938622144 9.40896774935582 9.29229780611513 9.16182079979559 8.94915841096112 8.86155253323983 8.96638486069529 9.18677955221692 9.48195474559255 9.3749661492844 9.34202903808832 9.29918892900467 9.25628174282975 8.75898675886492 8.59446196193033 8.51259231112673 7.75828880348921 7.22790217496215 7.27248516349778 7.30250376582116 7.60357791493899 8.17458120581719 8.46591879940503 8.72031061629479 8.99470603509 9.04404140604407 9.2286196692305 9.28952960385897 9.46608128870535 9.2466688726049 9.36551143622304 9.47365435256286 9.39680671636387 9.17693752483222 8.8602384430337 8.56347771195417 8.6472240487986 8.7592636839762 8.70194701044037 8.59602564903405 8.48830774698786 8.42700037799746 8.58096055540848
9.09840104286666 9.28484344471727 9.49386121265727 9.56441069699198 9.50404567278474 9.23122605056102 9.06096807826539 8.84538540097638 8.79768209713121 8.60552591801715 8.71689317655619 9.27833075035847 9.52668210313607 9.30721911586218 9.24389815282841 9.04426490862515 8.93866367977722 8.79202559443084 8.5562091438692 7.83609473325144 7.80393913199345 7.80082230404814 8.17874285407535 8.05170495817927 8.21424192483826 8.31947854497308 8.54331772968969 9.1718748603293 9.31674991486556 9.36132422208066 9.36347800213286 9.47899802709581 9.43304170701871 9.35523636425191 9.26518518991744 9.21304273055307 9.0305522058482 8.90692760677058 8.82539818067706 8.83127149848851 8.84743689235113 8.7765594510407 8.70612083825533 8.64317212821141 8.63962782911002 8.54934663116153
9.06355614335681 9.15581159902574 9.30001132417059 9.62627732302045 9.47175093839983 9.32675039808514 9.19501732663813 8.94489748303735 8.74728107542895 8.3743180034118 8.29053370724534 9.08063864639083 9.51963489661072 9.18980664905652 8.94750511681224 9.03863508500096 8.94355258610621 8.54459658706267 8.31697626168391 8.30305968238889 8.55097780146417 8.49441432074845 8.67719439921865 8.89306964150053 8.96952843912893 9.06408618394428 9.15140853193618 9.30146338636586 9.37505780590771 9.31207044289303 9.35261651290181 9.49903009399128 9.27234422667884 9.15485836094855 9.11016269287202 9.05909726485245 9.00325484988546 8.96413005450104 8.92989534366748 8.88615825328203 8.78055307451815 8.68242036181015 8.58524690923543 8.51077250474782 8.46451176778885 8.34012212912459
9.08584764104696 9.22077157766771 9.3480954124985 9.62206243910791 9.62405619864322 9.41812236423586 8.83179346398164 8.53467669303762 8.71368752983571 8.46593578998468 8.19338113339467 8.67178856686013 9.34577710881367 9.56718556791499 9.05151764857538 8.90262463523675 8.57151090606117 7.8881428780914 8.18077720751478 8.76072070265865 8.9518844772711 9.03632654894308 9.10256041545205 9.1630766290875 9.22475471016363 9.2747409180045 9.18904247370671 9.17541411150217 9.31491652294397 9.365608152329 9.48217530890849 9.46337660461801 9.18421124284166 9.05287608779997 8.94216513620372 8.70488216350411 8.92774690588135 8.86505209786887 8.79690648658987 8.69120656963058 8.54678606038425 8.4366829869723 8.35388895222326 8.26740768918843 8.2122053775033 7.98382398902615
8.99126095497229 9.21130517918254 9.48822040150929 9.66847186581277 9.66432603112268 9.35234174991179 8.98237112936834 9.00971016644096 8.76226128745604 8.358301380167 7.99429366634321 8.38476144252538 8.94876972862768 9.65469705519151 9.45025369440368 8.9506032669115 8.43474233476635 8.04551580665227 8.25865985535193 8.78093674168397 9.065959517128 9.23664227784826 9.31730513198949 9.37732813700867 9.36954619814872 9.20090478408336 9.12614280757332 9.1804212642789 9.30548413450004 9.5082213730526 9.54018739958189 9.17298051392315 8.89603350506113 8.78439714468382 8.70567068208359 8.55870275321243 8.64143159602164 8.63358033160304 8.59812705155467 8.49870603349828 8.42793064048433 8.28667465476941 8.12875596501611 7.98702788238689 7.66545944965881 7.21050515359565
9.28619350070903 9.32494278524496 9.52856232199616 9.51624719687594 9.593901617886 9.40208029322389 9.35186221729132 8.87338824207626 8.65129037278018 8.24992347238396 8.07676378441247 8.44780246208201 9.00257996502884 9.55767851423267 9.82591096257688 8.91324232298136 8.04183470801457 7.79127023020455 8.44317253949846 8.91482160300023 9.25551581841901 9.42000066752055 9.40381028297903 9.44826098620558 9.28815772218609 9.1458287187381 9.16936049964861 9.32387389723735 9.43415375938179 9.46751152318039 9.16521403423538 8.93516443638604 8.62914103354209 8.48475951164762 8.39008684746831 8.19418921632477 8.3788488220941 8.40906714804594 8.37530683001654 8.31486045483032 8.26638291530263 8.03903481000649 7.74045998675641 7.45109211654 6.81678697438967 6.71410619297639
9.19766247318129 9.35368049021337 9.23089774733441 8.99889542092507 9.22645688993161 9.40738555410846 9.17408662962865 8.50495719220567 8.13499298971423 8.24282805425316 8.50227340978487 8.94958046300991 9.31269207320258 9.66782320461555 9.8695724790206 9.02583182175599 8.55944179746649 8.81699089101857 9.10907962673819 9.23442776386554 9.38874431336214 9.54561120064308 9.49048377222922 9.45452252721311 9.3228167397485 9.26779984899192 9.38431237624795 9.48408841995712 9.40875313907754 8.98161169706432 8.6973159154114 8.4968638939639 8.22617457533393 8.03900190162911 7.97741126925407 7.88365877989849 7.80252819029937 7.8738727951858 7.77584797289796 7.66320749264518 7.40722266048014 7.16513782963716 6.87235187176492 6.5889763105962 6.44876347317543 6.55422678818436
9.3928787134042 9.22366551775978 8.85610407187357 8.61743728105917 8.80864951278722 8.6593170978183 9.14344835620357 9.59820742241296 8.73543405281711 8.63754255004422 8.92850924666178 9.33197966924959 9.26908240217314 9.52688445986801 9.91776461191656 9.50969941957669 9.49047818939548 9.61019540613892 9.61386159721042 9.52525910094358 9.47662187024977 9.63768215839483 9.60653489354993 9.51574683742097 9.47933333949667 9.52731296476369 9.64017281848952 9.25954568468898 8.83960848278614 8.53832610131777 8.18807562717083 7.63977841238259 7.3188141854345 7.29801007294646 7.13785505090136 6.92302978683294 6.97167915156174 6.58349714010187 6.41182962571034 6.24840393542739 5.96751053839192 5.74804735399213 6.02680593857511 6.53360779929812 7.02473164304373 7.29416718239777
