DATA/PredictorVariables/Future/2100/tmed_inv_71_00.asc
NCOLS 590 
NROWS 274 
XLLCORNER -7.522276026 
YLLCORNER 35.996888128 
CELLSIZE 0.01 
NODATA_value -9999 
[rows 80 to 99 of 274, columns 0 to 45 of 590]
-9999 -9999 -9999 -9999 -9999 -9999 -9999 -9999 -9999 -9999 -9999 -9999 -9999 -9999 -9999 -9999 -9999 -9999 -9999 -9999 -9999 -9999 -9999 -9999 -9999 -9999 -9999 12.3557165620656 12.3041297357912 12.2481885592017 12.2680196351953 12.2451601215196 12.2281593589697 12.2465853291607 12.1757640921974 12.1329821786985 12.1205010339203 12.1012642229757 12.0305376988749 11.9926355035729 11.9904342290496 12.0020084921789 11.9430186606989 11.9389236509856 12.0034049380684 11.9881152621017
-9999 -9999 -9999 -9999 -9999 -9999 -9999 -9999 -9999 -9999 -9999 -9999 -9999 -9999 -9999 -9999 -9999 -9999 -9999 -9999 -9999 -9999 -9999 -9999 -9999 -9999 12.348716691329 12.32257618503 12.2698201355414 12.2887676945476 12.3116880502839 12.3007243292065 12.2522733909416 12.215677607872 12.1260330110383 12.0831500093269 12.1079004840946 12.0292795745215 11.9114994703192 11.8410898533382 11.8332725089798 11.8975707689919 11.8136710555997 11.6186744988084 11.8202969853162 11.9925485711569
-9999 -9999 -9999 -9999 -9999 -9999 -9999 -9999 -9999 -9999 -9999 -9999 -9999 -9999 -9999 -9999 -9999 -9999 -9999 -9999 -9999 -9999 -9999 -9999 -9999 12.3273263780656 12.2918936934538 12.2556840819035 12.2313473503976 12.2734378062177 12.2899559697389 12.2530846215763 12.2542404484248 12.1932227926884 12.0577951244507 11.9448421671963 12.0153178554191 11.9050689567242 11.8263877878275 11.8423445457168 11.7979150202294 11.7896345386982 11.8153829821463 11.7620133473658 11.6774318278461 11.716772416698
-9999 -9999 -9999 -9999 -9999 -9999 -9999 -9999 -9999 -9999 -9999 -9999 -9999 -9999 -9999 -9999 -9999 -9999 -9999 -9999 -9999 -9999 -9999 -9999 12.3222198486328 12.3042026108594 12.2963045368672 12.3181307658462 12.3262119322791 12.2842662126231 12.19879833249 12.1279664468684 12.1087692975559 12.1157399013103 12.0415891533932 11.9517536829118 11.9218251469096 11.9334638063753 11.8818481397917 11.8767590415552 11.82210957455 11.7845065391859 11.7397399445675 11.710052729527 11.6857498907685 11.6688711214457
-9999 -9999 -9999 -9999 -9999 -9999 -9999 -9999 -9999 -9999 -9999 -9999 -9999 -9999 -9999 -9999 -9999 -9999 -9999 -9999 -9999 -9999 -9999 -9999 12.324822762001 12.3319943356185 12.3271938700848 12.2634769680414 12.2715449328904 12.2300202531738 12.1925301436114 12.1100326304388 12.0406537214241 11.9640116625719 11.9209312527509 11.8120682944131 11.742598198791 11.6841852718887 11.5835925782246 11.5606360101652 11.5912396191649 11.5710157011647 11.5479496768989 11.6157172434205 11.6442671548056 11.6526702394709
-9999 -9999 -9999 -9999 -9999 -9999 -9999 -9999 -9999 -9999 -9999 -9999 -9999 -9999 -9999 -9999 -9999 -9999 -9999 -9999 -9999 -9999 -9999 -9999 12.3516100467906 12.3618166931777 12.3242557588553 12.2651792235803 12.2210614173622 12.1563593790665 12.18163469871 12.1055409378209 11.9879867932439 11.9135218668041 11.8250336433258 11.7363357459626 11.6382469785419 11.5918101498609 11.4475077926789 11.3815404924913 11.3141036765848 11.3120094613094 11.2965555491691 11.3217971726789 11.3803293090372 11.5003065310454
-9999 -9999 -9999 -9999 -9999 -9999 -9999 -9999 -9999 -9999 -9999 -9999 -9999 -9999 -9999 -9999 -9999 -9999 -9999 -9999 -9999 -9999 -9999 -9999 12.4223426358895 12.323267465869 12.2754097165742 12.2031010035925 12.1833180975933 12.1520632979393 12.1242978184996 12.0890639458303 11.9437359298501 11.8807837882762 11.7981314399667 11.8022587410522 11.7604925805507 11.7055993156791 11.6324840351772 11.532668111165 11.4389545561318 11.3332535176167 11.2197274948792 11.1372970799117 11.1360475764127 11.2743990787773
-9999 -9999 -9999 -9999 -9999 -9999 -9999 -9999 -9999 -9999 -9999 -9999 -9999 -9999 -9999 -9999 -9999 -9999 -9999 -9999 -9999 -9999 -9999 12.4435892281346 12.4252619304461 12.3449143473949 12.3134754657354 12.2643036829977 12.1623669584575 12.1203244363241 12.0227909704309 12.006660559197 12.0052078976965 11.9515303791809 11.9032489816317 11.8342938406629 11.7701350955629 11.7649630779428 11.6386690924582 11.5140731841688 11.3755581894097 11.2117156886149 11.0705374817672 10.9705703498874 10.8413549045077 10.9032259897885
-9999 -9999 -9999 -9999 -9999 -9999 -9999 -9999 -9999 -9999 -9999 -9999 -9999 -9999 -9999 -9999 -9999 -9999 -9999 -9999 -9999 -9999 12.5327841970677 12.4500063612819 12.3811905540438 12.3392525737038 12.2854038016577 12.2495048948865 12.2054923547611 12.1375274020262 12.0637967756228 12.0079107306042 11.9343094894094 11.8181149728618 11.7107927030692 11.639179931601 11.5523780290437 11.6171913972349 11.5437597938919 11.5439190759573 11.3990908478346 11.3130687379522 11.2261443345465 11.1295450279569 10.9976734311996 10.8196287110715
-9999 -9999 -9999 -9999 -9999 -9999 -9999 -9999 -9999 -9999 -9999 -9999 -9999 -9999 -9999 -9999 -9999 -9999 -9999 -9999 -9999 -9999 12.5345008426375 12.4653121833758 12.3747771276283 12.3525114284558 12.3074153720741 12.2535488931971 12.1601009389424 12.1218982178078 12.0610953830686 11.9826994698038 11.9077116950116 11.8122373846321 11.7122188066521 11.5922113189721 11.4902125636544 11.3863540273399 11.3162106518263 11.4105803861903 11.3497239608116 11.1241686484833 11.0327060565882 10.9436528403373 10.9912754675951 10.9787336549353
-9999 -9999 -9999 -9999 -9999 -9999 -9999 -9999 -9999 -9999 -9999 -9999 -9999 -9999 -9999 -9999 -9999 -9999 -9999 -9999 -9999 12.5677992363438 12.533195233262 12.4667769980626 12.3711178598962 12.3404849220066 12.2976833122525 12.2471733141432 12.1652361360197 12.1157764442435 12.0627165377665 11.9513350808964 11.8660482624965 11.7584619154258 11.6360621405749 11.5017706813149 11.3308083060079 11.1563168464447 11.0462204310131 11.1044297903814 11.1886753472657 11.0828577273361 11.0030943514931 10.9105426873334 10.9230415595468 10.9532430853294
-9999 -9999 -9999 -9999 -9999 -9999 -9999 -9999 -9999 -9999 -9999 -9999 -9999 -9999 -9999 -9999 -9999 -9999 -9999 -9999 12.5972478418117 12.5181770838513 12.438237986434 12.4342418630757 12.4096645522704 12.3589768443594 12.3101932050853 12.2405720175786 12.2097075083962 12.1587846596489 12.0730979060145 11.9809436090488 11.8931781769671 11.7795618828268 11.6492855413156 11.4934090758238 11.3745210030551 11.2396908597846 11.1111483236781 11.1836816648851 11.238293107689 11.2922693559022 11.2464549256616 11.2772100191875 11.3543915669327 11.3198097929454
-9999 -9999 -9999 -9999 -9999 -9999 -9999 -9999 -9999 -9999 -9999 -9999 -9999 -9999 -9999 -9999 -9999 -9999 12.6440055920596 12.6325187250986 12.5744629561052 12.5394568094606 12.4356382862401 12.3820068351197 12.3768217339449 12.3593074018517 12.3327058208723 12.2948875560227 12.2703016265602 12.1933486678009 12.1164065315395 12.0214519909692 11.9287269285651 11.8388702055412 11.7852767174955 11.6605928251238 11.5756917337728 11.3322059182763 11.4663997738882 11.5348862736221 11.5337231717496 11.523620213686 11.5051506785651 11.5096935609112 11.5915969066329 11.5686910029321
-9999 -9999 -9999 -9999 -9999 -9999 -9999 -9999 -9999 -9999 -9999 -9999 -9999 -9999 -9999 -9999 12.6999998092651 12.6463878357439 12.6319568723354 12.5731698639493 12.522175722445 12.4563672537007 12.4555818263073 12.4358592495008 12.3885712171516 12.378077499886 12.368829864368 12.3397712953854 12.2830755769939 12.2257647525201 12.1649372860179 12.1161448125768 12.0479242453775 11.9544262917705 11.8897031507955 11.7953150895143 11.6522149349213 11.5433745557919 11.6850699790597 11.7360260749078 11.776413242806 11.7671500791259 11.7187488658233 11.768349139072 11.8139154962092 11.8783658162871
-9999 -9999 -9999 -9999 -9999 -9999 -9999 -9999 -9999 -9999 -9999 -9999 -9999 -9999 -9999 12.7333297729492 12.7040024413586 12.6681247545638 12.5874107128015 12.54538153123 12.5037022049098 12.4490303500362 12.4391857171398 12.4545849478393 12.466684019351 12.4331742378178 12.382018162405 12.3377595404325 12.3257366222429 12.2919430879045 12.2246898141065 12.148096448421 12.0886196408324 12.0239014325586 12.0295137172013 11.9883606573177 11.8983968336931 11.8875271656232 11.9121691599269 11.9398069113136 11.9768631069131 11.9663817963515 11.9604801449352 11.9873648944002 12.0376783254853 12.1408130540333
-9999 -9999 -9999 -9999 -9999 -9999 -9999 -9999 -9999 -9999 -9999 -9999 -9999 -9999 12.7550039772639 12.7268252381172 12.7102126963439 12.6655974035559 12.5951315677428 12.5391864487014 12.5544962504521 12.5385375472012 12.5692557403059 12.5441407987947 12.4956414772229 12.4594568449144 12.4396091351414 12.4362406843453 12.3807083586931 12.3449250931129 12.283477953691 12.213808699111 12.1664653787604 12.1824639243136 12.1617886059857 12.1876452981525 12.1530595885711 12.1349121826506 12.1230322628389 12.1486598405533 12.1544398677798 12.1297005838356 12.1647277897268 12.1804993871189 12.2736214815193 12.3795920802799
-9999 -9999 -9999 -9999 -9999 -9999 -9999 -9999 -9999 -9999 -9999 12.8952398300171 -9999 12.8044959008985 12.7789937681599 12.7002226816368 12.6508888288941 12.6416551552687 12.6077339281054 12.6208142728052 12.6520582295575 12.6558156976199 12.6115756040106 12.5533055202999 12.5497853315583 12.528942442627 12.5314742960753 12.4875391147356 12.421945934454 12.3687180634194 12.303666341805 12.320321863401 12.3201170275908 12.3361139002438 12.3363480442906 12.3113159580579 12.2815487285786 12.2382252055473 12.2666317909737 12.28843230093 12.2841556808286 12.2849411498923 12.3001434234915 12.3449327743788 12.4453907997985 12.5282190468397
-9999 -9999 -9999 -9999 -9999 -9999 -9999 -9999 -9999 -9999 12.9903997329353 12.8896126102967 12.8351714686632 12.8339371520514 12.7856280022082 12.7176925761724 12.6395354866233 12.6242823535662 12.6431380427962 12.694823660142 12.7202712107254 12.6927993729039 12.6592581572958 12.6353469316984 12.6607498249899 12.6105793552714 12.5589435009704 12.505240439394 12.4673024627138 12.4320914625869 12.4255278791195 12.4766536297594 12.4065975791779 12.4181709867912 12.4055317503234 12.3863864135352 12.3720461527172 12.3362434605094 12.36006476819 12.3743170646521 12.3812222420302 12.3647125836011 12.3971346716534 12.4595381247465 12.5837939378258 12.60940193773
-9999 -9999 -9999 -9999 -9999 -9999 -9999 -9999 -9999 -9999 12.8770316005178 12.8629788762102 12.8279143234034 12.786414367898 12.7818438180909 12.7367001740632 12.6900923433914 12.6984244654174 12.7259521902113 12.7533203261566 12.7895275939188 12.765065399446 12.7502281569696 12.7428153592362 12.7197968355422 12.6561555000343 12.6047273327322 12.5639875706382 12.5349375028219 12.5246078269944 12.539255833108 12.5759693844991 12.5196889926758 12.5429604412737 12.5164924379597 12.5128074115315 12.511319373601 12.4392615549617 12.4667281476092 12.5011468749919 12.5108463248902 12.4739521798392 12.5258956748066 12.628749240264 12.6860230161343 12.7607354436593
-9999 -9999 -9999 -9999 -9999 -9999 -9999 -9999 -9999 -9999 12.9048349137664 12.8566149972601 12.8460529348984 12.7767952827239 12.7416696548462 12.7438798820291 12.7223062445593 12.744803960351 12.793939530448 12.8308076604104 12.8336535368776 12.8132959381723 12.7720562826343 12.7792202675104 12.72371975283 12.6602372100258 12.6346341417241 12.6373821210361 12.6430132187147 12.6341426482811 12.6547223553157 12.6720760592227 12.6766016675353 12.6957298395119 12.6625342734633 12.6028985963216 12.5455755016546 12.513530305068 12.5448715851746 12.6250439357229 12.6366623121195 12.6384492382584 12.7040999264174 12.7385932261319 12.7771866611614 12.7841005946603
