DATA/PredictorVariables/Current/et_ref.asc
ncols         590
nrows         274
xllcorner     -7.522276026
yllcorner     35.996888128
cellsize      0.01
NODATA_value  -9999
[rows 58 to 86 of 274, columns 268 to 334 of 590]
1006.667 1000.655 994.52 1008.125 1003.967 962 950.5417 927.3077 965.25 954.52 946 925.4 937.2222 965.3333 969.3704 973.963 977.875 967.1667 969.1667 953.6818 935.96 962.55 978.24 977.3 989.3 985.1786 989.875 1000.208 992.7333 969.5833 989.1 984.6667 987.7083 973 946.95 935.2273 947.7826 985.5 997.92 980.9565 983.25 992.6667 986.625 971.9 1000.583 977.375 1012.433 986.9091 938.8 992.88 1015 984 998.75 984.5 964.3846 1007.125 978.6667 985.1852 995.25 999.3 1004.333 1000 997 968.6667 986.1923 979.45 974.65
998.5217 981.6 950.92 987.85 1001.52 1008.5 1002.125 981.8333 916.7083 961 949 957.3333 966.1071 950.2 973.9 972.76 975.05 984.8 982.1739 984.5833 983.6334 966.9583 964.875 955.2 956.0417 968.3704 994.6 989.1 971.76 981.65 964.1739 980.5833 985.2083 976.4667 968.75 956.0417 967.1334 955.875 955.2 998 1002 988.32 944.55 961.35 995.2 998.95 1006.724 987.125 988.9167 996.5667 1010.583 984.6429 1000.577 990.5 993.8965 959.15 970.4 1000.36 956.9 995.84 975.75 962.65 988.4286 990.375 1005.52 1010.862 1014.792
953.32 972.2083 987.4 986.2917 965.52 954.4138 983.25 994.16 988.6 952.9 920.76 938.4091 969.0714 968.6539 968 943.5 976.6667 967.875 973 983.9 988.84 991.25 992.25 991.68 988.5417 973.7407 961.4074 968 981.1334 951.7083 990.6667 964.3214 957.45 970.88 962.85 965.8 942.8 970.35 986.52 986.0345 977.0417 980.1 988.7083 1013.208 1007.533 1000.25 992.08 997.6667 998.15 1010.24 991.5 990 988.44 1010.478 988.5333 988.6667 979.5 984.6667 980.5417 981.5555 997.7778 1004.625 982.8148 961.7 999.45 1024.32 989.55
941.64 937.1 979.84 967.2 968.1 972.5667 962.375 961.3333 968.5926 987.5833 993.4667 933.4545 934.85 931.64 961.45 961.52 980.4 977 976.9333 988.25 984.1923 989.0714 991.7917 998.6 1005.45 1005.55 978.88 966.2 961.56 1005.05 994.1304 999.8333 967.4583 940.08 963.0345 978.5 975.9 970.1667 956.2 981.88 986.8 967.36 989.25 1002.75 994.2222 989.5417 1000.375 1000.367 1001 1006.733 1000.125 1006.167 1006.5 994.4762 986.5217 1008.818 1016.6 1013.92 992.05 1004.55 998.9231 986.8333 1003.067 997.2917 1020.25 974.4333 943.4167
997.1 989.5 1010.769 1010.143 981.2917 956.28 984.5 965.1 967.52 926.75 945.2759 979.4583 925.125 927.1 946.9583 931.8077 948 943.45 960.16 967.45 962.9 985.28 941.65 980.2069 971.8 990.6667 957 949.3333 951.08 998.931 1002.952 1010.88 1011.9 1006.1 953 974.8 967.6 964.0769 966.4167 979.8666 986.125 988.9583 971 999.9583 1012.25 982.15 1013.2 996.96 989.9 1005.917 1008.238 1008.333 1007.533 989.5 1009.25 1020.733 995.0417 996.2667 991.6667 994.9583 1001.034 993.6 994.1818 1005.739 966.55 996.24 985.7
999.56 1014.1 1015.25 1005.296 999.5 970.3929 964.6539 979.625 955.2 958.2083 966.0476 968.2 974.6 953 931.6 967.7 972.7 937.0417 987.9643 975.3846 964.1667 947.2667 998.9167 990.45 978.92 970.5 935.84 956.6 990.2 998.2667 997.1667 1004.571 981.8461 1008.208 1005.1 991.9167 975.6087 996.16 981.05 984.84 979.9 980.55 1009.08 1012.87 984.6786 984.5 991.7917 995.2667 1019.5 1020.208 1000.633 1005.696 1002.96 1008.55 1006.15 996.96 1007.95 997.6522 1023.591 1007.458 1011.167 1001.333 1025.667 1018.467 1010.292 960.3 982.25
946.4815 976.3333 991.5833 979.4643 986.05 1000.85 981.24 1001.35 978.04 971.3333 918.3333 950.5333 957.5 963 914.4445 945.5 936.88 984.75 961.1 956.72 971.7 1011.852 976.875 925.25 950.0333 954.0417 967.1481 989.7407 971.7083 974.48 997.45 1009 1002 967.4 972.8 1007.125 981.7917 967.8666 950.6667 982.5926 998.3704 986.2083 993.1667 1010.095 989 997.24 975.8 1006.84 988.65 1005.35 1003.724 976.7917 1013.37 1000.704 991.75 1010.467 1011.25 1005.375 1001.433 1012.4 1005.56 1021.95 1039.15 1018.28 999.8 1011.174 1005.136
1049.25 977.56 947.1364 955.1724 915.96 928.6667 973.0333 976.875 960.8461 973.0417 975.1 1001.32 983.6 965.45 990.7037 967.2083 965.0333 929.625 948.4583 976.3 948.4583 968.5 940.7917 972.35 991.96 996.45 994.25 1004.111 993.9167 1003.767 1013.75 1017.292 1014.133 998.7083 988.2222 1006.174 1009.45 990.68 980.55 995.8 982.04 981.7619 994.1 980.25 1000.542 1007 991.5417 1013.148 992.2222 1016.25 1000.5 1015.8 1019.05 999.8 997.05 1006.16 1017.3 1019.591 1032.567 1012.583 1015.214 1031.077 1010.5 1000.433 999.5833 1002.417 1019.867
1050.375 1043.433 1033.273 1031.55 991.92 946.35 907.48 908.65 906.5417 901.1 927.625 940.6786 977.6154 998.7083 1015.679 1001.45 989.85 986.88 967.2 946.92 982.3043 962.5833 1003.967 1001.875 1005.633 1006.25 1002.708 1011.107 1004.6 991.9048 989.4167 974.65 990.12 988.0952 998.625 987.6667 993.5833 1010 994.875 998.0417 980.3 981.087 995.8636 989 1001.85 980.76 1010.9 999.85 1015.963 1005.583 1008.467 1012.5 987.375 1022.933 1012.25 1010.643 1028.385 1028.5 1029.96 1039.3 1043.35 1036.96 1026.6 1039.28 1037.3 1012.957 995.6
1041.45 1043.714 1039.833 1025.125 1021.033 1008.833 1014.778 1006.407 998.45 979.52 962.55 897.3 891.24 910.8636 971.3 989.9167 1006.083 1016.067 1008.458 1015.643 1000.565 987.35 1004.04 1010.1 1008.7 1001.24 994.5652 997 1000.042 988 977.6667 997.875 984.6 987.7391 1001.95 995.44 990.5 991.2381 997.9583 998.2 995.1429 957.9167 998.5833 996.5333 995.8333 1004.4 1023.125 1014.667 995.25 1003.3 990.9545 1013.391 1024.85 1006.96 1011.85 1014.4 1026.933 1037.167 1021.367 1026.833 1040.5 1036.2 1040.208 1044.345 1033.24 1037.524 1033.12
1049 1047.773 1042.08 1034.75 1019.08 997 986 993.7667 996.7917 987.5172 979.44 997.2083 977.8333 937.3182 905.4286 980.875 1015.5 1009.96 1003.8 990.4783 970.2667 978.2083 995.1667 994.0417 1015.292 1003.7 1003.619 994.6522 981.5455 995.7 994.16 976.95 989.0909 987.3 988.625 992.8 1003.708 1000.458 1001.733 1008.625 995.1111 990.05 979.2 1013.84 1019.65 1021.909 1029.435 1010.391 1005.167 1011.917 1031.167 1033.6 1037.458 1022.067 1011.208 1009.917 1028.68 1039.8 1033.125 1023.333 1025.45 1036.52 1037.45 1043.714 1043.267 1023.125 1043.267
1036.957 1043.542 1050.2 1043 1033.852 1013.111 972.087 981.84 995.8 1008.8 1006.32 1008.3 965.0345 1000.208 982.6667 971.6334 973.9583 969.8333 948.2083 945.2381 997.4 1020.9 995.2727 995.3043 997.65 998.2667 1005.5 1010.042 1010.633 1015.167 997.9667 993.125 1004.909 1001.16 993.7 987.625 993.619 1011.35 1007.115 1014.417 1004.75 1003.4 1007.125 1021.133 1018.875 1024.208 1035.5 1018.762 1009.96 1016.15 1037.45 1041.36 1035.3 1040.13 1037.4 1020.167 1036.633 1025.375 1029.042 1037.233 1020.792 1042.133 1044.5 1020.913 1034.08 1047.7 1047.68
1074.346 1055.45 1055.52 1032.2 1042.65 1037.148 1026.833 986.2 971.625 997.7917 1015.633 994.5417 987.9167 978.6364 1008.5 1000.04 983.45 978.85 948.2667 1006.25 977.9667 974.5833 994.2917 1012.667 1000.167 993.68 1006.25 1000.15 1021.84 1015.55 1004.955 1017.482 1016.083 1008.633 1017.167 1010.542 998.4667 1000.125 992.9655 1008.15 1010.15 982.08 999 1011.4 1022.75 1026.095 1038.467 1034.542 1023.615 1039.464 1048.167 1039.733 1036.958 1042.458 1032.852 1034.35 1036.36 1034.5 1030.6 1034.56 1024.9 1039.44 1046.12 1055.667 1044 1040.708 1055.24
1078.067 1071.917 1066.214 1064.923 1056.833 1049.036 1049.2 1036.55 1008.8 1009.7 1014.6 1016.042 997.125 992.8333 1005.458 1023.2 1036.333 1005.542 988.52 1010.1 992.7826 992.1364 958.5 979.8461 990.0417 1003.333 1010.9 1013.958 1013.7 1013.667 1027.458 1011.308 1019.95 1009.92 1016 1012.45 1010.4 998.9545 997.2857 1011.5 1008.917 994.5 995.2083 1014.458 1013.667 1028.478 1027.44 1031.45 1035.2 1057.96 1055.9 1058.6 1059.524 1050.875 1045.733 1050.417 1051.929 1053.231 1030.125 1049.833 1046.625 1041.042 1049.48 1055.7 1056.2 1049.4 1052.75
1072.88 1058.35 1066.05 1077.2 1069.818 1073.4 1062.125 1026.125 1019.2 1040.75 1039.536 1017.5 1027.6 1040.76 1044.3 1043.286 1017.077 1051.042 1015.967 1026.125 997 998.5 1023.542 998.1379 964.95 984.25 979.12 972.45 1007.52 1011.429 1021.333 1015.7 1014.542 1007.962 1009.286 1001.583 1008.5 1011 1011.85 1006.52 1012.15 1003.04 1001.75 1020.1 1041.241 1050.083 1059.333 1042.625 1055.083 1058.9 1052.75 1054.296 1058.808 1056.95 1057.92 1054.35 1054.9 1053.56 1052.05 1048.84 1039.217 1045.542 1041.567 1040.958 1051.233 1052.875 1054.042
1059.643 1058.846 1078.458 1056.367 1062.409 1080.619 1079.125 1073.9 1033.44 1031.714 1035.25 1044.667 1025.333 1064.667 1055.042 1054.75 1061.25 1051.05 1059.28 1033.15 1051.2 1054.88 1058.273 1033.115 1017.429 1003.042 994.7333 976.75 994.75 994.5172 974.85 998.12 1010.85 997.55 1005.44 1009.75 1007.241 1011.125 1013.583 1012.833 1007.083 996.9643 1009.038 1027.417 1040.769 1050.65 1051.8 1051.12 1050.9 1050.76 1057.8 1059.783 1060.333 1059.875 1058.6 1057.75 1054.458 1048.8 1050.833 1041.3 1037.381 1031.95 1037.88 1026.25 1030.714 1042.042 1037.15
1088.6 1074.72 1086.45 1074.464 1064.417 1057.708 1049.967 1065.833 1063.931 1051.875 1068.9 1033.68 1039.65 1025.318 1041.826 1043.545 1073.6 1069.333 1069.333 1064.5 1058.25 1051.9 1059.318 1039.15 994.96 1024.7 1006.2 1003.2 1015.455 987.6 985.3333 975.3929 998.1923 1009.167 1002.133 998.125 1007.955 1009.583 1009.45 1012.32 1011.15 1009.65 1005.308 1013.875 1032.633 1047.75 1042.958 1052.133 1059.167 1054.6 1057.417 1054 1054.48 1062.1 1060.304 1049.045 1051.95 1052.92 1049.857 1046.042 1034 1035.583 1033.8 1039.833 1036.125 1025.333 1031.333
1078 1061.9 1064.458 1055.478 1076.5 1041.25 1058.84 1076.75 1086.905 1058.3 1072.708 1071.867 1067.042 1045.583 1045.067 1028.136 1010.84 1017.55 1056.65 1060.52 1027.1 1033.778 1042.962 1034.5 1028.833 1014.833 1019.88 1033.828 1038.864 1025.48 1016.35 1012.5 1023.6 990.8 1004.538 1009.708 1014.208 1009.5 1006.458 1004.867 1014.25 1017.292 1014.966 1028.2 1034.304 1036.818 1044.6 1055.8 1047.3 1048.091 1053.621 1051.042 1053.3 1040.833 1047.542 1049.733 1049.417 1049.3 1051.826 1049.05 1030.08 1032.75 1034.84 1033.5 1035.3 1035.96 1034.727
1106.6 1073.64 1081.75 1084.583 1067.867 1056.625 1060.31 1076.28 1068.652 1082.76 1063.25 1078.136 1064.522 1056.7 1037.586 1045.625 1047.56 1057.276 1033.875 1016.4 1024.208 1022.952 1062.76 1051.45 1046.36 1050.6 1047.05 1055.897 1054.5 1052.167 1049.542 1050 1050.467 1037.375 1022.111 1030.091 1029.4 1024.88 1016.05 1015.333 1009.5 1012.652 1020.767 1034.25 1041.417 1032.833 1028.625 1036.9 1032.042 1040.174 1038.84 1036.25 1047.96 1035.9 1032.6 1020.96 1026.15 1029.552 1042.44 1050.667 1040.633 1039.917 1036.269 1032.786 1030.875 1031.033 1031.818
1084.708 1074.154 1079.833 1085.15 1072.72 1066.95 1060.7 1087.222 1080.167 1076.8 1048.792 1060.333 1066.167 1054.5 1055.5 1089.75 1085.6 1084.56 1078.7 1056.72 1043.96 1060.5 1060.3 1053.167 1050.852 1060.222 1054.5 1068.077 1059.85 1066.65 1066.32 1065.45 1057.92 1055.364 1053.792 1045.067 1041.625 1035.867 1031.042 1023.917 1025.1 1027.667 1030.88 1032.9 1042.1 1040.36 1030.2 1032.28 1026.042 1037.458 1025.533 1038.042 1045.962 1039.607 1031.667 1039 1034.292 1037.3 1045.04 1050.7 1041.48 1038.3 1037.1 1039.28 1039.286 1029.2 1022.667
1084.25 1075.167 1067.133 1062.125 1068.793 1081.36 1082.292 1081.643 1086.2 1102.261 1076.182 1073.95 1085.28 1084.208 1096.44 1090.069 1100.375 1102.333 1103.958 1105.333 1071.16 1082.1 1078.2 1061.05 1060.4 1052.038 1069.542 1071.433 1070.542 1064.583 1060.933 1059.75 1055.067 1057.636 1062.45 1062.4 1055.55 1049.125 1042.476 1035.3 1032.567 1029.292 1026.5 1030.536 1034.667 1033.367 1030.875 1022.625 1029.346 1024.75 1028.84 1041.3 1043.7 1040.48 1035.45 1026.107 1028.167 1019.667 1022.967 1039.042 1049.133 1039.125 1031.333 1025.1 1017.391 1031.417 1023.286
1077.103 1078.35 1081.48 1057.1 1093.45 1099.52 1080.435 1082.1 1100.958 1107.917 1118.3 1121.5 1126.833 1134.7 1129.55 1113.88 1127.25 1123.64 1119.476 1111.417 1109.1 1103.25 1087.143 1081 1079.042 1073.69 1067.1 1064.545 1067.043 1062.75 1058.16 1054.9 1057.625 1062.9 1064.625 1064.867 1058.458 1059.25 1051.633 1042.792 1038.4 1038.2 1030.8 1029.52 1014.6 1016.2 1029.381 1024.375 1018.767 1023.833 1033.967 1027.125 1041.792 1032.3 1020.917 1023.84 1021.5 1012.7 1007.32 1004.8 1035.286 1047.458 1043.15 1035.414 1028.667 1022.875 1014.867
1076.433 1076.583 1053.448 1102.08 1118.958 1107.633 1103.429 1112.13 1131.682 1134.9 1132.8 1135.381 1137 1138.143 1139.458 1139.067 1132.375 1121.44 1118.393 1116.6 1109.88 1099.05 1095.05 1083.08 1079.143 1077.7 1066.833 1068.625 1065.733 1061.875 1063.1 1061.708 1069.6 1073.16 1068.85 1065.2 1063.5 1060.45 1058.296 1056.917 1047.321 1028.923 1025.5 1021.4 1020.292 1020.482 1026.769 1022.4 1020.36 1020.6 1027.15 1034 1040.2 1042.923 1025.667 1022.25 1021.1 1026.458 1035.1 1040.625 1041.417 1038.967 1040.375 1039.346 1036.45 1026.25 1019.96
1084.36 1075.25 1073.9 1112.2 1126.7 1125.448 1122.333 1124.875 1134.733 1132.75 1143 1145.696 1143.8 1143.08 1144.05 1140.76 1124.95 1124 1117.167 1116 1107.828 1102.96 1098.458 1086.267 1082.304 1077.826 1064 1072.6 1064.64 1062 1062.609 1065 1067.125 1068.8 1067.417 1066.76 1063.276 1058.375 1059.786 1045.7 1054.7 1038.36 1033.8 1023.2 1027.95 1020.609 1016.7 1014.25 1020.567 1015.958 1021.667 1022.9 1039.208 1028.414 1020.1 1013.5 1032.88 1042.15 1023.76 1031.75 1027.55 1029.607 1043.458 1031.107 1027.269 1026.333 1016.467
1109.429 1106.231 1132.708 1137.033 1134.5 1132.583 1128.227 1132.2 1127.36 1134.4 1146.13 1141.179 1148.583 1146.2 1148.792 1142.04 1133.448 1125.227 1108.52 1108.05 1102.55 1097.2 1091.4 1081.286 1074.042 1057.583 1060.067 1068.125 1064.4 1061.458 1053.478 1057.84 1063 1061.48 1058.8 1063 1061.88 1056.417 1050.933 1044.458 1049 1046.967 1032.75 1026.633 1020.75 1019.286 1018.24 1012.95 1010.958 1015.048 1018.65 1036.08 1031.957 1022.962 1013.179 1021.875 1010.267 1010.417 1018.28 1013.379 1022.667 1021.63 1044.75 1034.65 1030.8 1025.65 1014
1143 1136.32 1139.25 1137 1136.167 1138.208 1140.733 1142.375 1141.933 1145.875 1150.391 1150.08 1149 1149.52 1149 1146.85 1140 1132.958 1121.933 1111.125 1087.667 1099.267 1091.625 1073.346 1080.095 1079.85 1065 1068.15 1067.083 1062.25 1061.542 1052.867 1053.458 1052.519 1050.407 1051 1049.6 1045.85 1034.19 1029.5 1027 1021.24 1022.05 1025.45 1023.167 1020.667 1017.767 1019.292 1022.583 1024.233 1028.792 1034.3 1026 1019.5 1023.36 1012.9 1018.6 1025.8 1042.45 1024.846 1026.833 1036.467 1044.042 1036.875 1033.8 1024.458 1010.3
1149.083 1141.5 1134.25 1128.407 1127.13 1130.15 1133.44 1142.3 1144.045 1147.88 1149.167 1150.367 1150.333 1153.692 1150 1147.167 1136.444 1123.25 1129.15 1115.56 1102.5 1081.52 1081 1070.5 1078.3 1062.333 1068.933 1050.333 1055.667 1071.407 1065.4 1061.96 1059.75 1061.45 1056.68 1054.238 1054 1047.417 1043.625 1050.033 1043 1032.2 1026.458 1028.5 1026.4 1026.2 1027.88 1030.65 1032.25 1033.08 1042.333 1023.333 1027.208 1025.75 1020.667 1022.667 1027.276 1016.52 1006.542 1006.379 1014.4 1007.304 1010.727 1038.1 1019.56 1001.05 1004.409
1155.15 1138.92 1125.2 1116.375 1116 1125.208 1135.367 1139.292 1144.083 1148.107 1143.95 1149.76 1152.95 1154.45 1150.16 1139.292 1120.833 1109.792 1107.208 1116.367 1111.833 1093.367 1076.45 1059.55 1067.12 1067.35 1059.16 1066.2 1066.958 1050.067 1059.583 1065 1064.731 1062.708 1062.9 1060.913 1059.261 1057 1057.35 1051.24 1046.4 1030.136 1030.462 1025.542 1027.267 1024.958 1023.5 1025.071 1034.417 1037.633 1028.13 1030.85 1027.08 1018.9 1011.12 1014.3 1016 1031.44 1040.739 1030.033 1016 1007.833 1024.7 1022.625 1004.1 992.25 994.3333
1165.083 1140.704 1117.926 1097.05 1095.36 1114.35 1131.5 1136.174 1148.13 1138.767 1139.417 1138.115 1139.786 1144.375 1137.067 1119 1117.05 1103.4 1100.05 1089.92 1101.476 1100 1088.167 1077.875 1060.767 1059.083 1049.833 1053.5 1058.95 1059.36 1055.8 1050.85 1053.44 1061.5 1054 1060 1064.292 1058.8 1052.417 1043.567 1040.875 1041.458 1036.481 1041.9 1043.04 1032.2 1030 1035.92 1037.75 1034.828 1031 1035.917 1033.167 1027.083 1025.433 1027.5 1031.208 1027.033 1030.286 1030.92 1024.1 1020.2 1010.12 1023.4 997.88 981.7 976.6667
