DATA/PredictorVariables/Current/et_ref.asc
ncols         590
nrows         274
xllcorner     -7.522276026
yllcorner     35.996888128
cellsize      0.01
NODATA_value  -9999
[rows 29 to 57 of 274, columns 469 to 535 of 590]
1007.952 1009.92 1026.05 1004.44 987.2 993.15 991.6 989.4 987 977 978.4 949.1 932.12 872.35 894.4167 938 935.15 897 908.55 936.8 895.32 854.85 855.05 890.44 890.05 870.5455 879.3333 -9999 -9999 -9999 -9999 -9999 -9999 -9999 -9999 -9999 -9999 -9999 -9999 -9999 -9999 -9999 -9999 -9999 -9999 -9999 -9999 -9999 -9999 -9999 -9999 -9999 -9999 -9999 -9999 -9999 -9999 -9999 -9999 -9999 -9999 -9999 -9999 -9999 -9999 -9999 -9999
998.8261 998.5333 997.7917 1002.467 995.375 993.5417 994 993.2917 966.625 968.6334 939.8333 927.125 875.8 900.875 920.4 884.5417 911.8333 947.9 919.625 885.2083 873.7333 831.375 872.375 867.2 877.9583 875.5294 -9999 -9999 -9999 -9999 -9999 -9999 -9999 -9999 -9999 -9999 -9999 -9999 -9999 -9999 -9999 -9999 -9999 -9999 -9999 -9999 -9999 -9999 -9999 -9999 -9999 -9999 -9999 -9999 -9999 -9999 -9999 -9999 -9999 -9999 -9999 -9999 -9999 -9999 -9999 -9999 -9999
994 1001.033 1005.917 1001.1 1005.542 1003 988.2667 981.0833 980.9583 922.4643 899.2 872.6 920.2 945.8 941.12 900.55 925.35 937.8 884.9 873.25 873.52 905.65 868.2 885.96 886.7 888.647 -9999 -9999 -9999 -9999 -9999 -9999 -9999 -9999 -9999 -9999 -9999 -9999 -9999 -9999 -9999 -9999 -9999 -9999 -9999 -9999 -9999 -9999 -9999 -9999 -9999 -9999 -9999 -9999 -9999 -9999 -9999 -9999 -9999 -9999 -9999 -9999 -9999 -9999 -9999 -9999 -9999
984 958.64 955.3 979.2 995.05 991.65 970 979.4 966.15 907.6667 916.3333 911.5833 934.2333 949.75 948.1667 959.125 948.3333 939.7667 915.1667 902.2917 901.8333 882.8333 890.375 883.7333 860.25 863.6667 870.5625 858 -9999 -9999 -9999 -9999 -9999 -9999 -9999 -9999 -9999 -9999 -9999 -9999 -9999 -9999 -9999 -9999 -9999 -9999 -9999 -9999 -9999 -9999 -9999 -9999 -9999 -9999 -9999 -9999 -9999 -9999 -9999 -9999 -9999 -9999 -9999 -9999 -9999 -9999 -9999
923.1667 937.1334 949.6667 974.5 993.625 1001 1002.4 987.2917 939.3333 932.9667 940.125 931.3333 919.3666 903.9583 923.5667 943.6667 941.2857 935.08 933.85 928.35 912.92 869.45 876.2 867.15 881.6 862.72 858.15 869.1667 877.3684 871.55 867.8823 848.0714 858.5714 842.4 872 -9999 -9999 -9999 -9999 -9999 -9999 -9999 -9999 -9999 -9999 -9999 -9999 -9999 -9999 -9999 -9999 -9999 -9999 -9999 -9999 -9999 -9999 -9999 -9999 -9999 -9999 -9999 -9999 -9999 -9999 -9999 -9999
990.3 986.88 986.7 999.12 1007.85 1005.1 1006.2 969.5 912.85 966.28 928.45 935.6667 856.0476 883.95 891.16 929.35 938.3913 933.1667 903.9583 856.4583 865.5667 879.375 870.2667 871 857.7917 856.7333 843.9583 831.8333 836.3333 817.875 806 828.8333 862.0417 851.2667 852.3889 -9999 -9999 -9999 -9999 -9999 -9999 -9999 -9999 -9999 -9999 -9999 -9999 -9999 -9999 -9999 -9999 -9999 -9999 -9999 -9999 -9999 -9999 -9999 -9999 -9999 -9999 -9999 -9999 -9999 -9999 -9999 -9999
1002.583 1008.7 1000.042 1006.6 1008.333 1002.5 997.1334 974.7917 960.9583 955.6 944.25 883.1 904.5417 924.125 907.5333 929.1667 915 879.4667 851.7083 870.2917 859.2333 866.75 858.44 838.15 871.35 853.4 841.75 813.6 802.24 795.55 816.619 842.3333 823.25 870.04 872.7143 -9999 -9999 -9999 -9999 -9999 -9999 -9999 -9999 -9999 -9999 -9999 -9999 -9999 -9999 -9999 -9999 -9999 -9999 -9999 -9999 -9999 -9999 -9999 -9999 -9999 -9999 -9999 -9999 -9999 -9999 -9999 -9999
1002.25 990.96 985.05 1006.48 1006.05 1000.35 1006.92 1000.65 992.2 967.88 890 893.4 921.75 930.1 941.64 926.05 883.4 869.96 826.9 828.7 823.88 838.85 823.4 789.125 794.9583 836.0667 820.5 806.625 811.1667 838.625 846.5 847.2083 846.9167 851.2857 -9999 -9999 -9999 -9999 -9999 -9999 -9999 -9999 -9999 -9999 -9999 -9999 -9999 -9999 -9999 -9999 -9999 -9999 -9999 -9999 -9999 -9999 -9999 -9999 -9999 -9999 -9999 -9999 -9999 -9999 -9999 -9999 -9999
995.3104 997.4 1005.667 1004.4 1003.958 990.7083 990.8333 978.75 980.5833 953.3333 902.0833 913.9333 922.375 941.1667 923.5 897 877.7917 847.5 865.5417 834.8148 845.2222 839.5417 809.1667 815.7917 823.5833 766.0667 787.2917 827.5 792.36 824.1 817.04 813.6 837.8 814.8 698 -9999 -9999 -9999 -9999 -9999 -9999 -9999 -9999 -9999 -9999 -9999 -9999 -9999 -9999 -9999 -9999 -9999 -9999 -9999 -9999 -9999 -9999 -9999 -9999 -9999 -9999 -9999 -9999 -9999 -9999 -9999 -9999
997.88 988.7 989.2 984.84 961 944.3 952.04 918.1 915.85 950.84 938.75 930 945.2 926.25 916.96 912.1 897.9 852.68 827.85 816.44 852.75 796.35 847.64 826.25 798.7 824.8 801.2 725.8333 756.7667 834.0833 789.5667 828 783.7083 756.7667 774.0588 884.5 -9999 -9999 -9999 -9999 -9999 -9999 -9999 -9999 -9999 -9999 -9999 -9999 -9999 -9999 -9999 -9999 -9999 -9999 -9999 -9999 -9999 -9999 -9999 -9999 -9999 -9999 -9999 -9999 -9999 -9999 -9999
942.0333 938.4167 948.5417 966.3333 943.7917 902.0833 903.1 896.0417 889.5833 920.2 929.75 939.7333 951.4167 939.4583 923.3 904.9583 883.7917 830 811.4167 797.1667 799.9167 827.9167 821.2667 808.125 778.4583 791.7667 792 808.3704 823.2593 829.625 816.5 807.1429 813.85 808.6 799.55 821.6 -9999 -9999 -9999 -9999 -9999 -9999 -9999 -9999 -9999 -9999 -9999 -9999 -9999 -9999 -9999 -9999 -9999 -9999 -9999 -9999 -9999 -9999 -9999 -9999 -9999 -9999 -9999 -9999 -9999 -9999 -9999
908.7667 920.875 911.125 942.8519 939.95 917.95 921.52 881.7 887.381 865.2083 840.55 893.8 931.95 928.5 911.28 886.9 859.8 836.6 855.55 863 830.15 829.4 780.28 809.3 808.4 818.76 839.05 825.36 841.55 842.2 829.48 800.6087 801.3333 800.8333 806.2917 826.5 -9999 -9999 -9999 -9999 -9999 -9999 -9999 -9999 -9999 -9999 -9999 -9999 -9999 -9999 -9999 -9999 -9999 -9999 -9999 -9999 -9999 -9999 -9999 -9999 -9999 -9999 -9999 -9999 -9999 -9999 -9999
925.88 922.85 947 937.9643 885.5 885.3333 902.8 867.2917 844.7 857.6667 898.875 916.4 920.8333 910.8333 891.7667 878.9167 882.6667 870.6667 826.125 799.6667 826.1667 824.9167 826.8 815.375 795.2917 823.5667 838.5 811.9333 819.4167 797.875 785.4667 851.0833 827.7083 807.3333 786.6818 822.5 -9999 -9999 -9999 -9999 -9999 -9999 -9999 -9999 -9999 -9999 -9999 -9999 -9999 -9999 -9999 -9999 -9999 -9999 -9999 -9999 -9999 -9999 -9999 -9999 -9999 -9999 -9999 -9999 -9999 -9999 -9999
926.4333 903.2917 889.9167 893.8333 914.5417 906.2917 892.3 875.8333 892.1667 902.25 875.9167 865.5 905.25 894.55 883.48 890.55 865.6364 805 783.4 809.12 807.55 780.85 798.12 827.4 836.2 842.2 814.35 840.92 797.5 818.55 792.92 829.35 850.2 803.88 802.1111 -9999 -9999 -9999 -9999 -9999 -9999 -9999 -9999 -9999 -9999 -9999 -9999 -9999 -9999 -9999 -9999 -9999 -9999 -9999 -9999 -9999 -9999 -9999 -9999 -9999 -9999 -9999 -9999 -9999 -9999 -9999 -9999
921.44 893.8 899.2 890.4 856.35 907.7 935.28 885.65 878.08 877.2 895.05 922.7778 911.9583 899.6667 881.1334 877.875 869 821.5833 810.875 845.5333 803.875 810.5 818.0667 811.9167 827.2 831.2069 837.0833 798.3666 760.5833 781.4583 766.0667 834.5417 867.25 857.9 835.65 879 -9999 -9999 -9999 -9999 -9999 -9999 -9999 -9999 -9999 -9999 -9999 -9999 -9999 -9999 -9999 -9999 -9999 -9999 -9999 -9999 -9999 -9999 -9999 -9999 -9999 -9999 -9999 -9999 -9999 -9999 -9999
913.9667 922.7083 892.3333 889.9 900.9583 922.4583 918.7333 883.4583 880.3666 859.625 902.5833 906.2333 905.5 903.0417 885.6334 875.625 865.0667 855.7917 842.75 820.08 842.2 807.75 804.64 837.9 848.96 845.75 834.05 818.28 798.1 781.05 830.88 838.55 857.2273 873.3913 861.45 883.0526 923.2 889.1429 934.6667 -9999 -9999 -9999 -9999 -9999 -9999 -9999 -9999 -9999 -9999 -9999 -9999 -9999 -9999 -9999 -9999 -9999 -9999 -9999 -9999 -9999 -9999 -9999 -9999 -9999 -9999 -9999 -9999
941.72 901.75 901.45 914.4 914.5 928.05 923.92 911.9 885.88 923.3 917.85 893.6 886.8 873.75 870.56 833.2 788.8 798 814.875 821.5333 810.5 814.0833 848.6667 840.1667 807.9 821.0833 820.7917 829.6667 826.7917 832.4583 815.5333 844.7917 839.9333 860.125 885.2917 837.7 851.9167 825.375 891.9333 914.2 -9999 -9999 -9999 -9999 -9999 -9999 -9999 -9999 -9999 -9999 -9999 -9999 -9999 -9999 -9999 -9999 -9999 -9999 -9999 -9999 -9999 -9999 -9999 -9999 -9999 -9999 -9999
924.3666 903.8333 932.2083 942.7333 921.3333 907.5 893.3 878.2083 918.4 921.8333 917.5417 896.2 906.625 896.9167 852.4667 780.3333 799.3666 772.4167 808.75 819.5 822.75 842.9583 810.2333 804.6818 815.64 829.9 819.55 850.04 834.3 842.45 870.24 869.15 892.44 878.5 824.15 868.88 869.55 904.4 877.76 859 -9999 -9999 -9999 -9999 -9999 -9999 -9999 -9999 -9999 -9999 -9999 -9999 -9999 -9999 -9999 -9999 -9999 -9999 -9999 -9999 -9999 -9999 -9999 -9999 -9999 -9999 -9999
960.28 945.15 965.45 938.56 910.85 915.15 878.92 883.9 887.68 924.95 918.95 910.6 915 898.2 862.16 847.3 834.16 735.75 791.4 838.72 857.7 851.8 824.68 823.7273 824.2667 829.0833 860.8333 831.9333 794.625 819.4167 871.9667 887.2083 892.2333 862 826.2917 907.3333 913.6667 907.4583 911.0333 922.6667 -9999 -9999 -9999 -9999 -9999 -9999 -9999 -9999 -9999 -9999 -9999 -9999 -9999 -9999 -9999 -9999 -9999 -9999 -9999 -9999 -9999 -9999 -9999 -9999 -9999 -9999 -9999
889.6334 903.9167 914.4167 902.6667 891.4167 906.64 889.8621 890.25 903.9667 927.9583 931.625 916.4333 909.4583 892.64 873.9655 830.5 828.4333 825.125 844.2083 864.8 857.125 853.5385 834.8214 844.2083 835.8333 849.125 852.5833 845.9667 852.9524 848.2857 834.125 868.05 894.56 867.2 895.6 898.88 856.4 905.381 893.7619 -9999 -9999 -9999 -9999 -9999 -9999 -9999 -9999 -9999 -9999 -9999 -9999 -9999 -9999 -9999 -9999 -9999 -9999 -9999 -9999 -9999 -9999 -9999 -9999 -9999 -9999 -9999 -9999
962.12 940.95 882.65 888.04 897.8 892.92 898.35 884.3 902.4 922.1 925 914.28 889.75 859.84 868.3 865.15 857.44 881.05 886.05 866.4 859.65 866.28 878.7 846.25 854.76 837.8 860.05 866.68 864.2609 889.4333 915.8333 902.6667 876.6 881.2917 891.0833 921.2 889.3333 894.4667 880.0435 -9999 -9999 -9999 -9999 -9999 -9999 -9999 -9999 -9999 -9999 -9999 -9999 -9999 -9999 -9999 -9999 -9999 -9999 -9999 -9999 -9999 -9999 -9999 -9999 -9999 -9999 -9999 -9999
888.2667 860 904.9167 913.9667 923.4167 897.1667 898 908.75 916.9333 928.3333 912.5833 909.5667 885.625 844.8666 800.0833 846.4583 881.9333 871.2917 866.9167 887.0333 859 866.9333 848.9583 866.6667 857.2333 880.875 850 822.0333 875.5 873.1 891.2083 870.6667 903.9643 944.15 906.8 932.32 914.2 916.28 888.1177 902 -9999 -9999 -9999 -9999 -9999 -9999 -9999 -9999 -9999 -9999 -9999 -9999 -9999 -9999 -9999 -9999 -9999 -9999 -9999 -9999 -9999 -9999 -9999 -9999 -9999 -9999 -9999
896.3 921.6667 907.625 886.8666 913.3333 902.069 892.8 930.9 900.24 899.65 913.65 859.76 825.5 837.08 834.2 862.75 864.16 864.8 874.4 856.44 878.8 848.68 866.7 886.25 872.32 842.7 844.5 845.8 819 874.2 853.2 893.6 820.4445 803.1667 841.0833 883.2667 871.8333 929.0741 892.75 -9999 -9999 -9999 -9999 -9999 -9999 -9999 -9999 -9999 -9999 -9999 -9999 -9999 -9999 -9999 -9999 -9999 -9999 -9999 -9999 -9999 -9999 -9999 -9999 -9999 -9999 -9999 -9999
924.6 929.7 898.9 873.68 893.35 863.0769 869.1667 913.4167 928.9667 917.1667 897.1667 883.9333 894.0833 842.4667 863.0833 866 850.4667 881.0833 871.9583 848.9667 871.8333 863.4667 872.8333 840.2917 836.9333 823.4583 861.7917 826.3 860.9167 906.0333 882.125 805.6667 782.8 866.5 861.88 853.7931 865.5909 850.5 -9999 -9999 -9999 -9999 -9999 -9999 -9999 -9999 -9999 -9999 -9999 -9999 -9999 -9999 -9999 -9999 -9999 -9999 -9999 -9999 -9999 -9999 -9999 -9999 -9999 -9999 -9999 -9999 -9999
912.9 893.1667 896.7917 902.0333 873.25 897.7333 926.9583 921.5417 919 914.7917 895.2083 847.9 888.0417 873.3929 843.65 855.45 846.68 836.7 897.7 879.2 853.15 870.4 846.2 857.6 853.36 859.4 857 894.6087 926.2 866.72 819.5 795.95 906.04 891.1 896.28 883.8 920.9091 920.9 807.0833 -9999 -9999 -9999 -9999 -9999 -9999 -9999 -9999 -9999 -9999 -9999 -9999 -9999 -9999 -9999 -9999 -9999 -9999 -9999 -9999 -9999 -9999 -9999 -9999 -9999 -9999 -9999 -9999
946.12 919.45 886.95 927.36 915.65 891.04 923.35 929.6 917.84 901.5 856.45 852.16 821.2 845 850.625 845.4583 861.2 840.8333 831.6154 832.7857 833.75 836.5333 854.5 818.4583 850.2667 849.8333 863.6667 893.2083 853.0833 803.1 856.5 918.5833 920.4667 888.5417 901.5667 893.4583 876.9167 889.4667 824 -9999 -9999 -9999 -9999 -9999 -9999 -9999 -9999 -9999 -9999 -9999 -9999 -9999 -9999 -9999 -9999 -9999 -9999 -9999 -9999 -9999 -9999 -9999 -9999 -9999 -9999 -9999 -9999
873.9667 838.9583 852.75 896.2667 929.2917 917.9333 920.125 896.375 885.4 842.3333 829.2917 837.7333 831.1667 826 816.75 861.25 894.1 888.5833 878.8 865.1364 852.1 856.08 843.8 823 804.2 844.2 856.08 796.6 761.25 849.08 863.2 856.85 842.84 852.25 895.32 923.95 929.05 914.2632 881.6667 -9999 -9999 -9999 -9999 -9999 -9999 -9999 -9999 -9999 -9999 -9999 -9999 -9999 -9999 -9999 -9999 -9999 -9999 -9999 -9999 -9999 -9999 -9999 -9999 -9999 -9999 -9999 -9999
825.56 800.4 808.05 869.68 917 911.4 832.45 813.6 818.56 855.75 894.7083 890 872.05 869.24 879 872.95 876.88 882.2 875.68 870.6818 871.5833 893.0667 859.5417 853.25 872.7333 896.8333 820.4333 795.0833 873.25 861.0333 870.625 884.5 862.8666 906.5417 928.9667 919.5 914.1539 895.5 -9999 -9999 -9999 -9999 -9999 -9999 -9999 -9999 -9999 -9999 -9999 -9999 -9999 -9999 -9999 -9999 -9999 -9999 -9999 -9999 -9999 -9999 -9999 -9999 -9999 -9999 -9999 -9999 -9999
805.1667 818.2083 853.7083 837 879.25 912.3333 877.7917 890.5 913.0333 888.0833 846.5667 807.875 818.3333 861.6 851.0833 854.0833 881.0667 892.4167 865.7667 835.9583 854.5833 805.3333 814.3333 821 840.7931 765.65 759.4 781.75 844.6 882.04 860.25 865.6522 898.9091 914.1 885.2 921.9445 928 -9999 -9999 -9999 -9999 -9999 -9999 -9999 -9999 -9999 -9999 -9999 -9999 -9999 -9999 -9999 -9999 -9999 -9999 -9999 -9999 -9999 -9999 -9999 -9999 -9999 -9999 -9999 -9999 -9999 -9999
