DATA/PredictorVariables/Current/et_ref.asc
ncols         590
nrows         274
xllcorner     -7.522276026
yllcorner     35.996888128
cellsize      0.01
NODATA_value  -9999
[rows 116 to 144 of 274, columns 67 to 133 of 590]
982.05 1007.222 1016.815 1018.625 1010.192 1034.7 1038.577 1043.96 1045.92 1044.464 1046.5 1040.08 1027.739 1019.333 1017.259 1006.955 1007.56 996.55 988.5172 995.48 1003.12 995.84 989.3 970.6154 982.125 982.6429 995.2308 964.3 987.84 1031.143 1015.067 1002 1003.923 996.4167 1004.55 1028.308 1047.708 1042.143 1052.231 1041.619 1036.8 1022.75 1033.667 1033.958 1027.615 1018.64 994.75 1001.12 1011.042 1026.607 1031.923 1018.087 1031.4 1027.05 1017.296 998.0417 998.4615 1016.464 1004.35 1018.56 1018.3 1024.214 1020.654 1012.625 1014.821 1018.1 1035.72
1003.172 1013.1 1010.44 1022.091 1000.25 1018.038 1014.13 1030.2 1039.75 1041.793 1042.042 1034.846 1037.28 1030.3 1000.038 1001.417 994.8214 992.9615 1001.35 986.76 983.8182 988.1334 995.5 997.76 945.0833 986.7 971.6071 989.5833 1013.897 1002.042 997.85 1004 1007.227 1020 1015.917 1010.462 1016.043 1039.3 1051 1050.542 1030 1021.28 1025.8 1037.68 1020.524 993.6667 1018.708 1021.37 988.3043 1005.75 1023.24 1011.042 1003.767 1009.167 1012.652 987.64 1017.15 1028.321 1022.625 1008.357 1015.115 1008.55 1019.4 1016.6 999.7667 1010.75 1024.8
999.2857 999.0417 1002.077 1013.077 1012.65 1016.32 1033.042 1030.214 1039.308 1046.667 1044.88 1032.81 1031.833 1026.833 1009.769 987.4348 1004.1 986.4286 958.2917 963.069 961.3043 956.75 980.12 964.4783 979.0667 955.625 971.36 985.2273 1015.55 1015.69 1016.958 1005.2 979.3636 1014.762 1018.125 1024.13 1046.533 1049.792 1052.769 1035.273 1020.05 1025.393 1017.042 1031.133 1047.826 1035.19 1041.458 1044.818 1032.7 1031.75 1002.897 1012.857 988.35 1004.615 1005 1002.3 1002.458 1018.708 1021.043 1029.85 1005.929 978.5417 1023.069 1015.16 1003.95 1022.36 1041.6
997.1818 1005.12 1017.5 1000.433 1023.292 1015.333 1027.696 1028.3 1027.148 1014.042 1030.103 1025.667 1015.095 992.0417 974.5217 972.5333 958.5417 953.56 967 932.15 928.4333 939.5417 945.4333 960.9524 964.0455 964.4583 975.375 973.8 1010.333 996.8 1017.048 1012.3 1035 1031.792 1039.5 1057.143 1046.864 1036.87 1017.375 1045.2 1034.625 1036.333 1015.45 1042 1038.929 1033.5 1034.9 1037 1036.304 1032.455 998.5909 992.6 997.875 981.2759 1002.95 1008.048 1019.6 1018.292 1018 1008.792 1014.423 1012.429 1001 1037.143 1036.958 1032.767 1040.625
972.25 990.0345 1007.48 1013.19 1024.042 1025.045 1023.3 1009.5 1027.538 1013.455 1006.2 1007.552 998.7083 989.0333 961.9048 968.4545 956.5 949.875 958.9667 947.3333 936.2083 942.9048 923.0476 933.1667 915.4167 943.5517 986.5 965.6957 965.0833 997.625 1017.333 1020.208 1031.88 1027.4 1041.136 1041.138 1037.542 1038.1 1042.75 1052.833 1055.636 1037.625 1034.533 1038.083 1046.654 1031.4 1036.545 1035.25 1005.042 1021.033 1020.773 1020.12 1023.35 1004.167 1011.552 1022.042 1017.552 1028.85 1013.087 1005.348 1016.958 1019.5 1016.833 1027.333 1043.35 1039.095 1043.63
999.4091 995.85 1007.607 993.2083 1011.833 1016.727 1023.955 1020.217 1007.542 993.7667 1004.542 994.56 972.2857 959.8095 965 965.4167 951.3793 948.2 943.6957 956.24 956.875 960.7 965 963.64 967.75 950.2 937.0357 961.2083 991.5714 990.5 1010.833 1030.458 1032.25 1029.8 1046.609 1045.64 1055.95 1047.385 1046.407 1040.208 1047.759 1026.8 1034.32 1026 1042.08 1035.586 1035.5 1026.84 1014.5 1030.24 1037.038 1031.625 1027.133 1029.476 1011.76 1020.4 1022.84 1008.536 1021.583 1013.069 1036.25 1016.96 997.3333 1037.32 1040.621 1042.708 1048.333
1012.133 1008.583 1004.038 1002.714 992.3 1014.833 1009.708 1005.3 1014 997.4783 975.5417 947.2083 963.1334 951.4348 930.96 949.45 955.84 944.5714 942.75 952.7407 950.8 953.75 973.24 983.625 982.4333 970.6667 962.12 964.95 962.1852 999.7778 1015.792 1027.407 1027.05 1039.962 1039.75 1038.462 1050 1046.381 1042.08 1044.5 1032.536 1026.5 1030.042 1035.821 1037.3 1036.64 1041.435 1031.037 1032 1034.435 1037.92 1028.45 1034.852 1026.75 1032.115 1029.964 1032.619 1031.08 1028.25 1015.357 1003.577 1020.667 1026.172 1035.45 1036.6 1041.095 1043.889
1013.182 1014.208 1018.708 1013.8 1013.083 1000.44 1006.8 996.0435 980.2759 990.375 962.4286 974.95 956.7917 947.28 954.9583 957.1667 955.5238 945.8 936.6667 939.1111 944.9259 956.9583 946.9231 982 972.8148 982.7083 976.1154 1003.429 976.4 1002.24 1010.238 1034 1035.96 1032.625 1038.12 1042.3 1049.63 1035.042 1040.407 1048.741 1046.7 1049.72 1037.05 1050.533 1042.708 1046.538 1048.76 1038 1030.8 1012.375 1035.172 1032.64 1036.87 1034.44 1031.8 1030.111 1034.583 1033.679 1031.692 1030.45 1032.12 1031.4 1035.5 1038.792 1039.731 1043.111 1044.1
1019.417 1018.379 1019.75 1013.826 1015.12 1007.083 1003 996.7727 972 957.55 955.8889 975.037 964.0833 966.5 961.4 955.8461 949 942.3077 951.7778 965.8 941.76 944.0909 961.3929 970.8077 996.913 1002.44 975.8 976.1429 990.6667 1016.111 1033.346 1037.1 1030.8 1032.087 1034.833 1046.208 1045.917 1044.75 1045.35 1049.964 1043.458 1023.586 1040.28 1050.15 1055.16 1053.571 1049.933 1046.792 1036.893 1036.955 1037.3 1037.6 1031.042 1036.567 1034.667 1034.2 1031.565 1031.4 1030.571 1023.25 1026.833 1029.708 1032.476 1036.708 1037.65 1042.633 1042.375
1017.5 1014.76 1011.536 1010.708 1002.333 987.35 1002.72 991.12 973.72 946.7931 979.1 970.68 966.2273 957.3929 959.1539 962.087 952.44 954.65 952.8965 946.9583 946.3704 953.8 978.25 983.16 991.625 1009.3 1018.5 1013.913 979.1667 1035.65 1040 1028.625 1020.103 1044.864 1039.25 1055.16 1049.083 1042.033 1053.708 1059.64 1052.045 1058.35 1060.586 1059.917 1057.433 1054.87 1055.409 1049.609 1047.682 1044.3 1042.875 1035.7 1034.3 1033.571 1030.16 1029.583 1029.733 1028.875 1026.885 1025.857 1022.8 1026.571 1028.125 1033.1 1036.458 1040.696 1040.136
1012.233 1011.762 1001.12 996.4762 997.963 988.7407 1001.208 998.4 978 972.3929 979.4167 967.1539 962.3077 969.9 958.36 955 945.7586 934.88 950.9091 968.75 976 963.4333 975.875 977.5517 1018 1007.35 1009.154 967.875 998.1667 1026.167 1044.958 1028.727 1038.333 1055.333 1052.792 1047.433 1059.75 1045.955 1033.375 1055.583 1059.067 1064.625 1063.346 1063.2 1062.333 1059.357 1055.375 1052.3 1048.955 1043.292 1039.571 1036.5 1034.433 1033.25 1030.172 1028.4 1028.652 1026.87 1026.25 1022.2 1023.708 1024.778 1026.45 1031.545 1034.731 1034.25 1034.133
1007.423 1003.44 998.88 998.8214 998.3 994.32 995.4348 993.7857 974.7308 969.5909 980.36 973.3 975.4667 973.125 966 964.0455 945.2 956.4815 962.6667 985.4333 994.875 993.6818 987.4783 993.7727 1012.1 1015.167 1008.655 1024.15 1032.095 1039.667 1035.167 1041.3 1036.826 1042.917 1031.286 1028.087 1046.621 1037.583 1061.586 1065.8 1065.25 1066.478 1068.583 1067.467 1064.083 1060.462 1055.95 1053.261 1049.667 1045.042 1039.367 1035.818 1032.84 1030.45 1027.04 1025.607 1025.5 1020.621 1019.1 1018.8 1023.952 1022.44 1022.31 1026.708 1029.481 1028.25 1031.708
1007.348 996.44 990.45 994.1724 992.8333 993.1111 992.875 981.55 966.8846 987.375 984.3 984.75 987.7143 983.3333 984.6364 983.8 982.5417 966.037 990.0476 988.619 1006.185 1026.042 1022.433 1009.364 1017.833 1021.19 1014.913 1033.5 1034.542 1042.741 1042.6 1051.391 1067.962 1068.583 1070.867 1076.909 1077.52 1079.3 1075.077 1072.815 1071.708 1073.571 1070.65 1068.72 1065.217 1060.5 1057.75 1049.958 1049.72 1045.1 1040.154 1035.28 1034.76 1029.241 1028 1025.52 1022.15 1016.037 1014.808 1015.542 1015.621 1015.75 1019.6 1024.571 1022.964 1020.577 1025.417
997.75 991.2143 991.6539 993.1429 995.08 993.1905 990.8 989.3333 986.4445 974 968.65 984.3929 989.1667 991.2333 990.5455 994.2174 997.5909 991.4583 994.9333 995.1667 1006.889 1014.5 1025.227 1019.857 1018.167 1015.167 1026.381 1011.32 1043.714 1053.654 1064.179 1067.042 1080.538 1084.8 1085.96 1086.8 1085.72 1082.621 1084.952 1082.48 1075 1074.345 1069.04 1066.76 1066.077 1062.45 1054.92 1049.783 1045.536 1043.5 1037.174 1033.28 1030.3 1027.481 1024.208 1023.444 1018.704 1018.524 1014.36 1014.35 1014.655 1015.042 1014.37 1020.462 1017.65 1015.64 1023.381
991.7391 983.55 991.2593 987.9583 990.4667 992.6087 990.0476 990.4167 990.3913 989.3333 985.3333 985.6667 993.3 992.0952 998.2069 989.375 1001.967 1012.45 1008.542 1002.045 1019.44 1026.897 1026.25 1031.16 997 1017.92 1022.731 1043.5 1058.138 1066.95 1074.64 1082.727 1086.929 1088.423 1089.25 1087.88 1087.9 1086.778 1081.083 1078.63 1072.778 1057.1 1051.12 1051.952 1053.133 1054.208 1052.926 1045.458 1043.5 1039.96 1033.875 1025.033 1023.667 1024.417 1021 1021.05 1019.444 1015 1011.133 1009.917 1012 1014.167 1014.8 1018.533 1014.083 1013.241 1013.042
984.4667 986.7917 988.1539 981.7727 987.05 987.3104 989.3333 988.3 987.2857 988.087 988.0435 986.75 981.7 992.4583 993.12 996.9 1001.92 1016.889 1020.083 1019.31 1039.2 1038.32 1033.217 1034.704 1036.852 1042.652 1048.76 1055.65 1071.379 1081.875 1089.231 1095.962 1093.9 1095.16 1094.522 1091.933 1089.917 1086.208 1069.083 1067.85 1068.821 1074.958 1069.966 1065.083 1057.524 1041.958 1046.714 1043.833 1042.042 1034.931 1026.095 1027.4 1021.52 1021.042 1016.8 1017.583 1017.37 1015.048 1012.6 1011.607 1011.292 1012.1 1015.208 1015.826 1010.727 1007.35 1002.31
984.8095 982 980.2083 982.3333 985.7917 985.48 985.7143 983.3182 984.2414 983 988.1724 989.9 983.6667 999.8333 996.2 1008.172 1010.136 1019.56 1024.95 1034.63 1035.077 1041.56 1046.654 1043.05 1045.88 1048.958 1056.393 1068.577 1085.333 1097.8 1100 1100.6 1101.958 1102.357 1100.087 1097.5 1096.72 1090.792 1088.133 1080.583 1082.96 1083.409 1082.05 1078.828 1067.708 1061.467 1045.13 1040.913 1039.5 1036.409 1031.7 1025.5 1016.7 1007.8 1009.826 1012.261 1014.5 1014.067 1014.542 1013.852 1012.3 1011.636 1015 1014.625 1006.433 985.375 996.4615
980.125 976.9667 983.15 982.913 983.75 983.4167 981.8 983.2609 979.2 983.75 984.6923 981.7778 982.5 988.8519 1002.25 1007.038 1016.167 1021.815 1028.037 1025.81 1038.76 1044.286 1045.867 1047.25 1048.889 1055.826 1068.75 1088.63 1101.125 1104.967 1104.625 1104.5 1103.13 1102.286 1102.067 1099 1096.767 1089.05 1085.409 1086.208 1079.208 1078.733 1078.792 1078.077 1076.75 1071.409 1063.036 1050.542 1039.467 1030.773 1027.88 1024.35 1019.333 1015.483 1009.833 1012.207 1008.55 1003.32 1007 1011.84 1014.621 1014.083 1014.444 1005.15 995.32 993.5652 1000.36
977.1429 978.0435 982.4138 984.0833 985.9286 982.85 980.9167 978.48 977.76 978.931 979.7619 981.96 981.6667 994.8276 1001.48 1006.792 1012.8 1017.5 1026.593 1037.167 1040.69 1044.333 1050.9 1056.04 1062.091 1072.567 1087 1096.889 1102.143 1104.45 1102.786 1094.875 1093.467 1099.043 1098.667 1096.381 1094.727 1091.067 1090.375 1089.103 1087.65 1080.417 1076.565 1078.042 1076.767 1071.333 1066.16 1059.05 1046.542 1031.115 1018.5 1016.3 1005.381 1001 1010.3 1011.296 1010.269 1011.5 1006.897 1009.25 1013.96 1015.238 1017.357 995.8077 998.9583 1002.037 1007.2
980.2333 983.5455 983.12 981.8 984.1923 981.1786 978.1667 975.5769 974 978.1481 982.7917 983.037 986.8846 992.8 999.92 1005.957 1009.733 1020.333 1035.4 1038.522 1045.25 1053.724 1060.25 1061.633 1070.091 1082.909 1088.87 1086.542 1081.267 1089.083 1096.333 1091.2 1089.091 1090.259 1089.167 1088.6 1091.636 1093.92 1092.1 1094.269 1093.37 1090.875 1086.321 1078.95 1074.04 1071.565 1061.667 1056.926 1049.458 1041.76 1032.3 1009.111 1013.167 999.7037 1007.926 1007.048 1010.88 1012.4 1009.552 1011.5 1016.222 1016.577 1020.8 1002.04 1005.476 1008.2 1013.292
984.5417 986.0769 986.48 985.5517 985.4 978.72 976.0909 974.1429 972.8846 972.5217 975.92 980.4 982.3104 994.5 1000.172 1007.182 1012.65 1023.4 1032.917 1037.633 1050.417 1057.28 1063.476 1063.762 1065.655 1077.167 1089.233 1096.9 1086.333 1089.5 1083 1079.621 1089.75 1088.5 1096.6 1097.56 1100.2 1099.4 1096.034 1093.571 1092.48 1093.65 1089.897 1084.04 1074.44 1063.692 1053.25 1051.76 1045.043 1041.655 1036.24 1030.292 1019.875 1011.8 1005.556 1007.083 1010.448 1015 1012.818 1015.75 1018.6 1021.655 1017.917 1011.2 1003.043 1010.81 1019.25
989.8333 988.56 993.45 988.7778 984.44 980.2692 975 973.1 972.92 973.8333 977.9 976.9167 981.7826 990.1739 1000.048 1007.3 1010.208 1023.367 1025.6 1041.727 1048.24 1052.25 1063.967 1070.542 1081.16 1090.55 1090.64 1094.704 1098.375 1096.103 1096.9 1092.96 1091.591 1100.704 1097.519 1100.667 1105.44 1103.2 1103.556 1098.958 1095.893 1089.038 1084.1 1088.4 1080.571 1071.667 1060.375 1045.643 1038.435 1031.85 1035.72 1032.125 1027.133 1020.542 1013 1008.591 1014.65 1014.148 1016.25 1022.933 1024.208 1027 1019.5 1005.7 1008.345 1019.875 1027.2
996.3182 997.4445 997.2222 994.4545 985.76 982.2 978.1 973.75 972.9286 975.6818 977.35 980.4445 987.5833 995.0667 1004.217 1005.875 1010.571 1018 1028.069 1034.333 1045.857 1042.5 1057.333 1067.542 1086.8 1097.276 1105.682 1107.24 1110.45 1112.107 1105.72 1105.577 1110.115 1110.05 1102.84 1102.609 1103.414 1104.44 1108.25 1104.417 1099.6 1094.714 1087.75 1080.867 1077.783 1072.762 1066.75 1053.545 1039.233 1031.458 1030.933 1029.5 1028.273 1027.478 1020.958 1011.333 1004.458 1007.536 1016.25 1024.955 1031.962 1034.333 1017.6 1016.292 1022.923 1027.9 1032.826
1009.148 1007.75 1003.962 999.5417 992.7586 988.56 981.0476 976.7917 973.8636 976.1334 977.7917 987.0357 992.4 991.5 1000.733 1003.917 1001.267 1007.773 1020.36 1028.15 1043.926 1059.111 1074.875 1084.407 1093.5 1098.154 1108.667 1118.407 1127.556 1130.429 1133.8 1135.65 1130.733 1123.333 1118.036 1115.783 1106.2 1102.84 1104.083 1103.6 1103.042 1099.28 1090.318 1084.2 1072.724 1067.5 1064.7 1060.318 1049.25 1039.952 1028.261 1026.069 1025.25 1025.167 1030.75 1023.48 1020.333 1023.08 1027.655 1035.917 1038.778 1041.9 1017.64 1029.478 1031.16 1036.241 1038.125
1024.267 1019.167 1013.192 1008.143 1000.45 990.8571 982.4783 978.4483 976.2143 976.0769 981.0909 984.6667 994.1334 993.25 1008.2 990.1 996.375 1008.385 1014.56 1027.897 1041.95 1062.36 1076 1087.379 1096.84 1104.92 1111 1115.7 1125.704 1136.833 1140.5 1141.917 1130.714 1132.083 1124.524 1116.7 1114.083 1108.167 1102.4 1098.727 1096.5 1095.417 1094.267 1085.333 1077.231 1068.35 1058.696 1056.111 1058.375 1052.1 1044.727 1037.16 1030.15 1026.769 1035.593 1038.417 1031.379 1031.45 1040.4 1044.238 1048.786 1037.385 1030.458 1039.111 1042.2 1043.72 1047.5
1031.857 1025.5 1020.273 1015 999 995.1111 985.25 983.5 -9999 978.8333 984.4 -9999 983.6667 968.0625 976.625 990.3214 1001.083 1012.52 1019.8 1038.036 1048.083 1059.778 1069.5 1082.55 1096.4 1105.13 1111.533 1120.042 1123.115 1127.636 1130.9 1134.929 1138.25 1131.633 1126.217 1118.083 1112.095 1106.217 1103.133 1098.542 1093.448 1087.45 1082.56 1085.818 1082.12 1072.034 1062.833 1057.24 1051.9 1051.44 1053.64 1047.154 1038.75 1035.81 1039.24 1040.9 1037.655 1041.417 1048.481 1052.423 1051.6 1038.12 1044.81 1047.1 1051.833 1053.963 1055.36
-9999 -9999 -9999 -9999 -9999 -9999 -9999 -9999 -9999 985 980.9091 971.04 970.1667 978.5517 994.5 986.12 1004.13 1012.25 1022.077 1034.273 1050.8 1064.4 1072.862 1083.083 1092.379 1103.364 1109.286 1115.833 1117.292 1120.6 1122.25 1124.481 1128.1 1128.636 1120.857 1116.5 1110.667 1104.714 1098.76 1094.2 1091.923 1087.185 1081.958 1077.25 1073.5 1075.44 1071.739 1063.679 1056.462 1053 1048.08 1053.25 1048.333 1043.542 1043.897 1044.56 1050.333 1049.64 1055.4 1057.862 1047.5 1046.667 1053.652 1054.952 1058.75 1061.333 1063.933
-9999 -9999 -9999 -9999 999 998 988.4545 975.0625 970.0909 973.4138 971.5455 973 975.25 984.4286 983.76 992.5 999.96 1008.35 1025.231 1035.75 1045.767 1057.875 1070.435 1082.348 1090.524 1097.8 1106.708 1109.5 1112.3 1112.87 1117.522 1120.875 1119.933 1122.125 1116.6 1108.55 1103.692 1098.12 1095.28 1091.586 1086.048 1085.52 1083.25 1078.533 1071.875 1066.923 1062.28 1063.2 1062.2 1059.435 1057.633 1055.542 1052.96 1052.87 1049.55 1051.889 1056.917 1053.867 1062.042 1054.875 1056.955 1055.5 1056.172 1058.792 1059.233 1061.522 1065.083
-9999 -9999 -9999 1018.222 1010.64 998.75 984.2917 983.1852 981.5 973.6539 971.7083 971.5555 985.1481 990.4286 994.32 1002.048 1009.233 1015.583 1025.071 1034.143 1040.25 1053.556 1062.667 1071.967 1078.609 1091.68 1099.5 1101.125 1098.179 1102.875 1107.621 1110.7 1113.72 1111.739 1107.333 1105.444 1098.652 1094.12 1092.2 1088.107 1083.125 1080.75 1079.654 1074.85 1073.8 1068.714 1065.867 1059.75 1059.069 1064.364 1063.619 1064.75 1057.417 1056.3 1055.208 1055.25 1057.9 1061.5 1064.28 1065.458 1062.6 1059.417 1061 1061.95 1062.87 1064.962 1067.792
