DATA/PredictorVariables/Current/et_ref.asc
ncols         590
nrows         274
xllcorner     -7.522276026
yllcorner     35.996888128
cellsize      0.01
NODATA_value  -9999
[rows 116 to 144 of 274, columns 469 to 535 of 590]
883.6 884.88 899.3 933.96 961.2 967.15 971.52 972 968.6 966.9545 963.6 970.8965 969.125 973.5 970.7083 966.7 975.7083 946.75 971.1334 967 972.7 983.0833 980.875 985.7333 982.5833 977.8333 980.3333 955.2333 965.375 946.5833 963.4 968.875 970.7667 970.125 981.8333 980.9 971.7083 972.8333 974.381 968.44 965.15 964.7 958.32 952.3 956.72 961.1 969.9 967.6 966.6 972.16 973.4 972.44 947.4 967.2727 934.8 967.25 968.1 964.0417 956.2083 955.8666 957 960.7333 951.1667 950.5714 956.4231 959.25 954.6
910.3333 886.0667 921.4167 929.9333 952.8333 956.5 968.1334 974.625 974.7 979.25 982.9333 978.75 979.0833 981.4 982.9167 977.5333 963.6667 962.3 970.48 985.1 984.08 984.75 985.3636 984.087 985.45 982.72 982.25 982.52 984.35 972.6 974.24 975.25 984.72 985 977.8571 966.375 975.5 969.72 969.1739 973.2667 972.7917 965.6667 966 957.0417 964.8666 956.6667 956.0417 961.3666 966.2083 964.0667 967.9167 973.4667 978.9583 970.5833 977.1 969.8333 970.963 968.15 965.8 963.64 962.6 959.44 963.15 966.6 965.6 962.8 961.2
943.55 941.68 949.3 946.08 955.3 959.7 964.08 978.1 979.48 979.6 981.36 981.4 982.65 980.84 968.95 979.28 973.2609 978 980.6 979.6667 982.8666 979.625 982.1 980.3333 987.2083 986.8666 987.8333 985.8666 984.2917 982.625 979.4667 976.625 980.0333 979.7083 981.8666 979.125 972.25 970.2333 976.0417 972.2667 973.9583 972.8696 975.32 972 975.08 969.6 972.52 972.75 973.9 974.08 978.9 976.56 981.25 985.4 984.92 983.35 981.3571 980.0417 977.4483 972.24 973 971.2 964.4167 965.5333 967.2917 968.2083 958.1667
948.25 939.2667 926.0417 934 948.3333 956.8333 956.9333 968.2083 977.4 978.9167 980.5 978 981.3333 970.4 976 962.8333 956.3333 968.6667 974.8666 986.7917 987.5667 985.5833 983.48 984.3 986.25 983.16 983.75 977.96 966.9 971.75 973.6 976.3 978.36 977.2 977.24 977.35 974.6 970.4 968.2 974.48 983.9 975.7619 975.6667 984.6667 980.5333 977.625 979.9 981.4167 985.2917 980.8 985.9583 986.7333 982.7917 980.9167 989.8 979.6667 981.9 989.0417 978.9333 967.7 982.1 979.6 970.35 976.32 968.7 967.5714 912.4583
941.85 933.84 945.35 934 947.45 950.85 954.48 953.4 973.76 978.15 978.84 975.4 973.9 972.08 954.7 948.84 953.55 977.5 984.16 983.05 985.2 982.5 985.1334 984.1667 978.875 973.8 966.8333 937.7667 934.625 930.9231 963 955.9583 953.5333 963.7083 971.9667 972 976.9583 981.8666 972.6667 966.8 966.875 959.4643 959.6154 963.25 949.3 964.35 969.28 960.3 949.35 968.32 976.5 983.88 988.25 986.32 986.9 985.1 991.56 992.75 987.8 982.75 982.5417 986.6334 981.25 967.9 961.875 940.2 961.625
915.1667 931.3 923.5833 920.3 943.75 945.2083 949.9667 964.7083 969.7333 976.7917 981.3333 981.2917 972.9167 977.8 969.25 955.1667 949.375 978.1071 986.8461 986.2083 984.0667 982.875 984 984.7083 967.0417 984.2 964.9565 945.84 958.15 929.36 909 966.75 977.24 968.55 962.56 952.7 965.55 979 978.5 971.72 966.25 961.2 967.65 967.2 940.28 953.625 955.1 939.3333 942.2917 946.5667 966.0417 966.8 969.75 958.3 951.375 956.2917 926.9667 915.6667 921.7 936.5417 955.0769 964.2222 971.5 968.36 949.1 953.72 960.9
934 931.88 921 923.52 939.45 943.8636 950.1739 955.95 968.92 970.25 975.92 969.45 973.95 971.64 967.1 960.72 961 964.44 987.75 986.95 982.92 982.9 984.2 983.75 984.1 972.88 960.0476 993.6334 989.3333 989.9333 986.5417 976.125 977.2333 981.7917 981.9667 973.7917 972.2917 952.7667 957.1667 956.6 969.9167 970.3333 971.4583 970.0833 967.7 949.7917 953.2667 956.125 961 962.5455 964.65 959.48 953.15 940.12 926.8 920.4 964.28 969.95 943.52 954.7 948.84 955.4762 924.625 970.3 972.7917 970.2667 970.5833
933.5 932.5 934.0833 935 927.5833 941.2 948.5 948.5833 957.4667 967.0833 969.8333 965.875 977.8333 981.4333 983.0417 980 983.75 986.9 985.1667 986.9583 987.4333 990.2917 993 991.25 991.9583 990.6334 992.2083 987.4333 980.0833 977.4667 979.7083 975.3333 972.04 950.75 963.72 979.5 977.44 965.25 981.3 984.48 977.85 981.6 986.45 991 984.6 976.65 952.52 953.4 970.8965 964.125 959.8333 947.6 969.625 985.3333 966.5833 977.12 964.1379 961.5 980.9667 977.7917 974 970.8333 983.5 981.4333 991.5238 1000.08 996.5
926.9583 929.8666 929.6364 933.72 913.55 936.2 942.8 945.4 946.28 960.45 966.32 963.15 969.75 975.84 978.6 974.72 973.55 992.36 995.6 995.85 990.92 993.75 984.24 993.05 988.0417 991.8095 985.8 968.6 971.4 976.4 963.25 942.8696 946.9667 968.9167 962.3 971.5417 967.9 939.4583 964.7917 969.8666 968.9167 975.8666 986.1667 994 996.6207 996.3333 974.6667 955.5 961.8666 966.9583 951.2083 972.037 969.1 982.84 985.35 989.84 990.6 981.75 979.24 949.6 984.76 986.35 991.05 990.88 992.5217 1009.233 991.2917
906.4 920.88 913.0455 907.4333 911.0417 938.6 941.2917 941 943.0667 950.1667 964 965.5 965.2083 966.1 967.2917 974.6 980.4583 983 983.4167 983.7083 987.4333 990.375 992.9 993.25 991 989.75 988.5 963.2 947.1667 950.3666 972.2917 957.0417 972.3666 970.875 965.9667 964.0476 961.84 945.2 932.75 965.24 974.15 977.24 983 990 994.1 995.2 990.08 988.4 974.16 990.05 989.4 983.1429 1003.208 995.9 1008.042 1003.433 1006.792 986.3333 1004.6 983.7083 997.8333 993.25 1001.103 1008.24 1020.208 1017.567 1006.609
869.8333 898.5667 904 905.8 924.5417 921.7 933.4167 936 945.7667 959.9167 962.5667 958.3 963.8182 965.5217 965.65 976.92 982.65 982.84 981.75 984.1 981.88 985 986.72 990.4 989.88 989 975 969.96 963.25 982.72 982.8 975.7826 983.3182 980.2 978.96 968.6522 946.7333 947.625 929.5 909.7667 954.0417 955.1 972.5417 965.7 977.5417 972.6667 994.1334 997.1667 996.5 998.4167 994.5357 992.1154 995.4583 1002.2 1010.65 1013.6 1013.25 1011.8 996.44 1004.05 973.68 995.95 1007.44 999.25 1022.95 1013.96 1019
887 897.64 920.9 913.92 910.55 912.08 923.6 931.45 938.56 951.5 951.32 954 972.3 976.625 975.6667 975.6334 979.7917 980.8 981.75 984.25 982.1 983.75 983.0667 982.75 989 984.375 984.5833 978.8 980.0417 985 940.2083 952.4333 961.25 974.625 962 949.9583 892.4 944.4167 959.2083 907.88 969.95 966.12 968.1 956.96 952.75 949.4 977.04 991.35 994.52 998.15 996.92 994.05 971 977.2 996.0417 1005.3 1007.458 1008.556 1008.185 1002.75 1002.467 993.7083 987.1334 999.5 1012.292 1009.533 1026.25
886.5 905.2333 920.7917 915.8 900.9167 919.1 925.3333 930.2917 935.5 944.2083 946.4667 957.5 960.3 968.875 975.5 974.6334 977.625 976.963 983.65 983.5 982.48 981.05 981.52 982.1 979.68 985.75 978.45 989.08 988.6 982.24 962.45 936.44 933.6 947.3 930.12 939.45 951.68 957.2 956.8461 978.5417 956.375 955.8333 960.5417 970.7667 982.4583 972.125 988.7667 981.625 975.4667 990.7917 995.1 980.8333 986.375 989.3 977.5 997.4 989.75 987.2 1005.4 1009.15 1007.8 984.6 995.6 1016.4 1016.818 1020.304 1019.7
899.1 902.2 912.05 914.72 910.75 914.28 934.15 937.7 935.36 932.4 933.2 946.25 958.68 968.4 964.2 975.96 973.95 976.3214 977.0833 979.4333 981.4167 980.4583 981.7333 979.5417 981.2 976.0417 982.1667 975.8333 977.5 977.9333 985.3333 985.2667 977.9167 964.5 935.7333 970.6667 965.6334 966.5417 973.1 947.4583 961.8333 949.2667 960.6818 970.52 973.65 965.4583 945 961.6 965.16 975.5 979.16 977.25 982.5 978.76 971.5 974.08 986.7 990.5333 999.625 1006.417 1004.367 1009.625 1009.8 1014 1029.567 1012.625 1013.417
898.5833 887.6334 890.2083 907.3 922.5417 924.3333 928.0417 933.3333 936.7667 929.5 931.9 948.5833 954.4333 964.4583 960.3333 962.8333 969.6667 971.2667 975 978.1334 980.5 978.5417 981.4483 980.85 980.72 981.35 984.7273 970.7391 982.65 967.24 972.4 958.52 979.85 977.7 981.52 939.85 954.68 925.05 924.56 916.8 969.3 957 948.3182 949.9333 966.6667 951.0333 935.2917 960.2083 938.8666 953.8333 948.0333 968.375 966.6896 968.88 971.2917 961.0667 962.5833 976.1334 990.3333 1001.087 997.88 995.15 1024.08 1029.45 1012.56 1006.3 1032.7
884.0952 887 895 914.52 913.6 905 906.1 921.65 934.36 921.1 931.64 946.4 932.88 954.35 963.35 964.24 964 969.16 971.05 973.96 979.75 982.2 983.0769 982.4167 988.0333 988.4167 979.3 977.5 967.5417 963.0333 975.2917 967.3333 987.75 977 956.7857 967.125 951.1334 945.4583 954.0667 939.5833 932.5833 960.6334 937.25 951.7 930.8333 955.9286 943.4 961.6 957.68 924.2 936.76 927.3 924.6 952.5 925.75 933.52 975.15 1000.4 984.8 994.2222 1016.75 1035.083 1033.233 1035.917 1034.3 1032.208 1038.308
841.7333 843.625 869.9167 895.6667 903.5 912.1 890.7917 899.1667 926.3 935 931.6667 949.375 945.5 945.5417 959.9583 961.4 959.4583 964.3 967.75 970.2667 975.4167 980.5417 982.3 984.1667 984.9667 981.375 977.2667 968.913 983.25 963.36 952.55 969.04 959.8 980.6 974.8 972.15 958.68 953.75 972.6 945.3 913.7273 963.5652 933.45 955.96 953.35 944.7778 941.4167 939.7917 910.6334 915.4167 944.4333 958.7083 936.7333 929.2083 958.9167 947.9333 955.25 979.9333 1003.792 1005.067 1014.417 1028.417 1041.115 1043.25 1040.96 1031.25 1030.36
864.56 861.05 875.35 873.12 899.1 914.68 911.05 906.381 904 938.7 929.12 949 950.4 928.35 954.6 955.24 962.1 958.56 964.8 966.88 971.4 977.5 981.12 986.05 970.24 979.7 966.12 967.5238 976.375 971.3333 967.6667 950.8 980.2917 963.5 978.125 959.5833 989.2667 983 985.2667 979.2083 976.0333 950.0417 967 970.7667 935.875 933.3 970.2083 966.5172 967.75 910.9 888.68 933.6 946.24 951.55 946.8571 956.5833 977.5 980.96 995.9 1014.72 1025.6 1034.15 1037.207 1042.792 1038.3 1046.458 1033.233
804.8666 809.4583 833 861.3666 881.7917 910.5 919.0417 887 887 891.9583 910.3666 939.0417 948.5667 939.5417 944.75 950.3 949.5 957.5333 959.625 965.6334 964.375 969.2917 973.2667 981.2917 983.1334 971 970.1334 954.9167 952.4167 975.2667 987.2083 984.6667 951 977.8 994.7 991.3 993.8 996.45 990.12 986.7 965.6 985 966.1 982.4 982.5 963.08 960.15 986.28 980.0476 969.3333 927.9 955.875 970 951.2083 979.1667 998.3333 979.7083 978.2667 1006 1017.633 1025.125 1034.071 1049.846 1053.792 1054.966 1047.35 1020.92
880.8 896.7917 901.3333 881.1 883.381 894.44 905.05 890.92 900.25 857.15 906.48 932.5 929.04 949.55 943.76 943.15 946.15 925.16 959.65 953.76 974.3 969.4286 957.4583 975.65 983 980.05 973.68 968.2 981.45 977.04 979.9 974.96 983 990.3 986.2083 981.4167 991.5333 999.0417 991.8 973.0833 946 963.7083 986.9167 979.6 987.0417 980.7 977.5833 976.2667 962.7083 959.9583 976.7333 964.5833 973.56 942.65 968.12 985.7 978.55 1006.36 998.6 1027.92 1025 1029.48 1047.15 1053.25 1049.808 1043.125 1047.533
840.88 828.35 842.65 861.4 873.4783 894.0333 885.5833 897 891.7083 895.2917 930.5667 941.2917 939.1 923.1667 925.1 936.875 922.7917 935.8333 949.5417 936.0333 948.5 959.4667 969.4167 964.4583 984.6667 985.75 986.9 989.5833 994.7241 983.16 973.625 970.0667 969.125 985.4 988.8333 973.2308 993.8696 999.05 997 994.45 982.24 986.5 981.8 984.04 981.8 990.96 981.85 984.52 962.35 960.85 957.56 971.8 981.4 966.2917 987.6334 992.75 990.9583 1000.533 1023.167 1018.033 1032.083 1034.9 1036.5 1037.875 1021.1 1022.417 1042.467
885.2333 856.375 847.875 872.7667 881.5833 897.5333 920.625 899.9 853.5417 909.7917 917.8 923.0833 906.4074 900.9 925.12 925.5 944.7 928.44 952.6 945.52 954.7 945.4 962.95 960.4 964.36 944.4 970.04 974.35 988.96 976.25 974.1 976.44 991.9 999.4 988.4 971.4231 989.125 993.4091 998.16 997.4348 982.8666 994.5714 995.7826 974.6522 966.125 970.2353 988 976.0345 990.3846 984.7857 979.4615 973 974.9565 967.7692 979.5625 983.5385 1002.526 1001.588 1020.667 1026.333 1031.643 1028.75 1036.333 1012.4 1001.409 1033.45 1032.28
878.8 884.95 899.45 890.64 907.15 907.28 884.2 871.44 914.3 903.1334 893.96 900.15 903.5 889.9583 904.7 920.4583 923.25 946.3333 942.3333 939.0667 956.1667 950.8666 940.7083 950.3333 961.7667 962 953.8666 963.9583 976.1364 963.6364 986.3636 966.1 996.6 994.5714 991.375 982.2105 1004 974.5 962.4286 982.9 971 -9999 950.25 -9999 -9999 969 893.8 956.3333 936.875 944.8 939.8823 926.1429 948.5 941.5 965.3333 929.8125 923.0667 953.8182 980.8125 996.7037 996.0769 990.2174 1010.5 1039.5 1047 999.7778 1027.917
846.4333 824.0833 821.25 855.8 855.3333 846.2 845.9167 885.9667 885.7391 867.5555 901.1 892.5 914.6667 916.2917 926.9 918.0833 913.0417 924.5333 926.3636 955.68 938.2 957.04 961.4 960.1579 926.8235 915.05 924.4 945.05 947.9286 926.75 926.7059 946.4706 919.9091 964.92 916.1429 857.1429 936.0625 945.45 924.4 946.9524 924.8965 933.1177 937.3214 973.8571 963.1905 946.9333 935.4583 920.1786 934.7083 936.0333 954.7917 956.5833 946.9667 939.5625 950.7241 957.5833 968.8 956.9091 964.7 964.12 970.4 1013.52 972.75 1002.652 989.5625 941 980.4286
836.92 865.65 870.65 883.52 848.35 845.84 848.85 869.72 847.7273 864.3125 891.88 892.4 915.04 911.9 924.28 903.5 931.1 930.28 915 897.6334 888.0417 918.4333 956.6923 876.4286 934.7143 945.375 955.069 951.3333 928.7391 913.7917 915.4583 907.5789 929.4091 907.4667 916.4167 908.9 935.1667 937.9583 933.6334 971.9167 950.2333 922.875 923.4667 934.75 909.4 909.96 888.55 925.24 932.3 929.92 929.75 949.4091 933.3913 934.95 920.04 927.55 926.4 905.3182 962.6296 966.6667 978.3333 965.5333 972.875 976.5 953.2083 970.9643 992.2692
883.4 865.9167 878.1667 847.7333 824.9583 847.8666 857.125 851.7667 868.5 850.25 858.9 863 891 893.4583 895.2 905.4167 911.0833 929.6667 912.7917 914.1667 933.25 903.4445 916.125 933.875 937.04 926.2 943.8 920.353 927.96 928.8 936.7826 934.7273 906.3 912 941.75 933.52 942.45 903.52 915.95 903.55 911.36 903.8 896.48 897.6667 931.9333 881.375 891.2917 881.6334 881.625 899.3 907.5417 910.2 909.125 917.5 922.2667 924.8333 912.5333 912.9583 943.8666 939.5 943.1429 961.32 955.95 952.68 981.9 977.08 979.35
882.52 892.1 871.75 834.24 839.05 845.88 865.9 848.4286 848.7778 878.8 874.72 884.4 873.88 880.8 892.44 896.15 880.3913 906.3636 930.3 934 932.85 927.75 927.5 926.2308 963.5 951.2609 913.7778 934.875 939.7667 925.7917 932.2333 923.1667 874.5833 919.0333 935.4583 927.1 926.5 930.2333 943.5417 913.125 934.2 918.0417 916 910.5333 919.8095 927.3333 921.9048 875.08 898.5 893.36 905.35 891.16 940.2 891.9 927.16 903.55 934.6 919.15 953.36 990.8 989.8696 967.4 948.9167 987.8333 953.5 979.1667 977.3333
857.2333 834.0417 840.2083 843.8333 860.0833 883.6334 873.0455 881.3333 862.8947 891.3571 887.6923 860.7917 892.5 905.4583 902.8 877.2083 900.8 899.0833 902.4167 922.1334 899.8261 894.25 915.7083 928.3 932.3333 924.5833 930.0741 934.0833 946.8889 933.9 927.84 943.6 895.5 921.32 920.5 933.56 933.3 930.52 923.6667 922.7222 901 936.7 948.36 941.5294 913.5555 939.75 874 887.3333 924.5 914.3 899.1667 902.3 901.6667 896.6667 916.1667 933.7083 951.4 960.25 964.9667 937.9167 939.3704 969.2963 971.6957 965.4 976.3 955.12 941.25
843.72 860.8 858.6667 849.5833 878.35 857.2 855.9286 847 868.9 864.68 854.2 877.7 893 888.35 881.04 882.1 885.88 922.7 918.05 915.52 888.0833 889.3125 921.75 893.68 913.4706 884.8333 922.9412 953.8 941.4286 925.9583 932.4667 922.875 915.8333 915.3333 898.0417 894.5667 928.5417 946.8333 955.6429 898.8571 927.6334 937.5833 920.2 933.6957 922.3889 913.125 927.6539 940.3214 943.0833 921.5238 889.45 896.76 916.9 886.08 931.8 931.7 933.56 926.65 928.16 930.75 925.56 941.7 964.1905 963.5667 950.25 956.9667 931.2917
