DATA/PredictorVariables/Current/ic.asc
ncols         590
nrows         274
xllcorner     -7.522276026
yllcorner     35.996888128
cellsize      0.01
NODATA_value  -9999
[rows 90 to 119 of 274, columns 68 to 135 of 590]
15.615 15.64615 15.625 15.63667 15.61304 15.61 15.588 15.6087 15.63333 15.60833 15.56956 15.52917 15.505 15.46667 15.4875 15.45385 15.425 15.475 15.54231 15.525 15.65385 15.77857 15.935 16.128 16.37273 16.52692 16.65714 16.70833 16.832 16.85 16.9125 16.91072 16.92083 16.92759 16.935 16.94091 16.924 16.9 16.83 16.79583 16.74091 16.62174 16.55714 16.46 16.4 16.35185 16.33478 16.325 16.3 16.3 16.34074 16.35556 16.40454 16.412 16.47 16.428 16.48148 16.5125 16.50333 16.5 16.46087 16.43636 16.45833 16.50333 16.5 16.46154 16.48182 16.44
15.67083 15.66429 15.64762 15.635 15.64643 15.625 15.62 15.59524 15.625 15.61923 15.55417 15.57 15.5125 15.48 15.472 15.49091 15.52 15.55 15.59167 15.664 15.73 15.825 15.97917 16.16154 16.29231 16.41 16.548 16.63913 16.74231 16.8 16.82727 16.828 16.845 16.864 16.88571 16.85 16.80714 16.765 16.71818 16.60769 16.5375 16.46 16.37391 16.32727 16.27826 16.22727 16.22333 16.25 16.23333 16.24783 16.22 16.26923 16.3125 16.36667 16.39259 16.38636 16.404 16.425 16.46154 16.44231 16.45 16.46 16.47 16.47083 16.49545 16.47083 16.44 16.3375
15.67143 15.66087 15.64667 15.64583 15.63077 15.61905 15.59524 15.58667 15.625 15.63929 15.59524 15.545 15.55 15.51667 15.51667 15.54091 15.6 15.644 15.67391 15.74333 15.825 15.87727 15.976 16.08 16.21667 16.3875 16.50769 16.596 16.645 16.7 16.72917 16.81923 16.81429 16.81905 16.804 16.765 16.7 16.6 16.51667 16.41852 16.315 16.23636 16.12593 16.07917 16.07333 16.05909 16.07727 16.11304 16.13182 16.15 16.18333 16.1963 16.22273 16.28 16.33077 16.32917 16.375 16.37308 16.41364 16.412 16.435 16.44074 16.45769 16.45417 16.46897 16.445 16.3875 16.32727
15.68667 15.67143 15.63478 15.63478 15.6125 15.57667 15.58261 15.59167 15.56667 15.60435 15.58 15.55417 15.5 15.53333 15.545 15.57333 15.60417 15.65333 15.71905 15.745 15.83077 15.91667 16.01667 16.14167 16.245 16.344 16.4619 16.54 16.58333 16.636 16.6625 16.635 16.65185 16.62083 16.59231 16.54286 16.445 16.356 16.26191 16.15385 16.04643 15.98333 15.94231 15.935 15.95 15.93929 15.9875 16.00333 16.04091 16.07391 16.09091 16.11304 16.15333 16.24167 16.31111 16.3 16.33 16.36296 16.39167 16.4 16.37308 16.38095 16.372 16.385 16.43214 16.392 16.42917 16.36897
15.74583 15.7 15.65417 15.64483 15.615 15.56087 15.57308 15.5875 15.56 15.61429 15.58333 15.55 15.52917 15.59333 15.6 15.65417 15.66667 15.7 15.75667 15.82083 15.9069 15.98 16.02 16.15 16.21667 16.31 16.36087 16.44 16.484 16.5087 16.52667 16.5375 16.53333 16.49583 16.42 16.35 16.24167 16.19231 16.05556 15.915 15.9 15.85455 15.81154 15.83571 15.81667 15.844 15.86 15.92917 15.97778 15.99167 16.04667 16.06667 16.0913 16.12727 16.1375 16.22333 16.3125 16.37778 16.3619 16.37 16.35926 16.37917 16.4069 16.372 16.35714 16.32 16.375 16.375
15.76957 15.704 15.705 15.652 15.61429 15.59583 15.60769 15.585 15.6 15.6037 15.575 15.54828 15.61 15.625 15.67083 15.69167 15.7 15.74783 15.82917 15.87143 15.93913 15.93333 16.04167 16.07778 16.18 16.25 16.31034 16.35417 16.34333 16.3619 16.375 16.428 16.4 16.36 16.27083 16.19565 16.02917 15.97 15.87241 15.84167 15.79231 15.83846 15.75 15.736 15.78261 15.78889 15.80741 15.85652 15.88 15.95 15.9375 15.98519 16.05417 16.08333 16.135 16.175 16.27143 16.33333 16.35667 16.33333 16.3963 16.39524 16.385 16.36667 16.38333 16.35667 16.32917 16.30476
15.79583 15.74615 15.73571 15.73333 15.676 15.62727 15.61923 15.53929 15.57826 15.62 15.645 15.61539 15.64815 15.64167 15.67778 15.7 15.725 15.792 15.84167 15.87333 15.9381 15.95417 16.02727 16.075 16.09 16.19167 16.21539 16.265 16.27619 16.26 16.25417 16.25 16.245 16.19048 16.132 16.075 15.94667 15.8625 15.80909 15.71667 15.71 15.73 15.73333 15.74444 15.75417 15.785 15.788 15.76667 15.86296 15.87407 15.8913 15.912 15.965 16.04615 16.10769 16.175 16.18667 16.31 16.3375 16.39524 16.35 16.36 16.39167 16.375 16.375 16.355 16.33333 16.3125
15.8 15.845 15.79259 15.7875 15.73846 15.67692 15.64 15.66 15.7125 15.71538 15.69643 15.7 15.688 15.69524 15.69259 15.7037 15.77917 15.78462 15.805 15.84 15.90385 15.95417 16.00345 16.01 16.10417 16.13043 16.1375 16.16333 16.18261 16.184 16.18 16.2 16.16 16.13333 16.07586 15.985 15.85238 15.81923 15.75833 15.72 15.68333 15.68636 15.68261 15.68571 15.69 15.7125 15.71482 15.73913 15.755 15.864 15.875 15.91786 15.95385 16 16.076 16.145 16.17692 16.20769 16.275 16.35333 16.36 16.368 16.365 16.34583 16.38 16.36667 16.35714 16.345
15.9069 15.86 15.8 15.796 15.795 15.8069 15.82917 15.8 15.75417 15.78 15.76296 15.78333 15.8 15.82222 15.81 15.796 15.79545 15.82222 15.84074 15.8913 15.948 16.03 16.05556 16.08077 16.06667 16.07857 16.1 16.096 16.12917 16.17917 16.18 16.12727 16.104 16.08 16 15.9 15.8 15.73929 15.7 15.70476 15.7037 15.7125 15.71333 15.70435 15.69545 15.67826 15.74091 15.80333 15.81667 15.83929 15.85 15.92 15.93462 16 16.07857 16.13461 16.16818 16.208 16.26 16.34444 16.324 16.3625 16.38667 16.39 16.368 16.385 16.36 16.32069
16 16.004 15.975 15.94483 15.924 15.85714 15.86 15.82727 15.86333 15.8125 15.76667 15.75417 15.78 15.82069 15.85 15.87308 15.91154 15.9 16 16.0125 16 16.01852 16.04762 16.068 16.095 16.08571 16.07308 16.10833 16.11923 16.125 16.124 16.1 16.09167 16.03333 15.96667 15.876 15.76 15.744 15.68966 15.67917 15.67778 15.71 15.73182 15.72963 15.70833 15.69 15.77727 15.77826 15.81364 15.78261 15.87667 15.94167 15.95185 15.97273 16.075 16.11923 16.15417 16.22414 16.32 16.34546 16.384 16.385 16.37241 16.35417 16.376 16.33793 16.34 16.324
16.01667 16.00357 15.98182 15.93 15.98148 15.96667 16.0069 15.94783 15.95 15.884 15.89583 15.9 15.92083 15.92727 15.92917 15.96 15.95333 16.03333 16.14074 16.17826 16.095 16.05185 16.1 16.125 16.11154 16.11 16.132 16.12727 16.11071 16.08077 16.0625 16.016 16.035 15.97692 15.948 15.924 15.83103 15.76 15.756 15.70952 15.68462 15.69643 15.65 15.65769 15.66 15.7 15.725 15.77083 15.77 15.80952 15.89565 16.00455 15.97826 16.00667 16.08333 16.125 16.16667 16.21 16.27778 16.30417 16.32667 16.375 16.36667 16.336 16.35 16.35172 16.375 16.33462
16.0913 16.05 16.03667 16 16.00385 16.02273 16.01 16.02667 16.02083 15.94828 15.97619 15.985 15.9963 15.96667 15.95667 15.95417 15.96667 16.15 16.18182 16.22333 16.17917 16.16 16.16957 16.195 16.18929 16.15833 16.08928 16.09583 16.055 16.1 16.06956 16.01035 15.992 15.95652 15.888 15.915 15.85862 15.8 15.768 15.725 15.71 15.668 15.66364 15.66923 15.725 15.72917 15.756 15.695 15.80833 15.87407 15.95 16.02667 16.02857 16.07083 16.10476 16.12083 16.16333 16.18333 16.23571 16.305 16.245 16.32963 16.39167 16.39 16.38333 16.36364 16.375 16.305
16.1 16.07727 16.08182 16.14348 16.08333 16.11333 16.09583 16.07826 16.02727 16.05 15.96333 15.91667 15.94815 15.94286 16.03 16.05357 16.05833 16.12 16.15 16.1381 16.175 16.20417 16.15667 16.15 16.12083 16.11739 16.075 16.07667 16.1 16.08928 16.09565 16.08 16.028 16.0125 15.96207 15.9 15.90476 15.832 15.745 15.75667 15.73333 15.71923 15.69231 15.68 15.74 15.74783 15.77407 15.78889 15.82174 15.884 15.93 16.028 16.03846 16.0375 16.11 16.125 16.164 16.17 16.20833 16.24667 16.28333 16.30357 16.36 16.41429 16.36923 16.35833 16.36 16.3125
16.15238 16.15517 16.15833 16.18333 16.235 16.21739 16.20417 16.15833 16.16333 16.12273 16.0375 15.98095 15.95217 15.98 16.0875 16.06667 16.045 16.05238 16.03448 16 16.08 16.095 16.13182 16.1125 16.08333 16.06333 16.07083 16.06087 16.08636 16.09048 16.05667 16.05 16.03793 16.01905 16.01 15.96296 15.91667 15.9 15.85 15.845 15.768 15.77143 15.79667 15.77083 15.78889 15.79583 15.815 15.844 15.875 15.92143 15.98462 16.05217 16.072 16.075 16.14074 16.18 16.20833 16.20333 16.265 16.332 16.35 16.348 16.37931 16.41667 16.40357 16.37 16.36818 16.376
16.24583 16.24 16.34 16.28333 16.31071 16.27917 16.27857 16.22 16.16087 16.21539 16.18333 16.08333 16.05714 16.0625 16.14091 16.10833 16.06667 16 15.936 15.97 16.0087 15.98621 15.9625 16.03448 16.07 16.03182 16.05 16.10417 16.11667 16.14348 16.12609 16.08636 16.0913 16.06 16.05417 15.99643 15.98 15.965 15.93214 15.89167 15.86333 15.84783 15.85714 15.84167 15.85238 15.90667 15.92083 15.92593 15.95217 15.97 16.00769 16.02083 16.0931 16.156 16.20909 16.212 16.255 16.27143 16.29583 16.284 16.3069 16.355 16.392 16.425 16.46154 16.40714 16.45 16.40357
16.29565 16.3 16.37931 16.37273 16.34 16.3 16.31923 16.30714 16.24583 16.21923 16.22 16.17917 16.08148 16.13333 16.0931 16.04 15.9875 15.95 15.94583 15.96667 15.99545 15.988 16 15.95833 15.97241 16.12917 16.13333 16.125 16.13913 16.15769 16.17917 16.18333 16.2 16.2 16.10476 16.10417 16.06667 16.02083 15.98519 15.96 15.9619 15.95714 15.9375 15.94667 15.98696 16.01818 16.01739 16.02727 16.05333 16.04583 16.06296 16.08636 16.11 16.15385 16.225 16.26667 16.32083 16.32727 16.344 16.37 16.29286 16.4 16.40769 16.4 16.41 16.476 16.42 16.43704
16.38889 16.37 16.404 16.352 16.364 16.34828 16.355 16.344 16.32273 16.27308 16.275 16.18261 16.124 16.11 16.08148 16.08077 16.00833 15.99259 15.99 15.976 15.956 15.972 15.96207 15.98571 15.992 16.11905 16.11923 16.13214 16.15 16.16154 16.155 16.1875 16.17037 16.17083 16.14333 16.14 16.136 16.12381 16.09583 16.08667 16.07917 16.06923 16.065 16.08182 16.08214 16.14583 16.13667 16.14091 16.13478 16.15909 16.19131 16.18 16.2 16.23929 16.25238 16.255 16.3 16.36667 16.38667 16.39583 16.35217 16.35417 16.415 16.42759 16.47917 16.48148 16.44074 16.5
16.45714 16.49615 16.49167 16.424 16.41 16.42222 16.416 16.384 16.36296 16.33 16.26 16.225 16.18518 16.12963 16.08095 16.036 16.02381 15.96429 15.93846 15.95 15.944 15.975 15.98519 15.96667 15.984 16.08571 16.095 16.116 16.14091 16.18889 16.2037 16.25217 16.24 16.22 16.27308 16.27692 16.225 16.25517 16.23 16.224 16.2 16.228 16.22069 16.24167 16.264 16.255 16.27391 16.2963 16.3 16.28667 16.28095 16.25833 16.29048 16.27391 16.32 16.30833 16.36207 16.335 16.41429 16.43077 16.41667 16.43667 16.3875 16.42609 16.41304 16.41 16.43929 16.45833
16.49 16.516 16.53913 16.55357 16.50385 16.46364 16.48 16.475 16.42333 16.34167 16.26538 16.225 16.19 16.11481 16.04167 15.99259 15.97308 15.965 15.92 15.90435 15.94483 15.988 15.97826 15.984 16.025 16.07586 16.075 16.13461 16.14231 16.18 16.244 16.25417 16.23571 16.29231 16.27727 16.34 16.335 16.32857 16.364 16.356 16.36667 16.345 16.336 16.34348 16.38846 16.40714 16.3875 16.392 16.39 16.38 16.40385 16.42083 16.37667 16.37619 16.376 16.385 16.4 16.40345 16.41667 16.425 16.42 16.43182 16.444 16.49583 16.45 16.4125 16.41923 16.40476
16.54583 16.55926 16.5875 16.59 16.57692 16.575 16.55172 16.508 16.46 16.428 16.29545 16.21667 16.13333 16.09583 16.01667 15.985 15.92069 15.87917 15.89643 15.9 15.925 15.948 15.95417 15.96207 16.048 16.04286 16.056 16.085 16.12333 16.1625 16.23704 16.24348 16.3 16.31538 16.31667 16.33214 16.38846 16.42381 16.432 16.445 16.44 16.475 16.42692 16.464 16.43 16.484 16.46956 16.47407 16.50741 16.46956 16.48 16.455 16.45385 16.5 16.48333 16.47667 16.48 16.472 16.465 16.45769 16.46071 16.5 16.52857 16.54 16.55833 16.4913 16.4625 16.44667
16.5625 16.62381 16.63 16.625 16.65185 16.64091 16.615 16.575 16.5375 16.45517 16.31739 16.21 16.12 16.025 15.95 15.86667 15.85652 15.79565 15.76667 15.77333 15.87917 15.9 15.88571 15.915 15.98148 16.01667 16.07 16.1125 16.14762 16.175 16.23182 16.26 16.32083 16.34074 16.42273 16.425 16.46667 16.47083 16.5 16.528 16.545 16.536 16.56667 16.61333 16.5875 16.55185 16.58333 16.57 16.584 16.57083 16.52857 16.56154 16.54783 16.584 16.555 16.48929 16.49583 16.53461 16.50357 16.51 16.524 16.495 16.51852 16.52593 16.525 16.53214 16.475 16.516
16.63 16.66087 16.68571 16.69167 16.67391 16.7 16.69167 16.676 16.63636 16.545 16.41333 16.22083 16.08333 15.945 15.85238 15.77308 15.725 15.72 15.7 15.74348 15.82273 15.83636 15.88 15.90833 15.91111 15.94762 16.02 16.07143 16.10417 16.19333 16.25 16.28182 16.32609 16.38696 16.46667 16.5125 16.54815 16.57619 16.595 16.60357 16.6125 16.59667 16.6087 16.63333 16.69167 16.67273 16.61 16.59167 16.63214 16.65909 16.63 16.66154 16.63333 16.62 16.59167 16.58636 16.592 16.57 16.58214 16.58333 16.60741 16.57778 16.54 16.584 16.55 16.51035 16.524 16.50833
16.665 16.70345 16.725 16.74333 16.74762 16.75 16.7625 16.77917 16.74667 16.6625 16.55 16.31429 16.07727 15.91 15.76667 15.70714 15.68 15.67727 15.68148 15.725 15.73667 15.79545 15.85 15.87619 15.925 15.95 16.00833 16.02963 16.14 16.2 16.22759 16.30417 16.41333 16.41905 16.45217 16.50909 16.55417 16.59333 16.6 16.6 16.63 16.62381 16.67143 16.6875 16.70333 16.68636 16.71818 16.70435 16.68182 16.69333 16.70417 16.71428 16.70476 16.665 16.63846 16.65 16.63 16.60833 16.62917 16.62174 16.645 16.63214 16.60417 16.59655 16.576 16.535 16.548 16.515
16.675 16.69615 16.77 16.80455 16.83448 16.86667 16.88621 16.935 16.90435 16.804 16.70417 16.47667 16.08636 15.8 15.64 15.612 15.59655 15.62917 15.64615 15.71 15.72083 15.77037 15.8125 15.9 15.925 15.9625 16 16.04583 16.10667 16.2125 16.264 16.35 16.4 16.45357 16.4875 16.53667 16.53 16.5875 16.64091 16.65 16.64333 16.675 16.68077 16.715 16.71818 16.73214 16.7375 16.71 16.71364 16.7 16.71428 16.73478 16.71 16.7 16.71724 16.71 16.69524 16.648 16.67083 16.65 16.65833 16.616 16.61364 16.595 16.57143 16.54583 16.56 16.55
16.67917 16.7125 16.74 16.79565 16.856 16.905 16.944 16.96071 16.97083 16.94815 16.865 16.63478 16.18889 15.77917 15.60667 15.56 15.552 15.59091 15.59231 15.60714 15.64348 15.704 15.76 15.86539 15.94231 16.01667 16.06552 16.075 16.16 16.22174 16.284 16.32414 16.39565 16.44 16.495 16.536 16.58519 16.61667 16.61379 16.62 16.652 16.69091 16.696 16.7069 16.71667 16.716 16.745 16.72174 16.71482 16.72917 16.73 16.74286 16.704 16.715 16.69583 16.65517 16.66667 16.68966 16.65 16.62174 16.6625 16.61667 16.57 16.5875 16.55185 16.565 16.48 16.56786
16.7 16.73 16.77917 16.824 16.86667 16.89667 16.91429 16.996 17.01429 17.06154 16.99643 16.84167 16.336 15.835 15.57692 15.54231 15.54167 15.56429 15.605 15.604 15.67083 15.74231 15.81071 15.86364 15.94 16.01 16.05517 16.148 16.212 16.3 16.345 16.368 16.40833 16.44444 16.51111 16.54091 16.584 16.575 16.61429 16.64 16.65 16.68571 16.685 16.724 16.75652 16.72222 16.73333 16.7375 16.732 16.695 16.70385 16.712 16.70833 16.67667 16.7 16.692 16.63 16.66154 16.66429 16.6375 16.61429 16.615 16.56 16.54545 16.52083 16.48667 16.4375 16.49259
16.68148 16.7037 16.72917 16.83077 16.895 16.96154 16.972 17.004 17.03214 17.055 17.032 16.9 16.47037 15.98148 15.69091 15.588 15.555 15.57931 15.608 15.664 15.712 15.74 15.81923 15.8625 15.92857 16.01154 16.07 16.144 16.20952 16.27 16.35 16.41538 16.47083 16.52 16.46923 16.51667 16.575 16.58077 16.56667 16.608 16.615 16.62667 16.64167 16.68077 16.7 16.735 16.744 16.74583 16.75714 16.75 16.74348 16.736 16.755 16.72963 16.70417 16.66538 16.64286 16.64 16.632 16.61 16.59643 16.54231 16.55 16.51071 16.48 16.424 16.43636 16.44231
16.67 16.708 16.75 16.80357 16.86923 16.91739 16.924 16.935 17 17.02917 16.98846 16.836 16.55 16.12308 15.85417 15.68571 15.63461 15.655 15.688 15.67273 15.71333 15.75417 15.792 15.88333 15.94 15.98929 16.03333 16.09655 16.20417 16.245 16.304 16.41818 16.44667 16.47083 16.53461 16.56087 16.565 16.52593 16.575 16.58965 16.62 16.65 16.62 16.66191 16.68667 16.70833 16.7037 16.7087 16.725 16.712 16.7 16.68333 16.69167 16.69565 16.716 16.635 16.60714 16.6125 16.6 16.59231 16.56 16.516 16.49 16.48667 16.44167 16.44 16.4037 16.44
16.59167 16.66538 16.69231 16.72 16.76 16.7875 16.83214 16.88846 16.9 16.916 16.87143 16.68333 16.45833 16.18077 15.93913 15.81 15.73929 15.7125 15.72759 15.73913 15.745 15.788 15.83043 15.85333 15.95 16 16.06818 16.13 16.16207 16.22917 16.31667 16.35 16.40952 16.475 16.55652 16.54 16.55417 16.63077 16.56364 16.61 16.61786 16.65 16.64667 16.64348 16.63333 16.64583 16.69091 16.66 16.66667 16.67931 16.68095 16.67 16.64231 16.62917 16.62667 16.62083 16.5875 16.54783 16.53 16.52143 16.53333 16.47931 16.468 16.48 16.432 16.41 16.42667 16.42083
16.58 16.585 16.61333 16.65417 16.68148 16.69565 16.695 16.79259 16.79583 16.73793 16.67083 16.55238 16.30417 16.05652 15.88 15.775 15.732 15.71818 15.725 15.72667 15.76667 15.79 15.83333 15.87727 15.93333 15.98333 16.07333 16.14167 16.152 16.20476 16.3 16.39333 16.39583 16.43 16.45714 16.5 16.56087 16.56667 16.60667 16.61667 16.61852 16.62 16.64762 16.675 16.66667 16.66 16.67727 16.64783 16.63636 16.64091 16.61333 16.62083 16.63448 16.615 16.57619 16.548 16.54167 16.5 16.4625 16.47692 16.48571 16.48 16.40714 16.44167 16.48333 16.425 16.42273 16.40435
