DATA/PredictorVariables/Current/ic.asc
ncols         590
nrows         274
xllcorner     -7.522276026
yllcorner     35.996888128
cellsize      0.01
NODATA_value  -9999
[rows 180 to 209 of 274, columns 476 to 543 of 590]
15.915 15.992 16.01429 15.95 15.94167 15.9125 15.95667 15.90833 15.89333 15.83333 15.77667 15.70833 15.66667 15.64583 15.61667 15.47083 15.37917 15.29 15.10833 14.96 14.7875 14.68333 14.55 14.38 14.2625 14.16296 14.09259 14.01667 13.98667 13.925 13.89333 14.1 13.992 14.055 14.076 14.125 14.15 14.188 14.24 14.276 14.305 14.364 14.385 14.416 14.36 14.388 14.37143 14.37083 14.33 14.33333 14.29333 14.26667 14.27 14.30417 14.34333 14.32917 14.31667 14.28333 14.30833 14.30333 14.35417 14.37586 14.3 14.316 14.29 14.264 14.215 14.20417
15.9625 16.00333 16.01667 16.00333 15.99583 15.95417 15.96333 15.9375 15.92667 15.86364 15.792 15.745 15.732 15.695 15.636 15.545 15.415 15.288 15.125 14.984 14.815 14.624 14.465 14.296 14.155 14.024 13.925 13.835 13.764 13.71 13.70455 -9999 13.8 13.78333 13.81333 13.8625 13.9069 13.956 13.99167 14.04667 14.12083 14.17667 14.20833 14.22667 14.27083 14.23 14.2625 14.2963 14.30741 14.24783 14.228 14.215 14.276 14.275 14.308 14.265 14.244 14.27 14.28571 14.35833 14.34 14.27308 14.2625 14.35 14.22083 14.19 14.22917 14.26333
15.965 16.036 15.98 15.956 15.985 15.975 15.956 15.945 15.932 15.88182 15.85333 15.77917 15.71 15.67917 15.6 15.52083 15.41667 15.31667 15.14167 15.01667 14.8375 14.59667 14.35833 14.17 14.075 13.98333 13.84583 13.67917 13.6 13.50833 13.48 13.41111 13.51111 13.51667 13.50345 13.565 13.636 13.675 13.755 13.868 13.915 13.964 14.04 14.084 14.11 14.132 14.18 14.192 14.205 14.18095 14.21333 14.24167 14.24667 14.22917 14.23 14.1875 14.21 14.28333 14.37667 14.275 14.2 14.2 14.25833 14.25667 14.175 14.232 14.245 14.244
16 16.00667 15.95417 15.92 15.925 15.872 15.91379 15.87917 15.85667 15.84167 15.81333 15.74583 15.68 15.57083 15.58621 15.485 15.35714 15.2875 15.115 14.992 14.765 14.508 14.265 14.068 13.935 13.776 13.7 13.56667 13.43333 13.38 13.272 13.27368 13.3 13.35 13.35385 13.375 13.46 13.52083 13.56538 13.64286 13.69583 13.76 13.85833 13.93667 13.96667 14 14.0625 14.06667 14.1 14.14231 14.17857 14.17083 14.13704 14.165 14.156 14.185 14.256 14.28 14.236 14.23 14.25 14.26087 14.26 14.176 14.225 14.26333 14.26667 14.25667
16.015 15.992 15.915 15.892 15.92 15.824 15.815 15.805 15.788 15.76 15.712 15.705 15.632 15.505 15.49231 15.49583 15.4 15.28333 15.16667 14.96333 14.75 14.43667 14.15 13.93667 13.77083 13.60333 13.45833 13.34667 13.275 13.22083 13.16667 13.08333 13.1 13.21667 13.19 13.2 13.23 13.2875 13.41154 13.47 13.51 13.592 13.72 13.776 13.85 13.88 13.95 14 14.075 14.088 14.09 14.13 14.09286 14.1375 14.14333 14.15 14.17333 14.2 14.22667 14.2625 14.26667 14.22917 14.20833 14.24 14.25417 14.26333 14.24091 14.24
15.99167 15.88333 15.7875 15.78333 15.79583 15.68333 15.7 15.725 15.63667 15.64583 15.65667 15.63333 15.54333 15.47917 15.44 15.38333 15.27 15.19583 15.14167 14.94138 14.63 14.316 14.03 13.772 13.57 13.412 13.34 13.236 13.155 13.085 13.008 12.96 12.964 13 13.02727 13.065 13.128 13.145 13.24138 13.30833 13.32083 13.43 13.5375 13.63667 13.69583 13.76333 13.82083 13.89333 13.97083 14.01 14.05 14.06923 14.03929 14.05 14.09655 14.185 14.195 14.2 14.22381 14.25 14.232 14.255 14.26957 14.24091 14.21 14.164 14.14545 14.16667
15.95 15.908 15.87 15.704 15.645 15.564 15.62 15.645 15.556 15.555 15.552 15.475 15.412 15.43 15.376 15.245 15.196 15.06 14.96 14.80769 14.57917 14.24333 13.90833 13.66667 13.46667 13.25667 13.1625 13.05 12.98333 12.93077 12.92857 12.89583 12.84333 12.84615 12.91333 12.93333 12.94667 12.97917 13.05 13.10833 13.15862 13.29091 13.425 13.524 13.58 13.656 13.74 13.812 13.87 13.936 13.965 13.996 13.99 14.065 14.15769 14.16667 14.17143 14.15652 14.20667 14.25833 14.26667 14.20417 14.19333 14.1875 14.18333 14.13667 14.15833 14.18667
15.89167 15.93 15.85 15.72333 15.62083 15.55 15.57083 15.50833 15.48 15.49167 15.48333 15.41667 15.37333 15.2875 15.28333 15.1875 15.11667 15.025 14.85926 14.63704 14.38333 14.09333 13.775 13.52667 13.32857 13.14 13.01 12.916 12.855 12.84 12.815 12.84 12.82 12.8 12.81 12.805 12.896 12.925 12.988 13.035 13.044 13.16522 13.27083 13.36667 13.42917 13.5 13.6125 13.73 13.79167 13.85667 13.85417 13.89333 13.90833 13.96538 14.03929 14.0625 14.13 14.13182 14.2 14.23 14.204 14.165 14.188 14.13 14.132 14.15 14.135 14.168
15.81 15.792 15.77 15.688 15.635 15.52 15.455 15.46667 15.40833 15.415 15.428 15.4 15.332 15.29 15.136 15.085 15.04 14.915 14.72 14.46 14.2 13.952 13.625 13.364 13.16957 13.00333 12.92083 12.83667 12.77917 12.72333 12.70833 12.70417 12.72667 12.8 12.78333 12.80833 12.82333 12.81667 12.85 12.91 12.95714 13.08333 13.175 13.27692 13.36818 13.416 13.555 13.64 13.72 13.776 13.745 13.808 13.905 13.924 13.97 14.00909 14.072 14.09545 14.12667 14.175 14.17667 14.15833 14.15667 14.1 14.09 14.14167 14.15769 14.16429
15.62083 15.62667 15.68333 15.62333 15.54167 15.47667 15.40417 15.4 15.37917 15.38333 15.38 15.325 15.21667 15.23333 15.06667 14.94583 14.83 14.75417 14.54667 14.25833 14.025 13.72667 13.44583 13.19333 13.00833 12.9 12.79167 12.74333 12.685 12.652 12.625 12.68182 12.76923 -9999 12.74 12.75556 12.73636 12.8 12.8 -9999 12.84 12.97273 13.055 13.15556 13.21364 13.27 13.4 13.52 13.59583 13.63333 13.67083 13.76 13.7875 13.85 13.92083 13.95455 13.99444 14.05417 14.11333 14.1375 14.2 14.19 14.116 14.105 14.12 14.145 14.14 14.17
15.47083 15.51667 15.55 15.51786 15.455 15.372 15.37 15.328 15.31 15.295 15.256 15.17 15.12 15.08 15.008 14.88 14.732 14.525 14.348 14.135 13.86191 13.5625 13.28 13.072 12.905 12.8 12.75625 12.73333 12.7 12.675 12.65 12.66667 -9999 -9999 -9999 -9999 -9999 -9999 -9999 -9999 -9999 -9999 -9999 -9999 13.175 13.19375 13.28696 13.39231 13.49 13.584 13.665 13.684 13.74 13.79524 13.86 13.925 14 14.015 14.068 14.125 14.19667 14.15833 14.06 14.09167 14.12667 14.13333 14.11333 14.15
15.36 15.376 15.385 15.37407 15.3375 15.29 15.25833 15.25 15.225 15.14167 15.12 15.08333 15.02333 14.95 14.88 14.77917 14.58667 14.39583 14.15 13.93044 13.7 13.47692 13.21818 12.97143 12.9 -9999 -9999 -9999 -9999 -9999 -9999 -9999 -9999 -9999 -9999 -9999 -9999 -9999 -9999 -9999 -9999 -9999 -9999 -9999 -9999 -9999 13.4 13.4 13.45417 13.55 13.59583 13.63448 13.7 13.77143 13.85 13.87241 13.92083 13.98929 14.03846 14.09583 14.10667 14.125 14.07692 14.1 14.128 14.12 14.068 14.1
15.1875 15.22333 15.25833 15.24667 15.225 15.21333 15.17083 15.14333 15.12917 15.02083 15.01154 14.96 14.876 14.795 14.716 14.56 14.476 14.285 14.024 13.8 -9999 -9999 -9999 -9999 -9999 -9999 -9999 -9999 -9999 -9999 -9999 -9999 -9999 -9999 -9999 -9999 -9999 -9999 -9999 -9999 -9999 -9999 -9999 -9999 -9999 -9999 -9999 -9999 13.46667 13.51071 13.595 13.62 13.7 13.724 13.725 13.816 13.91 13.992 13.99 14.075 14.072 14.03 14.03103 14.05833 14.11667 14.12083 14.02667 13.9875
15.12 15.14 15.115 15.128 15.125 15.108 15.115 15.048 15 14.972 14.90833 14.88333 14.85667 14.7375 14.56667 14.47083 14.35333 14.17083 13.97692 -9999 -9999 -9999 -9999 -9999 -9999 -9999 -9999 -9999 -9999 -9999 -9999 -9999 -9999 -9999 -9999 -9999 -9999 -9999 -9999 -9999 -9999 -9999 -9999 -9999 -9999 -9999 -9999 -9999 -9999 13.5 13.525 13.58 13.60417 13.69 13.725 13.78 13.825 13.89333 13.94583 13.99 14.04583 14.05417 14.03333 14.00417 14.01852 14.015 14.008 14.01
14.99167 15.01333 15.00833 15.07667 15.0375 15.01333 15.0125 14.97667 14.92917 14.89 14.84583 14.81667 14.71667 14.60833 14.49333 14.35217 14.224 14.16667 -9999 -9999 -9999 -9999 -9999 -9999 -9999 -9999 -9999 -9999 -9999 -9999 -9999 -9999 -9999 -9999 -9999 -9999 -9999 -9999 -9999 -9999 -9999 -9999 -9999 -9999 -9999 -9999 -9999 -9999 -9999 -9999 13.5 13.524 13.57273 13.628 13.7 13.736 13.775 13.824 13.945 13.992 14.035 14.01364 14.01739 14.02 13.98214 13.99167 14.01667 14.00833
14.92 14.956 14.975 15.036 15.04 14.972 14.945 14.892 14.85 14.836 14.785 14.69 14.64 14.505 14.38 14.3 14.16364 -9999 -9999 -9999 -9999 -9999 -9999 -9999 -9999 -9999 -9999 -9999 -9999 -9999 -9999 -9999 -9999 -9999 -9999 -9999 -9999 -9999 -9999 -9999 -9999 -9999 -9999 -9999 -9999 -9999 -9999 -9999 -9999 -9999 -9999 13.5 13.5 13.6 13.6375 13.69667 13.725 13.84667 13.92083 13.99333 14.00417 14.04667 13.9875 14.0125 13.93333 13.9625 13.95517 14.05
14.90833 14.94333 14.94167 14.92667 14.91667 14.91667 14.91667 14.88333 14.84583 14.77 14.66667 14.6375 14.52667 14.37917 14.30357 -9999 -9999 -9999 -9999 -9999 -9999 -9999 -9999 -9999 -9999 -9999 -9999 -9999 -9999 -9999 -9999 -9999 -9999 -9999 -9999 -9999 -9999 -9999 -9999 -9999 -9999 -9999 -9999 -9999 -9999 -9999 -9999 -9999 -9999 -9999 -9999 -9999 13.5 13.5 13.6 13.66538 13.68 13.844 13.94 13.98 13.975 14.024 13.995 13.948 13.885 13.905 13.92308 13.97083
14.895 14.844 14.84 14.864 14.865 14.844 14.82 14.78 14.665 14.6 14.56 14.488 14.435 14.38 14.2875 14.175 -9999 -9999 -9999 -9999 -9999 -9999 -9999 -9999 -9999 -9999 -9999 -9999 -9999 -9999 -9999 -9999 -9999 -9999 -9999 -9999 -9999 -9999 -9999 -9999 -9999 -9999 -9999 -9999 -9999 -9999 -9999 -9999 -9999 -9999 -9999 -9999 -9999 -9999 13.6 13.66667 13.775 13.86333 13.9125 13.93667 13.98333 13.97 13.88333 13.87667 13.8875 13.85 13.86 13.85
14.67917 14.74667 14.72917 14.76333 14.74167 14.73667 14.75 14.71 14.55833 14.50667 14.45833 14.44667 14.4 14.3125 14.18667 14.10769 -9999 -9999 -9999 -9999 -9999 -9999 -9999 -9999 -9999 -9999 -9999 -9999 -9999 -9999 -9999 -9999 -9999 -9999 -9999 -9999 -9999 -9999 -9999 -9999 -9999 -9999 -9999 -9999 -9999 -9999 -9999 -9999 -9999 -9999 -9999 -9999 -9999 -9999 13.6 13.65 13.7 13.85172 13.88 13.936 13.915 13.884 13.825 13.84 13.83846 13.84 -9999 -9999
14.61 14.636 14.695 14.7 14.695 14.652 14.605 14.608 14.565 14.52 14.47 14.396 14.335 14.215 14.136 14.05 -9999 -9999 -9999 -9999 -9999 -9999 -9999 -9999 -9999 -9999 -9999 -9999 -9999 -9999 -9999 -9999 -9999 -9999 -9999 -9999 -9999 -9999 -9999 -9999 -9999 -9999 -9999 -9999 -9999 -9999 -9999 -9999 -9999 -9999 -9999 -9999 -9999 -9999 -9999 13.60833 13.685 13.77308 13.8625 13.83667 13.78333 13.78333 13.85238 13.82609 -9999 -9999 -9999 -9999
14.6 14.62333 14.64583 14.61667 14.6 14.6 14.6 14.6 14.54583 14.49667 14.39583 14.32632 14.3 14.172 14.07333 -9999 -9999 -9999 -9999 -9999 -9999 -9999 -9999 -9999 -9999 -9999 -9999 -9999 -9999 -9999 -9999 -9999 -9999 -9999 -9999 -9999 -9999 -9999 -9999 -9999 -9999 -9999 -9999 -9999 -9999 -9999 -9999 -9999 -9999 -9999 -9999 -9999 -9999 -9999 -9999 -9999 13.72857 13.72 13.75 13.78276 13.74615 -9999 -9999 -9999 -9999 -9999 -9999 -9999
14.55833 14.54667 14.59583 14.6 14.6 14.596 14.555 14.492 14.46 14.404 14.35455 -9999 14.17778 14.10833 -9999 -9999 -9999 -9999 -9999 -9999 -9999 -9999 -9999 -9999 -9999 -9999 -9999 -9999 -9999 -9999 -9999 -9999 -9999 -9999 -9999 -9999 -9999 -9999 -9999 -9999 -9999 -9999 -9999 -9999 -9999 -9999 -9999 -9999 -9999 -9999 -9999 -9999 -9999 -9999 -9999 -9999 -9999 13.65 13.7 13.7 -9999 -9999 -9999 -9999 -9999 -9999 -9999 -9999
14.49 14.5 14.51 14.556 14.51818 14.5 14.45417 14.39667 14.32174 14.3 14.3 14.2 14.16364 -9999 -9999 -9999 -9999 -9999 -9999 -9999 -9999 -9999 -9999 -9999 -9999 -9999 -9999 -9999 -9999 -9999 -9999 -9999 -9999 -9999 -9999 -9999 -9999 -9999 -9999 -9999 -9999 -9999 -9999 -9999 -9999 -9999 -9999 -9999 -9999 -9999 -9999 -9999 -9999 -9999 -9999 -9999 -9999 -9999 -9999 -9999 -9999 -9999 -9999 -9999 -9999 -9999 -9999 -9999
14.5 14.48333 14.4375 14.39333 14.37083 14.33667 14.35 14.37778 -9999 -9999 -9999 14.2 -9999 -9999 -9999 -9999 -9999 -9999 -9999 -9999 -9999 -9999 -9999 -9999 -9999 -9999 -9999 -9999 -9999 -9999 -9999 -9999 -9999 -9999 -9999 -9999 -9999 -9999 -9999 -9999 -9999 -9999 -9999 -9999 -9999 -9999 -9999 -9999 -9999 -9999 -9999 -9999 -9999 -9999 -9999 -9999 -9999 -9999 -9999 -9999 -9999 -9999 -9999 -9999 -9999 -9999 -9999 -9999
14.4 14.39 14.395 14.396 14.38 14.352 14.31053 14.3 -9999 -9999 -9999 -9999 -9999 -9999 -9999 -9999 -9999 -9999 -9999 -9999 -9999 -9999 -9999 -9999 -9999 -9999 -9999 -9999 -9999 -9999 -9999 -9999 -9999 -9999 -9999 -9999 -9999 -9999 -9999 -9999 -9999 -9999 -9999 -9999 -9999 -9999 -9999 -9999 -9999 -9999 -9999 -9999 -9999 -9999 -9999 -9999 -9999 -9999 -9999 -9999 -9999 -9999 -9999 -9999 -9999 -9999 -9999 -9999
14.36429 14.37143 14.4 14.3 14.3 14.3 -9999 -9999 -9999 -9999 -9999 -9999 -9999 -9999 -9999 -9999 -9999 -9999 -9999 -9999 -9999 -9999 -9999 -9999 -9999 -9999 -9999 -9999 -9999 -9999 -9999 -9999 -9999 -9999 -9999 -9999 -9999 -9999 -9999 -9999 -9999 -9999 -9999 -9999 -9999 -9999 -9999 -9999 -9999 -9999 -9999 -9999 -9999 -9999 -9999 -9999 -9999 -9999 -9999 -9999 -9999 -9999 -9999 -9999 -9999 -9999 -9999 -9999
-9999 -9999 -9999 -9999 -9999 -9999 -9999 -9999 -9999 -9999 -9999 -9999 -9999 -9999 -9999 -9999 -9999 -9999 -9999 -9999 -9999 -9999 -9999 -9999 -9999 -9999 -9999 -9999 -9999 -9999 -9999 -9999 -9999 -9999 -9999 -9999 -9999 -9999 -9999 -9999 -9999 -9999 -9999 -9999 -9999 -9999 -9999 -9999 -9999 -9999 -9999 -9999 -9999 -9999 -9999 -9999 -9999 -9999 -9999 -9999 -9999 -9999 -9999 -9999 -9999 -9999 -9999 -9999
-9999 -9999 -9999 -9999 -9999 -9999 -9999 -9999 -9999 -9999 -9999 -9999 -9999 -9999 -9999 -9999 -9999 -9999 -9999 -9999 -9999 -9999 -9999 -9999 -9999 -9999 -9999 -9999 -9999 -9999 -9999 -9999 -9999 -9999 -9999 -9999 -9999 -9999 -9999 -9999 -9999 -9999 -9999 -9999 -9999 -9999 -9999 -9999 -9999 -9999 -9999 -9999 -9999 -9999 -9999 -9999 -9999 -9999 -9999 -9999 -9999 -9999 -9999 -9999 -9999 -9999 -9999 -9999
-9999 -9999 -9999 -9999 -9999 -9999 -9999 -9999 -9999 -9999 -9999 -9999 -9999 -9999 -9999 -9999 -9999 -9999 -9999 -9999 -9999 -9999 -9999 -9999 -9999 -9999 -9999 -9999 -9999 -9999 -9999 -9999 -9999 -9999 -9999 -9999 -9999 -9999 -9999 -9999 -9999 -9999 -9999 -9999 -9999 -9999 -9999 -9999 -9999 -9999 -9999 -9999 -9999 -9999 -9999 -9999 -9999 -9999 -9999 -9999 -9999 -9999 -9999 -9999 -9999 -9999 -9999 -9999
-9999 -9999 -9999 -9999 -9999 -9999 -9999 -9999 -9999 -9999 -9999 -9999 -9999 -9999 -9999 -9999 -9999 -9999 -9999 -9999 -9999 -9999 -9999 -9999 -9999 -9999 -9999 -9999 -9999 -9999 -9999 -9999 -9999 -9999 -9999 -9999 -9999 -9999 -9999 -9999 -9999 -9999 -9999 -9999 -9999 -9999 -9999 -9999 -9999 -9999 -9999 -9999 -9999 -9999 -9999 -9999 -9999 -9999 -9999 -9999 -9999 -9999 -9999 -9999 -9999 -9999 -9999 -9999
