DATA/PredictorVariables/Current/ic.asc
ncols         590
nrows         274
xllcorner     -7.522276026
yllcorner     35.996888128
cellsize      0.01
NODATA_value  -9999
[rows 120 to 149 of 274, columns 136 to 203 of 590]
16.44583 16.49167 16.50476 16.515 16.51035 16.52917 16.55333 16.50435 16.52727 16.53913 16.6 16.6 16.6 16.6 16.59565 16.54 16.54 16.535 16.57667 16.5625 16.59286 16.6 16.6 16.6 16.6 16.6 16.6 16.6 16.6 16.6 16.64 16.695 16.7 16.7 16.7 16.7 16.7 16.724 16.8 16.8 16.79259 16.74167 16.70333 16.7 16.7037 16.74 16.89 16.892 16.79583 16.8 16.86667 16.72222 16.828 16.805 16.824 16.83 17 17.10833 17.092 17.12069 17.06087 17.064 17.09 17.0875 17.09167 17.1 17.09667 17.16667
16.54 16.53333 16.56 16.575 16.56538 16.5 16.55909 16.51852 16.51667 16.54333 16.57917 16.6 16.6 16.6 16.56552 16.5125 16.55333 16.55417 16.55 16.5913 16.595 16.6 16.6 16.6 16.6 16.6 16.6 16.6 16.6037 16.62917 16.62857 16.68846 16.7 16.68 16.69 16.676 16.69583 16.75385 16.8 16.7875 16.73077 16.7 16.7 16.7 16.66667 16.73 16.8 16.79333 16.735 16.73478 16.75455 16.70952 16.75667 16.70417 16.81 16.83333 16.87619 17.044 17.075 17.12308 17.125 17.11034 17.1 17.06667 17.06667 17.09 17.092 17.095
16.5037 16.5 16.5 16.50435 16.5 16.51379 16.55417 16.51923 16.505 16.5 16.52917 16.56667 16.59 16.6 16.6 16.575 16.57273 16.54231 16.59583 16.6 16.6 16.6 16.6 16.6 16.6 16.6 16.6 16.6 16.60385 16.6 16.61 16.68846 16.66667 16.60333 16.6125 16.65385 16.6875 16.735 16.744 16.72727 16.7 16.7 16.7 16.6931 16.69 16.76 16.785 16.73077 16.7 16.69167 16.67333 16.68696 16.748 16.73 16.80476 16.88148 16.8375 16.92 17.0625 17.10714 17.11905 17.075 17.032 17.08182 17.01 17.0125 17.04074 17.0963
16.48276 16.48 16.496 16.49231 16.5 16.496 16.50455 16.5 16.50769 16.50833 16.51852 16.505 16.516 16.54783 16.53846 16.5 16.55 16.5963 16.6 16.6 16.6 16.6 16.6 16.6 16.6 16.6 16.6 16.6 16.6 16.6 16.6125 16.66552 16.685 16.65714 16.60417 16.63913 16.66 16.7 16.71667 16.71364 16.7 16.7 16.695 16.68333 16.65833 16.675 16.76923 16.71905 16.696 16.625 16.68846 16.6875 16.704 16.7 16.80833 16.80741 16.85 16.94 17.015 17.0375 17.05667 17.05417 16.98 17.06364 17.02174 17 17 17.02857
16.44 16.416 16.41905 16.40667 16.41667 16.47407 16.476 16.45 16.468 16.47727 16.47333 16.47083 16.43462 16.44 16.415 16.42 16.50909 16.5931 16.6 16.6 16.6 16.6 16.6 16.6 16.6 16.6 16.6 16.6 16.6 16.6 16.605 16.60833 16.68621 16.63333 16.61 16.6 16.656 16.69 16.7 16.7 16.675 16.65 16.60833 16.58696 16.59546 16.63 16.69259 16.68333 16.63667 16.66667 16.656 16.66667 16.685 16.724 16.74545 16.87586 16.976 16.99583 17.01333 17.075 17.004 17.035 16.95833 16.98519 17.00417 17.00333 17 17
16.35417 16.33 16.35652 16.3619 16.38333 16.40476 16.40667 16.40833 16.44 16.45 16.43 16.42 16.4 16.40333 16.4 16.41072 16.46667 16.535 16.6 16.6 16.6 16.6 16.6 16.6 16.6 16.6 16.6 16.6 16.6 16.6 16.6 16.6 16.64 16.6 16.61923 16.604 16.60833 16.67 16.70435 16.7 16.695 16.63478 16.60769 16.5875 16.60667 16.6375 16.60714 16.6 16.65238 16.63333 16.64167 16.60333 16.6125 16.69 16.78182 16.9 16.992 16.94 16.93103 17.00417 17.04286 17.02308 17.03044 17.004 17.005 17.012 17.04091 17.03846
16.17 16.17619 16.16429 16.1875 16.21 16.23913 16.25417 16.31905 16.375 16.39667 16.39167 16.38667 16.39565 16.4 16.4 16.4 16.42333 16.5 16.57333 16.58696 16.6 16.6 16.6 16.5931 16.59167 16.6 16.6 16.6 16.6 16.6 16.6 16.6 16.61429 16.6 16.6 16.628 16.65 16.688 16.70417 16.7 16.64815 16.60417 16.6 16.575 16.624 16.6 16.596 16.63448 16.61667 16.60333 16.555 16.504 16.55 16.64762 16.83667 16.9125 16.94667 16.9 16.90417 16.96818 17.005 17.072 17.025 17.02333 17.07083 17.08148 17.056 17.125
16.09 16.1125 16.10769 16.13 16.11304 16.10385 16.14583 16.18333 16.26667 16.28 16.315 16.35909 16.3963 16.4 16.4 16.4 16.408 16.485 16.53333 16.52857 16.6 16.59 16.58333 16.51923 16.585 16.595 16.6 16.6 16.6 16.6 16.6 16.59546 16.6 16.6 16.59583 16.6 16.65417 16.7 16.7 16.685 16.596 16.57273 16.55 16.5875 16.60385 16.59259 16.555 16.544 16.53 16.55 16.496 16.55 16.60667 16.7 16.852 16.9 16.925 16.9 16.9 16.91333 17 17.00333 17.03 17.05909 17.06522 17.09048 17.12333 17.16667
16.036 15.99565 15.98148 16.01111 16.10417 16.10385 16.1 16.152 16.19565 16.26154 16.30357 16.3125 16.39615 16.4 16.4 16.4 16.4 16.43103 16.45833 16.50385 16.6 16.52917 16.50417 16.5 16.53667 16.6 16.59259 16.59 16.6 16.6 16.6 16.57333 16.6 16.6 16.58 16.59546 16.64348 16.67826 16.62 16.57083 16.52667 16.51364 16.53333 16.54583 16.595 16.53333 16.53333 16.4931 16.54 16.52381 16.496 16.625 16.71923 16.79583 16.88571 16.89231 16.8875 16.91111 16.9 16.9 16.955 17 17.01111 17.05 17.07 17.08696 17.112 17.155
15.92308 15.9 15.875 15.936 16.01364 16.08621 16.1 16.108 16.10769 16.175 16.22 16.26957 16.31379 16.344 16.33333 16.39231 16.4 16.4 16.41304 16.49643 16.56154 16.58333 16.51481 16.515 16.564 16.58095 16.57037 16.57037 16.5875 16.59655 16.565 16.564 16.6 16.6 16.56786 16.55833 16.59333 16.68571 16.596 16.5 16.50455 16.5069 16.5625 16.59667 16.54167 16.53333 16.49524 16.47 16.4963 16.49583 16.61333 16.65833 16.71482 16.82273 16.87 16.876 16.83636 16.9 16.9 16.9 16.9037 17.00476 17.036 17.015 17.06538 17.09583 17.1 17.11071
15.79048 15.82333 15.86667 15.89655 15.89565 15.98 16.084 16.09091 16.05333 16.07917 16.13214 16.2 16.285 16.212 16.28636 16.35333 16.37917 16.3963 16.4 16.475 16.5 16.58571 16.56 16.54583 16.54231 16.53704 16.515 16.5 16.51 16.54333 16.52917 16.556 16.58276 16.59 16.58 16.515 16.55926 16.644 16.525 16.50667 16.5 16.504 16.585 16.52917 16.48 16.50833 16.46667 16.44583 16.46428 16.615 16.63478 16.66818 16.7087 16.78667 16.775 16.8 16.84546 16.9 16.9 16.895 16.9 16.94167 17.03667 17.09583 17.088 17.1 17.1 17.1
15.76522 15.74783 15.84091 15.91429 15.9 15.89583 15.96 15.95 15.91818 15.92174 16.01905 16.10667 16.2 16.2 16.2 16.25909 16.35652 16.37143 16.38667 16.42083 16.50333 16.52609 16.5 16.50833 16.5 16.5 16.5 16.5 16.5 16.505 16.5 16.575 16.52857 16.50417 16.50345 16.5 16.58636 16.552 16.51 16.5 16.5 16.52857 16.58462 16.50417 16.48077 16.475 16.436 16.44762 16.58519 16.61111 16.65833 16.68 16.70476 16.724 16.75 16.8 16.8 16.85833 16.85667 16.83333 16.88519 16.9 16.94286 17.00417 17.01667 17.04 17.1 17.1
15.7037 15.725 15.75 15.86522 15.908 15.92 15.91905 15.92759 15.9 15.90333 15.97826 16.048 16.115 16.2 16.2 16.2 16.22333 16.33043 16.344 16.39 16.465 16.5 16.52083 16.50333 16.5 16.50833 16.5 16.5 16.5 16.5 16.5 16.55 16.54615 16.50476 16.5 16.53461 16.57917 16.52667 16.47917 16.48889 16.49545 16.5 16.452 16.45455 16.45333 16.45833 16.45926 16.58846 16.6 16.592 16.605 16.62143 16.6625 16.7 16.70741 16.7875 16.808 16.805 16.812 16.76818 16.80769 16.84286 16.925 16.95667 17.005 17.048 17.085 17.1
15.65769 15.645 15.74 15.84167 15.884 15.87586 15.8875 15.9 15.935 15.95 15.98077 16.02083 16.09667 16.15417 16.2 16.19 16.2 16.216 16.325 16.36 16.42083 16.5 16.51 16.5 16.5 16.5 16.5 16.5 16.5 16.5 16.5 16.525 16.5 16.5 16.48333 16.52759 16.48 16.47391 16.46818 16.4913 16.49 16.43333 16.40333 16.39091 16.43182 16.34783 16.485 16.57 16.54583 16.58667 16.6 16.64167 16.69131 16.7 16.708 16.775 16.79 16.80417 16.84615 16.72692 16.675 16.788 16.87 16.93448 16.97917 17.084 17.09655 17.0875
15.58571 15.60769 15.67917 15.75769 15.87 15.868 15.86667 15.87857 15.89231 15.94583 15.932 15.995 16.064 16.10417 16.18148 16.16296 16.18333 16.16538 16.225 16.308 16.31739 16.44074 16.47407 16.5 16.5 16.5 16.484 16.43636 16.45926 16.5 16.4875 16.49643 16.5 16.496 16.455 16.48519 16.44815 16.47083 16.46 16.4619 16.484 16.47 16.48261 16.42143 16.43333 16.47667 16.5125 16.5 16.505 16.58182 16.6 16.67083 16.7 16.64167 16.69667 16.76 16.79048 16.80417 16.80952 16.82667 16.7 16.7 16.79583 16.95238 16.924 17.005 17.1 17.1
15.695 15.684 15.69545 15.78667 15.82917 15.85185 15.94348 15.86 15.868 15.9 15.91333 15.99167 16.03333 16.09565 16.165 16.184 16.19131 16.18667 16.2 16.28148 16.30417 16.325 16.448 16.47727 16.5 16.49583 16.47692 16.45385 16.445 16.44 16.415 16.5 16.5 16.46154 16.47143 16.41 16.428 16.455 16.45714 16.43333 16.44231 16.45357 16.39565 16.404 16.47 16.484 16.51739 16.5 16.53448 16.6 16.6 16.68 16.652 16.605 16.67917 16.76207 16.8 16.8 16.78696 16.76 16.78 16.77143 16.84615 16.92083 16.96333 16.94583 17.04333 17.1
15.7 15.70667 15.77273 15.76667 15.81667 15.81818 15.94333 15.93333 15.88 15.92381 15.95238 15.975 16.05455 16.07667 16.12917 16.15 16.19048 16.19524 16.19583 16.21818 16.3 16.3 16.38333 16.48636 16.49524 16.5 16.5 16.49667 16.5 16.44 16.4125 16.5 16.4125 16.415 16.41724 16.4 16.41667 16.45417 16.44545 16.404 16.415 16.45 16.4625 16.46333 16.48333 16.508 16.53077 16.58 16.576 16.6 16.57 16.60417 16.596 16.6069 16.69524 16.692 16.78 16.79615 16.73333 16.72 16.76552 16.8375 16.88214 16.9 16.98 16.975 16.8913 17.05667
15.69048 15.6619 15.7 15.75417 15.77667 15.81364 15.925 15.91905 15.91429 15.94 15.95833 15.97 16.06364 16.07917 16.12381 16.1 16.14 16.16667 16.19 16.19091 16.2875 16.30476 16.3 16.41667 16.45 16.45667 16.48696 16.5 16.5 16.435 16.3931 16.4125 16.37667 16.42083 16.41154 16.385 16.37 16.4 16.40833 16.40333 16.44167 16.45517 16.485 16.53 16.6 16.60909 16.59333 16.6 16.59667 16.53913 16.5 16.564 16.6 16.65357 16.67917 16.66333 16.7125 16.71667 16.676 16.705 16.776 16.82381 16.88667 16.9 16.9 16.82759 16.80476 16.988
15.64667 15.6 15.644 15.7 15.72174 15.76667 15.89583 15.96667 15.9 15.904 15.91 15.9625 16.00741 16.08333 16.10333 16.1 16.116 16.115 16.12083 16.10769 16.26667 16.29333 16.26957 16.348 16.36 16.34583 16.356 16.41667 16.45333 16.40417 16.35769 16.335 16.33333 16.37826 16.4 16.39667 16.4 16.4 16.4 16.40417 16.42857 16.48261 16.51 16.5375 16.63333 16.65909 16.60417 16.59524 16.52 16.5 16.49583 16.55667 16.59583 16.59259 16.595 16.6 16.6 16.6125 16.68 16.71667 16.79 16.85652 16.895 16.9 16.84 16.75 16.83333 16.97333
15.58 15.61667 15.67308 15.7 15.70417 15.756 15.88 15.96154 15.90417 15.93846 15.975 16.01739 16.028 16.05 16.1 16.1 16.11481 16.11852 16.1125 16.132 16.22 16.232 16.2375 16.22963 16.2037 16.2375 16.26538 16.275 16.368 16.36957 16.3963 16.31852 16.29583 16.31786 16.345 16.396 16.4 16.4 16.40385 16.425 16.47667 16.48571 16.5 16.545 16.596 16.59615 16.6 16.54667 16.49167 16.48077 16.5 16.54583 16.53913 16.58333 16.59 16.59583 16.59667 16.625 16.74 16.785 16.8 16.85667 16.9 16.9 16.85833 16.74815 16.895 16.935
15.644 15.684 15.695 15.7 15.70833 15.74828 15.92 15.99167 15.98 15.99 16.048 16.06667 16.04333 16.09167 16.1 16.1 16.115 16.112 16.10833 16.14333 16.15417 16.16923 16.1375 16.13 16.168 16.16522 16.21 16.2625 16.27778 16.29167 16.34 16.352 16.38571 16.34 16.32917 16.35926 16.41481 16.38 16.388 16.465 16.45357 16.425 16.46786 16.5 16.5 16.516 16.515 16.504 16.5 16.5 16.5 16.53333 16.53214 16.53 16.528 16.585 16.62692 16.67308 16.72917 16.75 16.78333 16.84 16.895 16.9 16.89545 16.90417 16.92333 16.94583
15.66818 15.63333 15.65417 15.675 15.73636 15.8 15.908 15.98261 16 16.0125 16.03103 16 16.09 16.1 16.1 16.1 16.1 16.1069 16.11429 16.115 16.124 16.1 16.11333 16.12917 16.18667 16.17619 16.2 16.2 16.26191 16.26 16.27083 16.28667 16.31304 16.36818 16.42609 16.32 16.41724 16.40417 16.43 16.47083 16.4125 16.37391 16.4 16.48462 16.5 16.5 16.475 16.45357 16.45652 16.47 16.488 16.5 16.5 16.5375 16.56786 16.6 16.6 16.636 16.7 16.7 16.69167 16.71379 16.724 16.8 16.9 16.935 16.888 16.935
15.60455 15.61818 15.60435 15.66364 15.75333 15.87083 15.89667 15.90952 16.00435 16.07727 16.05455 15.99333 16.07083 16.09667 16.1 16.1 16.1 16.1 16.11333 16.10833 16.10333 16.11818 16.1625 16.15238 16.15238 16.18 16.2 16.2 16.21304 16.248 16.235 16.24762 16.27857 16.35417 16.41333 16.425 16.41923 16.415 16.4 16.392 16.40833 16.35667 16.32917 16.45862 16.5 16.43636 16.4087 16.43182 16.43 16.48333 16.48333 16.49583 16.55217 16.6 16.6 16.59259 16.5625 16.57 16.61667 16.64483 16.68095 16.7 16.7 16.78 16.89333 16.89167 16.85862 16.9
15.65517 15.65417 15.68 15.70455 15.772 15.88 15.84091 15.87241 15.9875 16.00667 16.05 15.992 16.035 16.04583 16.1 16.1 16.1 16.08182 16.12 16.135 16.125 16.11481 16.1375 16.16 16.15652 16.16 16.165 16.2 16.18846 16.2 16.21 16.225 16.31154 16.335 16.388 16.37727 16.332 16.33793 16.32917 16.31786 16.36 16.376 16.41 16.44 16.45357 16.40833 16.42667 16.5 16.468 16.43 16.5 16.56538 16.55833 16.54667 16.53333 16.51429 16.51 16.51304 16.55909 16.5913 16.59667 16.62917 16.68333 16.74167 16.85417 16.8619 16.9 16.88889
15.7 15.695 15.6875 15.79231 15.8375 15.86333 15.84783 15.868 15.94 15.93846 15.952 15.968 16 16.03636 16.068 16.1 16.05926 16.08333 16.1 16.07143 16.08261 16.112 16.18 16.17308 16.12917 16.13333 16.12593 16.13333 16.184 16.2 16.196 16.22609 16.28214 16.33846 16.32917 16.31071 16.305 16.3 16.3 16.27241 16.32 16.4 16.4 16.40476 16.392 16.4 16.4 16.4125 16.4 16.46071 16.4875 16.49615 16.5 16.484 16.45238 16.44074 16.43333 16.46667 16.5 16.54286 16.584 16.6 16.5875 16.62 16.69583 16.72667 16.76667 16.8
15.66667 15.68519 15.69167 15.736 15.86 15.82692 15.8375 15.86429 15.88846 15.94348 15.988 16 16 16.00417 16.06897 16.09583 16.07273 16.01667 16.08 16.064 16.09167 16.09 16.12917 16.116 16.15417 16.185 16.136 16.15217 16.2 16.2 16.18214 16.2087 16.245 16.312 16.29524 16.3 16.3 16.26552 16.212 16.22 16.364 16.4 16.4 16.4 16.4 16.39583 16.36957 16.34 16.39 16.484 16.4913 16.49667 16.46667 16.41111 16.39615 16.395 16.392 16.435 16.475 16.47917 16.50357 16.53461 16.59167 16.6 16.605 16.7 16.77143 16.81379
15.66 15.696 15.70417 15.69333 15.7625 15.83462 15.83913 15.88 15.88 15.9125 15.99 16 16 16 16 16.1 16 16.01 16.04167 16.01379 16.08095 16.1 16.1 16.1 16.1 16.1 16.10333 16.11429 16.2 16.18696 16.2 16.2 16.2125 16.27667 16.28261 16.2913 16.26364 16.245 16.22759 16.25833 16.35333 16.39583 16.4 16.4 16.37 16.32 16.34583 16.36 16.4375 16.46 16.43333 16.40476 16.4 16.4 16.4 16.40417 16.42 16.425 16.375 16.42174 16.5 16.484 16.53478 16.58333 16.57917 16.65172 16.69583 16.72
15.63333 15.65517 15.7 15.695 15.788 15.82174 15.82333 15.9 15.9 15.9 15.9375 -9999 -9999 -9999 -9999 16 15.97895 15.98696 16 16.06522 16.09 16.1 16.1 16.09524 16.1 16.1 16.1 16.1 16.10833 16.10333 16.17826 16.192 16.175 16.2 16.25714 16.25 16.26333 16.35417 16.38077 16.34 16.35652 16.375 16.39583 16.33 16.3 16.30667 16.32 16.388 16.4 16.4087 16.40345 16.4 16.35333 16.34167 16.356 16.4 16.4 16.376 16.37083 16.37 16.40417 16.43333 16.47143 16.54783 16.58182 16.59 16.62069 16.67917
15.61304 15.62273 15.72667 15.72083 15.79 15.80476 15.82632 -9999 -9999 -9999 -9999 -9999 -9999 -9999 -9999 15.96 15.94286 15.9625 16.01 16.05714 16.1 16.1 16.1 16.1 16.1 16.1 16.1 16.1 16.1 16.136 16.156 16.18 16.11379 16.21667 16.232 16.235 16.248 16.31739 16.3 16.3 16.3 16.32143 16.305 16.296 16.27 16.30741 16.38846 16.38333 16.37667 16.31364 16.312 16.285 16.284 16.3125 16.284 16.32759 16.35833 16.36429 16.37 16.392 16.4 16.416 16.47407 16.50833 16.54333 16.55 16.6 16.67
15.6 15.62273 15.688 15.715 15.71818 15.76923 15.8 -9999 -9999 -9999 -9999 -9999 -9999 -9999 15.9 15.91429 15.936 16.02 15.93704 16.075 16.1 16.1 16.1 16.1 16.1 16.1 16.1 16.1 16.1 16.125 16.192 16.195 16.172 16.26522 16.22667 16.2125 16.29231 16.296 16.265 16.288 16.3 16.3 16.25833 16.25926 16.28889 16.31905 16.324 16.24 16.21539 16.2 16.20345 16.228 16.272 16.312 16.3 16.3 16.30476 16.33333 16.35 16.35 16.39286 16.4 16.424 16.445 16.492 16.52174 16.59286 16.6
