DATA/PredictorVariables/Current/ic.asc
ncols         590
nrows         274
xllcorner     -7.522276026
yllcorner     35.996888128
cellsize      0.01
NODATA_value  -9999
[rows 210 to 239 of 274, columns 204 to 271 of 590]
14.884 15 15.08214 15.236 15.35185 15.43704 15.52917 15.708 15.815 15.972 16.255 16.29 16.32083 16.17333 16.025 15.94 15.86429 15.78182 15.845 15.904 15.96957 15.94286 15.96923 15.87692 15.66429 15.47727 15.42 15.5 15.508 15.63 15.54 15.4 15.3963 15.31875 15.34 15.35714 15.348 15.45 15.5875 15.80952 15.80769 15.72143 15.8375 15.7 15.47917 15.51786 15.54 15.2 15.2 15.16 15.20909 14.98667 14.80417 14.57333 14.3875 14.63793 14.8 14.82381 14.75 14.64 14.524 14.59524 14.45 14.53333 14.49333 14.42917 14.45 14.51667
14.86154 14.98571 15.10952 15.232 15.36 15.488 15.50417 15.62333 15.65417 15.87667 16.10833 16.084 16.09 15.988 15.86 15.77857 15.72 15.684 15.76667 15.86 16.00769 15.91 15.788 15.75 15.45556 15.42917 15.36207 15.28333 15.26 15.325 15.352 15.1875 15.18 15.1125 15.17037 15.23077 15.204 15.24138 15.30417 15.35 15.32 15.396 15.63 15.42 15.04545 15.26333 15.13333 14.78 14.92083 15.12333 15.39545 15.225 14.86667 14.47273 14.13478 14.25 14.41333 14.54167 14.41333 14.39167 14.36667 14.38261 14.364 14.37 14.476 14.4 14.4 14.54583
14.88 15.00714 15.03333 15.2 15.33333 15.43 15.545 15.592 15.56 15.644 15.79583 15.93571 15.83462 15.78846 15.71071 15.66111 15.60909 15.63 15.712 15.86522 16.06333 15.79167 15.58 15.42917 15.28929 15.35455 15.14615 15.1 15.15455 15.21667 15.03333 14.9381 15.09583 15.31379 15.31905 15.36 15.425 15.288 15.27 15.39667 15.34167 15.46 15.57083 15.13 14.76818 14.884 14.83 14.4625 14.45714 14.71667 14.86429 14.99167 14.72333 14.275 13.88667 13.96364 14.1 14.215 14.264 14.33 14.51481 14.5625 14.35333 14.175 14.3 14.31667 14.31481 14.48636
14.89583 14.98148 15 15.124 15.245 15.375 15.516 15.5037 15.47407 15.588 15.704 15.74 15.728 15.68 15.62414 15.55 15.6 15.65417 15.71667 15.91905 16.116 15.825 15.6 15.45 15.23462 15.2 15.276 15.125 15.085 15.1 15.065 15.048 15.28 15.27143 15.31667 15.32667 15.34583 15.25333 15.10417 14.992 14.94 15.28 15.595 15.252 14.8 14.44615 14.48929 14.4625 14.14667 14.12273 14.376 14.225 14.068 13.9 13.58571 13.69583 13.79 13.95 14.33 14.55833 14.37857 14.135 13.98696 13.97273 14.14 14.31154 14.3 14.56333
14.83636 14.9 14.96538 15.13461 15.28214 15.38095 15.396 15.44 15.44 15.53913 15.56667 15.62917 15.64 15.64167 15.56923 15.48 15.54444 15.61 15.72857 15.96667 15.97143 15.67692 15.57692 15.32308 15.16364 15.15333 15.21 15.308 15.15417 15.20667 15.27083 15.33333 15.46667 15.26667 15.005 15.064 14.995 15.18846 15.1 14.71786 14.70769 14.86154 15.225 15.47826 14.928 14.45 14.21 14.18 14.10357 13.78333 13.97333 13.9125 13.54333 13.41667 13.42222 13.725 13.84 13.99 14.26522 14.35 14.068 13.86897 13.82083 13.8 13.98333 14.22069 14.375 14.544
14.78148 14.925 15 15.08 15.26429 15.43333 15.48333 15.47083 15.40667 15.4381 15.46 15.595 15.604 15.57143 15.52778 15.46 15.46 15.58889 15.65455 15.916 15.92 15.48 15.2381 15.136 15.06 15.27241 15.20833 15.30333 15.465 15.44 15.38 15.42 15.24091 14.97241 14.784 14.80741 14.77778 14.91667 14.948 14.725 14.464 14.675 15 15.1875 14.82667 14.325 14.01538 13.87143 13.98519 13.72 13.48 13.495 13.205 13.23478 13.34074 13.66667 13.92 13.99655 14.11667 14 13.895 13.808 13.79 13.552 13.67143 13.91333 14.02917 13.95333
14.78667 14.97083 15.12333 15.18333 15.33704 15.535 15.5 15.45 15.4037 15.456 15.45357 15.48182 15.575 15.56667 15.56667 15.512 15.48 15.58889 15.72083 15.92667 15.7 15.38 15.16087 15 15.0125 15.144 15.2 15.26667 15.29583 15.24828 15.216 15.18889 15.108 14.81 14.576 14.635 14.556 14.76667 14.82667 14.70417 14.45667 14.20833 14.475 14.91 14.824 14.375 13.936 13.65 13.64444 13.548 13.3 13.07778 12.97 13.01923 13.395 13.596 13.67 13.852 13.81364 13.72667 13.64583 13.36 13.17917 13.14 13.2913 13.356 13.5 13.516
14.908 14.99 15.16 15.29091 15.48214 15.47308 15.61154 15.56786 15.57273 15.632 15.685 15.56667 15.69524 15.69 15.66667 15.52333 15.425 15.475 15.585 15.764 15.54 15.26154 15.10952 15.05 14.83478 14.87857 14.94615 14.90476 14.9375 15.005 15.08 15.24091 15.08 14.68333 14.45667 14.3125 14.39667 14.735 14.552 14.265 14.24 13.98636 14.04333 14.1375 14.21035 14.256 13.92593 13.51053 13.37692 13.32174 13.14 12.888 12.72143 12.84333 13.2125 13.57667 13.82083 13.63667 13.55 13.344 13.39 13.136 12.81 12.77037 12.88333 12.9963 13.11852 13.26
14.96154 15.20714 15.336 15.44444 15.475 15.544 15.7 15.61111 15.61667 15.54 15.53913 15.43333 15.50455 15.432 15.425 15.34 15.45238 15.60667 15.69583 15.55357 15.28077 15.084 14.8875 14.85455 15.016 15.16 15.18621 15.21667 15.05333 14.8625 14.95 15.11818 14.96 14.63 14.392 14.13 14.25 14.43333 14.43333 14.07917 13.83929 13.69583 13.71429 13.6625 13.625 13.612 13.61364 13.38 13.15 13.05714 13.01667 12.73214 12.51579 12.66 12.95 13.428 13.405 13.05357 12.92917 12.87 13 12.90741 12.58148 12.48261 12.628 12.79 12.748 12.92
15.15 15.332 15.39524 15.49 15.49167 15.47333 15.64167 15.55556 15.39167 15.32143 15.26364 15.29048 15.51667 15.54286 15.38461 15.35556 15.32308 15.465 15.56 15.3 15.10385 14.94583 14.72857 14.71818 14.73667 14.88333 14.96923 15.08 14.732 14.82 14.87407 15.07917 15.03 14.6625 14.42414 14.144 13.89091 13.95652 14.03 14.044 13.78571 13.58667 13.44583 13.34 13.29583 13.29667 13.35455 13.176 12.94167 12.83478 12.85 12.532 12.38125 12.42 12.5375 12.79655 12.736 12.775 12.4913 12.48 12.5 12.545 12.33333 12.24167 12.39333 12.4125 12.51667 12.6875
15.2 15.43 15.59565 15.648 15.535 15.38 15.43333 15.28333 15.32381 15.36296 15.31481 15.3913 15.56 15.6 15.58 15.4381 15.34 15.45417 15.3 15.26667 15.06207 14.88 14.66923 14.7 14.636 14.63043 14.67333 14.6625 14.67931 14.816 14.81923 14.94545 14.86191 14.6375 14.475 14.27586 13.89167 13.68 13.6125 13.70333 13.52609 13.608 13.4 13.136 13.145 13.15 13.09583 12.97667 12.74444 12.59 12.50417 12.3875 12.23 12.16667 12.20833 12.215 12.21429 12.1875 12.12667 12.14167 12.12667 12.13333 12.11429 12.075 12.26 12.235 12.324 12.38571
15.205 15.49167 15.72692 15.66154 15.56071 15.392 15.26667 15.28889 15.48 15.645 15.43077 15.4625 15.53333 15.61667 15.74333 15.50435 15.288 15.18 15.028 14.825 14.74545 14.48 14.5037 14.65417 14.77143 14.70435 14.79524 14.67083 14.73 15.03333 15.05417 14.75667 14.40417 14.14667 14.1625 14.12692 13.93 13.76 13.395 13.3963 13.25 13.28333 13.35833 13.05 12.925 12.95769 12.77619 12.7 12.56667 12.46 12.30714 12.19167 12.08571 12.005 11.98667 11.94583 11.8963 11.86 11.856 11.86 11.884 11.86364 11.86667 11.9125 11.97333 12.02917 12.08 12.18696
15.3931 15.525 15.648 15.7 15.588 15.49 15.27895 15.25 15.23333 15.4 15.25517 15.175 15.344 15.45 15.3 15.1875 15.02 14.9 14.76667 14.8 14.41818 14.42857 14.47222 14.58 14.63913 14.82333 14.77917 14.94667 14.70833 14.74286 14.86 14.512 14.365 14.024 13.7625 13.93667 13.62083 13.67667 13.3875 13.10357 13.14 13.04783 13.19091 12.93333 12.76296 12.65417 12.55667 12.44167 12.35333 12.3 12.15238 12.035 11.985 11.84545 11.808 11.8 11.75333 11.70455 11.696 11.69524 11.7 11.71111 11.71905 11.765 11.78261 11.83182 11.89545 11.91035
15.364 15.425 15.34 15.47083 15.43333 15.375 15.14762 -9999 15.03913 15.065 15.0069 15.104 15.24643 15.37692 15.14 14.85 14.865 14.64167 14.3 14.376 14.38333 14.53571 14.53636 14.52 14.65714 14.812 15.145 15.1 14.79048 14.78 14.48333 14.23333 14.1125 13.95 13.61 13.58333 13.40476 13.29545 13.20417 13.0125 12.88 12.85 12.79 12.6625 12.61852 12.51 12.408 12.29 12.204 12.08462 12.0375 11.95 11.83333 11.8 11.692 11.65385 11.61667 -9999 -9999 -9999 -9999 -9999 -9999 11.65 11.62857 11.71333 11.73333 11.77368
15.26333 15.35 15.104 15.14 15.132 15.12917 15.02593 14.82 14.796 14.89286 14.92 14.984 15.11 15.168 14.9875 14.72069 14.56364 14.33333 14.40417 14.48846 14.495 14.52 14.605 14.54286 14.66667 14.92 15.12917 15.26 15.08696 14.63333 14.25238 13.94545 13.72174 13.62609 13.44333 13.35833 13.22 13.1 13.1069 12.855 12.756 12.66 12.644 12.49091 12.44667 12.34167 12.25333 12.15417 12.05333 11.98571 11.84444 11.8 11.768 11.66667 11.6 -9999 -9999 -9999 -9999 -9999 -9999 -9999 -9999 -9999 -9999 -9999 -9999 -9999
15.164 15.26429 15.276 15.02069 14.85417 14.86154 14.82 14.70769 14.695 14.73793 14.73333 14.77333 14.79167 14.85333 14.66 14.46667 14.27368 14.396 14.44348 14.58 14.7625 14.62 14.64583 14.572 14.83182 15.05909 14.88261 15.12857 15.01667 14.4875 14.01 13.80833 13.68667 13.44762 13.388 13.14 13.056 12.91429 12.88333 12.7125 12.59 12.52083 12.48333 12.35 12.264 12.175 12.092 12.04 11.98519 11.84231 11.78571 11.7 11.64 11.6 -9999 -9999 -9999 -9999 -9999 -9999 -9999 -9999 -9999 -9999 -9999 -9999 -9999 -9999
14.99524 15.152 15.15 15 14.77826 14.73 14.65 14.61 14.6375 14.65 14.63 14.584 14.685 14.56552 14.46667 14.24286 14.312 14.35357 14.4 14.57619 14.82917 14.61 14.42593 14.29167 14.49 14.475 14.42 14.48261 14.572 14.17 13.86 13.52 13.39655 13.25833 13.20667 13.10417 12.87667 12.75652 12.632 12.57 12.468 12.38 12.31154 12.20769 12.10769 12.03214 11.98333 11.93667 11.84762 11.8 11.7 -9999 -9999 -9999 -9999 -9999 -9999 -9999 -9999 -9999 -9999 -9999 -9999 -9999 -9999 -9999 -9999 -9999
14.80417 14.96667 14.9 14.84 14.71905 14.66 14.59167 14.58421 14.5375 14.55357 14.48846 14.56296 14.56296 14.47273 14.26 14.22632 14.25909 14.1913 14.28 14.52083 14.61667 14.4875 14.25357 14.015 13.984 13.96 14.01538 13.8875 14.09333 13.75833 13.46333 13.2875 13.26154 13.1 12.996 12.885 12.756 12.63077 12.50769 12.39286 12.32917 12.26 12.15909 12.052 12 11.96 11.87778 11.81875 11.8 -9999 -9999 -9999 -9999 -9999 -9999 -9999 -9999 -9999 -9999 -9999 -9999 -9999 -9999 -9999 -9999 -9999 -9999 -9999
14.61818 14.7625 14.69524 14.6 14.59259 14.59615 14.50417 14.5 14.436 14.445 14.408 14.43 14.45 14.34583 14.19167 14.1619 14.05789 14.09048 14.152 14.255 14.272 14.24545 14.06333 13.98333 13.72333 13.67917 13.53103 13.485 13.425 13.23333 13.17391 13.048 13.10385 12.97143 12.88333 12.74667 12.64783 12.532 12.385 12.2913 12.18182 12.14545 12.05556 12 -9999 -9999 -9999 -9999 -9999 -9999 -9999 -9999 -9999 -9999 -9999 -9999 -9999 -9999 -9999 -9999 -9999 -9999 -9999 -9999 -9999 -9999 -9999 -9999
14.56875 14.6 14.56296 14.48182 14.5 14.5 14.484 14.42 14.34118 14.32917 14.34 14.34583 14.31111 14.305 14.2 13.925 13.97692 14.05833 14.10333 14.025 13.96333 13.95455 13.9 13.76818 13.55455 13.3913 13.284 13.17241 13.13333 12.96333 12.925 12.9037 12.855 12.804 12.675 12.55769 12.50417 12.36552 12.3 12.3 -9999 -9999 -9999 -9999 -9999 -9999 -9999 -9999 -9999 -9999 -9999 -9999 -9999 -9999 -9999 -9999 -9999 -9999 -9999 -9999 -9999 -9999 -9999 -9999 -9999 -9999 -9999 -9999
14.625 14.58462 14.5125 14.4375 14.39333 14.39583 14.38333 14.32 14.252 14.245 14.252 14.25217 14.23333 14.14167 14.02917 13.92222 13.86667 13.78696 13.80476 13.84583 13.74762 13.69 13.7375 13.66 13.5 13.39667 13.185 13.096 12.95 12.796 12.7087 12.76333 12.70833 12.58667 12.52727 12.46522 12.375 12.325 -9999 -9999 -9999 -9999 -9999 -9999 -9999 -9999 -9999 -9999 -9999 -9999 -9999 -9999 -9999 -9999 -9999 -9999 -9999 -9999 -9999 -9999 -9999 -9999 -9999 -9999 -9999 -9999 -9999 -9999
14.5 14.56522 14.54231 14.4 14.31667 14.33 14.31538 14.275 14.18889 14.11852 14.12692 14.06842 14.125 14.096 13.955 13.875 13.71765 13.68333 13.6375 13.74667 13.72609 13.504 13.56 13.444 13.265 13.17 13.0125 12.90667 12.77083 12.66 12.51429 12.58 12.575 12.48667 -9999 -9999 -9999 -9999 -9999 -9999 -9999 -9999 -9999 -9999 -9999 -9999 -9999 -9999 -9999 -9999 -9999 -9999 -9999 -9999 -9999 -9999 -9999 -9999 -9999 -9999 -9999 -9999 -9999 -9999 -9999 -9999 -9999 -9999
14.61818 14.612 14.476 14.328 14.19231 14.26 14.18636 14.14167 14.09167 14.0125 13.95625 13.95 13.95294 13.89667 13.88182 13.65 13.615 13.568 13.55 13.63077 13.67917 13.45333 13.34167 13.19667 13.14167 12.976 12.89 12.768 12.67 12.504 12.42857 -9999 12.5 -9999 -9999 -9999 -9999 -9999 -9999 -9999 -9999 -9999 -9999 -9999 -9999 -9999 -9999 -9999 -9999 -9999 -9999 -9999 -9999 -9999 -9999 -9999 -9999 -9999 -9999 -9999 -9999 -9999 -9999 -9999 -9999 -9999 -9999 -9999
14.62083 14.54643 14.415 14.21765 14.13125 14.15769 14.11765 14.08 14.04167 13.99583 13.82667 13.81176 13.81111 13.7875 13.65 13.55 13.5 13.42 13.4375 13.5 13.555 13.4087 13.13182 13.04545 13 12.884 12.74828 12.65417 12.53103 12.44286 -9999 -9999 -9999 -9999 -9999 -9999 -9999 -9999 -9999 -9999 -9999 -9999 -9999 -9999 -9999 -9999 -9999 -9999 -9999 -9999 -9999 -9999 -9999 -9999 -9999 -9999 -9999 -9999 -9999 -9999 -9999 -9999 -9999 -9999 -9999 -9999 -9999 -9999
14.45238 14.49 14.30417 14.10556 14.11667 13.98947 13.95625 13.95385 13.92105 13.92963 13.84583 13.88621 13.788 13.68571 13.608 13.52 13.39167 13.34286 13.352 13.42917 13.40667 13.3 13.04 12.89583 12.82692 12.705 12.628 12.51 12.475 -9999 -9999 -9999 -9999 -9999 -9999 -9999 -9999 -9999 -9999 -9999 -9999 -9999 -9999 -9999 -9999 -9999 -9999 -9999 -9999 -9999 -9999 -9999 -9999 -9999 -9999 -9999 -9999 -9999 -9999 -9999 -9999 -9999 -9999 -9999 -9999 -9999 -9999 -9999
14.34783 14.31667 14.19524 14.03043 13.96875 13.875 13.84667 13.836 13.85357 13.89565 13.848 13.945 13.72 13.64 13.52 13.45417 13.24667 13.24167 13.26897 13.36 13.328 13.155 12.932 12.80435 12.67333 12.57917 12.472 12.45556 -9999 -9999 -9999 -9999 -9999 -9999 -9999 -9999 -9999 -9999 -9999 -9999 -9999 -9999 -9999 -9999 -9999 -9999 -9999 -9999 -9999 -9999 -9999 -9999 -9999 -9999 -9999 -9999 -9999 -9999 -9999 -9999 -9999 -9999 -9999 -9999 -9999 -9999 -9999 -9999
14.26 14.21667 14.16333 13.94167 13.84828 13.80667 13.70556 13.8 13.81154 13.75 13.76667 13.75417 13.63 13.55833 13.42 13.32 13.21429 13.145 13.12667 13.21667 13.14 12.99167 12.83 12.71429 12.6 12.465 12.43333 -9999 -9999 -9999 -9999 -9999 -9999 -9999 -9999 -9999 -9999 -9999 -9999 -9999 -9999 -9999 -9999 -9999 -9999 -9999 -9999 -9999 -9999 -9999 -9999 -9999 -9999 -9999 -9999 -9999 -9999 -9999 -9999 -9999 -9999 -9999 -9999 -9999 -9999 -9999 -9999 -9999
14.156 14.105 14.024 13.83 13.76 13.65833 13.58519 13.64167 13.66552 13.62857 13.564 13.545 13.43478 13.38235 13.26667 13.22083 13.1 13.07917 13.15417 13.07143 13 12.82727 12.728 12.60357 12.492 12.41579 -9999 -9999 -9999 -9999 -9999 -9999 -9999 -9999 -9999 -9999 -9999 -9999 -9999 -9999 -9999 -9999 -9999 -9999 -9999 -9999 -9999 -9999 -9999 -9999 -9999 -9999 -9999 -9999 -9999 -9999 -9999 -9999 -9999 -9999 -9999 -9999 -9999 -9999 -9999 -9999 -9999 -9999
13.94 14 13.95 13.77083 13.644 13.53889 13.44286 13.5 13.5375 13.40769 13.38571 13.336 13.26 13.25217 13.16667 13.09 13.06667 12.93103 12.99167 12.98667 12.86667 12.75 12.64762 12.528 12.415 12.33333 -9999 -9999 -9999 -9999 -9999 -9999 -9999 -9999 -9999 -9999 -9999 -9999 -9999 -9999 -9999 -9999 -9999 -9999 -9999 -9999 -9999 -9999 -9999 -9999 -9999 -9999 -9999 -9999 -9999 -9999 -9999 -9999 -9999 -9999 -9999 -9999 -9999 -9999 -9999 -9999 -9999 -9999
13.95455 13.78696 13.80909 13.67778 13.524 13.44483 13.34737 13.36154 13.34444 13.29545 13.30588 13.18636 13.00769 13.07 13 12.93636 12.71538 12.73462 12.83 12.828 12.805 12.68929 12.58333 12.43 12.30476 -9999 -9999 -9999 -9999 -9999 -9999 -9999 -9999 -9999 -9999 -9999 -9999 -9999 -9999 -9999 -9999 -9999 -9999 -9999 -9999 -9999 -9999 -9999 -9999 -9999 -9999 -9999 -9999 -9999 -9999 -9999 -9999 -9999 -9999 -9999 -9999 -9999 -9999 -9999 -9999 -9999 -9999 -9999
