DATA/PredictorVariables/Current/orient.asc
ncols         590
nrows         274
xllcorner     -7.522276026
yllcorner     35.996888128
cellsize      0.01
NODATA_value  -9999
[rows 135 to 161 of 274, columns 240 to 299 of 590]
0.3838436 0.5229169 0.3463075 0.243212 0.4538713 0.3548952 0.3621592 0.2084858 0.2869644 0.3968248 0.1913522 0.6467242 0.7377681 0.9004664 0.6989385 0.7887575 0.7560886 0.7904738 0.7568706 0.5694562 0.198118 0.15815 0.4315562 0.1342531 0.1074154 0.1649038 0.3081593 0.7869068 0.5852239 0.3605998 0.3635453 0.1814194 0.3944337 0.2438857 0.3313095 0.7900743 0.4914745 0.8218151 0.6407334 0.5945392 0.2549703 0.2450339 0.3002576 0.3164977 0.5956392 0.8073642 0.6709049 0.4697922 0.3913147 0.5815982 0.5077698 0.7478231 0.8079811 0.732268 0.8959404 0.789262 0.7300404 0.6628225 0.8903394 0.6986582
0.5442828 0.7620343 0.5413676 0.6577613 0.649953 0.4396861 0.2639743 0.2708094 0.05071335 0.3798297 0.3667648 0.2925501 0.5513375 0.6489946 0.6504989 0.8828959 0.7030338 0.6278295 0.7370238 0.4473129 0.04662617 0.157272 0.4541697 0.3089909 0.1694417 0.1825725 0.3141293 0.363712 0.4669549 0.3840956 0.5862165 0.2992023 0.3610813 0.3823209 0.1964527 0.3004328 0.1585654 0.6598215 0.7715161 0.824195 0.8301385 0.6836025 0.6316415 0.4981676 0.7356072 0.737386 0.8353525 0.7413185 0.9359626 0.7816449 0.7229014 0.8130285 0.7697347 0.6765192 0.7335482 0.8550626 0.8805141 0.7207291 0.5581174 0.633737
0.7240375 0.7546341 0.7792243 0.4722352 0.6676124 0.7249898 0.7846625 0.5892149 0.6210477 0.3493416 0.4055618 0.3778504 0.1290733 0.1998986 0.5714331 0.4705251 0.5012054 0.6775015 0.5092465 0.5700653 0.5751947 0.4493036 0.4636915 0.1821946 0.2830976 0.190904 0.2301618 0.3161824 0.3056996 0.07469986 0.548381 0.303462 0.144072 0.2772963 0.1171088 0.3325456 0.2960229 0.6515133 0.8499102 0.9221121 0.82926 0.926784 0.7385189 0.6171073 0.7232502 0.4965441 0.6152082 0.8147581 0.7707357 0.7104153 0.4835221 0.3705516 0.2837661 0.4261866 0.5158334 0.164716 0.6175566 0.7778164 0.9093502 0.7587851
0.5803556 0.4050255 0.786733 0.8863869 0.7828422 0.7617246 0.7107158 0.9393587 0.5113987 0.3328361 0.4143977 0.3881073 0.5557027 0.4772491 0.2765144 0.5937921 0.6698461 0.6106014 0.4849576 0.3989581 0.1888273 0.1152523 0.3025403 0.5799515 0.2753597 0.2392808 0.2328975 0.1912979 0.6557317 0.4074391 0.2070029 0.07136105 0.2619128 0.2453202 0.4368726 0.2922363 0.488904 0.4705843 0.2649924 0.5945584 0.4834141 0.4907701 0.7608452 0.5444025 0.3965349 0.305433 0.1546314 0.2119215 0.1126859 0.3998798 0.4136885 0.6709582 0.604293 0.507185 0.5104144 0.2871583 0.497078 0.6735474 0.7589918 0.7188132
0.7868077 0.6214463 0.4081944 0.8296967 0.7283543 0.515484 0.2454613 0.5029816 0.3567362 0.1317993 0.1425186 0.1319722 0.1109962 0.2910323 0.4329766 0.3438731 0.5532113 0.6273113 0.5810289 0.6379618 0.6351672 0.5047193 0.09647794 0.3115772 0.04569621 0.2139728 0.2696653 0.2106302 0.6460742 0.342701 0.2915846 0.09911225 0.08391034 0.1791018 0.135102 0.2651756 0.5949412 0.2310389 0.2773336 0.262304 0.3696863 0.3132735 0.1357063 0.4883631 0.9001346 0.8471501 0.6774737 0.6840855 0.5471709 0.1034846 0.123606 0.2785503 0.1581699 0.485235 0.3067509 0.5531619 0.2766706 0.6679884 0.9313859 0.9176134
0.4406751 0.6030421 0.5644109 0.6245865 0.790807 0.7562786 0.8599646 0.7939238 0.9280701 0.8166285 0.3457093 0.1865038 0.1560782 0.4229364 0.3756109 0.3981059 0.285439 0.3978733 0.5653441 0.4751001 0.3509146 0.4034666 0.2073952 0.4095622 0.1880814 0.2258154 0.03048968 0.003451333 0.2219145 0.1137805 0.07000335 0.2412844 0.08184047 0.225558 0.1528836 0.3255238 0.4207086 0.3220477 0.2094302 0.3665239 0.4015611 0.5082001 0.417382 0.2038762 0.4297235 0.7371107 0.7377786 0.7624265 0.6778278 0.7027881 0.2556805 0.357287 0.3114653 0.3440361 0.4380035 0.2707438 0.2493172 0.3258999 0.3379384 0.7788697
0.3402333 0.4994411 0.08579175 0.4041037 0.5125775 0.5742613 0.4939596 0.6409771 0.6321593 0.4381416 0.5406865 0.3191698 0.4546028 0.3792888 0.5583205 0.1575795 0.3021255 0.3642589 0.3364928 0.5742912 0.1824724 0.485123 0.3847772 0.5276422 0.306884 0.123128 0.07253294 0.08920857 0.1908835 0.3106895 0.314826 0.2328409 0.1413463 0.1430893 0.167404 0.4687086 0.8055756 0.9381989 0.7935994 0.3013062 0.1066428 0.5272411 0.664494 0.4616536 0.5037921 0.4013686 0.4974785 0.4775231 0.7957261 0.765386 0.6642401 0.6776466 0.3818394 0.243599 0.2523188 0.5063258 0.2645261 0.1813054 0.3295259 0.4855772
0.3210574 0.3026928 0.5479425 0.2072307 0.3977467 0.4487355 0.5387654 0.4307652 0.6033265 0.4719068 0.269541 0.427957 0.364495 0.6211351 0.3851864 0.6930467 0.2928393 0.3448518 0.3443606 0.5497754 0.3654186 0.1710626 0.4477524 0.5485551 0.1600188 0.1746315 0.2204057 0.4164384 0.2871863 0.2573562 0.1769552 0.1470036 0.06551212 0.05671358 0.2014538 0.2051022 0.7326995 0.5568305 0.5935556 0.4679911 0.5457126 0.2025104 0.260105 0.2462536 0.524888 0.7275367 0.8012388 0.8361659 0.6024362 0.4959345 0.2407015 0.4301959 0.3036588 0.2232759 0.5287536 0.3115856 0.5324849 0.3166896 0.2082187 0.3173864
0.3368744 0.3206246 0.2382065 0.1309647 0.1990328 0.3449521 0.2893099 0.4842243 0.3538754 0.6100471 0.6566499 0.3619252 0.2884547 0.5364872 0.5996659 0.7071611 0.5638614 0.2486261 0.2774527 0.5983946 0.4647817 0.3482089 0.101873 0.4609227 0.2385595 0.1431867 0.2126398 0.1829072 0.1154418 0.3327626 0.14441 0.09180732 0.02534924 0.01569495 0.1891645 0.1628401 0.3997794 0.5339695 0.3307469 0.6804212 0.5042735 0.5469211 0.4023978 0.1871467 0.1897842 0.5216091 0.5448129 0.5335008 0.6023809 0.7341281 0.4913187 0.5560286 0.7947162 0.6095996 0.4481448 0.6636891 0.9222374 0.6681361 0.4083985 0.4262434
0.4638603 0.5040014 0.3568989 0.1764435 0.2965693 0.4720223 0.3888996 0.2907568 0.6827213 0.5926905 0.5476851 0.4402385 0.2413487 0.5728177 0.588096 0.6415308 0.7166628 0.6064816 0.2591862 0.2699249 0.5695999 0.4901769 0.03508816 0.1475252 0.1786384 0.1031611 0.2128279 0.2086926 0.271445 0.07475291 0.07609916 0.1457797 0.1188677 0.1109069 0.06424576 0.1559761 0.4839725 0.460581 0.5323045 0.3022111 0.6289518 0.3310912 0.1827558 0.1780632 0.3886767 0.3974055 0.407537 0.4298954 0.5023703 0.6343195 0.5859587 0.3236862 0.5130498 0.8217831 0.6358867 0.6021546 0.6994586 0.6261349 0.4140317 0.2201665
0.5105725 0.4555627 0.2238934 0.5002033 0.09817055 0.6614016 0.3583075 0.1442873 0.4410538 0.2976367 0.1922663 0.1303089 0.5673685 0.4232899 0.4660059 0.610211 0.3810682 0.4855386 0.6664817 0.4170836 0.3726898 0.5449344 0.4342531 0.3228579 0.1790363 0.08493514 0.1254724 0.04165192 0.608192 0.190307 0.0185602 0.08421382 0.08681726 0.3596448 0.3142748 0.2892229 0.4060201 0.553653 0.6853194 0.7368524 0.5072677 0.5313807 0.4607018 0.3007818 0.2837829 0.2920972 0.6652923 0.5825346 0.8014116 0.7554659 0.7271895 0.6424063 0.5102577 0.6473961 0.6281543 0.5478377 0.7267403 0.7042921 0.6139859 0.73413
0.4253021 0.5324002 0.3136383 0.4006385 0.7184201 0.5448095 0.6284723 0.4374549 0.334483 0.2618366 0.2880881 0.1235534 0.3803755 0.5835826 0.4927707 0.5173635 0.6377262 0.6124209 0.5351129 0.6151651 0.5208061 0.6883714 0.8149099 0.6904832 0.5723639 0.5161409 0.1082108 0.4608386 0.5270574 0.3106408 0.08509593 0.2188841 0.2906599 0.455287 0.580442 0.3685438 0.3051819 0.3302787 0.2190854 0.2296542 0.3605265 0.3363783 0.2199379 0.3895645 0.3745266 0.2276532 0.2525328 0.686081 0.6597607 0.6335184 0.6823333 0.7843755 0.4770826 0.3486551 0.4438339 0.3428603 0.3093438 0.2166364 0.2172696 0.7811723
0.3116964 0.3897576 0.4406578 0.2735045 0.125245 0.4526375 0.6777766 0.7468073 0.6973643 0.4360211 0.350333 0.1307642 0.6136445 0.4981177 0.3987901 0.8461958 0.6483426 0.6804963 0.7717218 0.6541104 0.4807611 0.6103518 0.8689038 0.9007515 0.7229512 0.8000257 0.4033239 0.1597916 0.2353926 0.1662095 0.1746913 0.2665326 0.1377138 0.07154518 0.1136961 0.446593 0.6000222 0.3293405 0.2699632 0.1642685 0.2401972 0.4003437 0.2157791 0.1389126 0.3739987 0.4418685 0.4660932 0.5016659 0.7370332 0.6741045 0.6277961 0.5835426 0.3789867 0.3983935 0.6058692 0.7982569 0.6972096 0.6511821 0.8057731 0.686399
0.5340427 0.4821301 0.1497027 0.07164202 0.2738243 0.423759 0.4517201 0.3978051 0.6734989 0.6567436 0.4045013 0.215144 0.6132895 0.8022836 0.7024052 0.6111459 0.7197474 0.8248228 0.7747184 0.8642639 0.8807537 0.7125084 0.7242003 0.6514462 0.9119909 0.8343687 0.5984347 0.09293614 0.0248717 0.1613514 0.2563268 0.370627 0.2386146 0.2718674 0.1078135 0.230155 0.6968204 0.5789696 0.4381073 0.3325934 0.231504 0.09130513 0.1209669 0.1782065 0.1718377 0.332907 0.3158172 0.50271 0.7080428 0.4941912 0.3170935 0.5151138 0.4269106 0.6077437 0.3232599 0.5705172 0.6655227 0.3711502 0.4315713 0.5923307
0.6357256 0.7529928 0.8566273 0.3426387 0.08488607 0.182243 0.2831308 0.4131925 0.4701102 0.2141456 0.1225044 0.1079878 0.5130123 0.6755486 0.5073287 0.6076491 0.2481857 0.460107 0.7768463 0.8633602 0.846091 0.8906298 0.8723658 0.9266667 0.8919522 0.9124297 0.9189851 0.2981154 0.1765294 0.5023228 0.6783168 0.5215568 0.2481174 0.1168686 0.128404 0.1268297 0.6253914 0.6878114 0.372569 0.369224 0.2601046 0.2288709 0.3336952 0.3241112 0.3671705 0.2854677 0.3668856 0.3651469 0.2141464 0.2445323 0.2469013 0.6052096 0.3580857 0.13228 0.2551973 0.2169272 0.1913221 0.1656157 0.3627372 0.4543516
0.880289 0.9415225 0.97306 0.9417441 0.7256321 0.7307006 0.7374103 0.3190016 0.2176809 0.2778251 0.09383659 0.1068496 0.1239323 0.6668583 0.7250643 0.808822 0.6996009 0.4111339 0.531146 0.7200575 0.7635753 0.9087879 0.8955724 0.8635873 0.8898881 0.9526283 0.8956089 0.8247987 0.8002203 0.9030136 0.7191336 0.4137001 0.05925931 0.01866423 0.03609773 0.1805093 0.5684159 0.6696972 0.7813974 0.8643746 0.9082254 0.5331979 0.3287722 0.5199587 0.2154949 0.3437151 0.332778 0.6552303 0.4454755 0.3184533 0.3057067 0.1890113 0.4788592 0.264853 0.2976536 0.3187526 0.3566607 0.3452017 0.06009525 0.521043
0.2157692 0.3951949 0.1975878 0.219561 0.52046 0.7398552 0.7094936 0.6774948 0.5671542 0.3798791 0.1842569 0.05705809 0.1709002 0.5682656 0.5228684 0.7038813 0.7731227 0.7995905 0.8391718 0.9032491 0.8026299 0.7578868 0.8350134 0.9072875 0.9335464 0.8797408 0.8908135 0.6849997 0.7066013 0.7609429 0.6504723 0.4122001 0.2056309 0.1289234 0.2661656 0.2875443 0.6908541 0.7038057 0.7783247 0.6842342 0.4268107 0.4690775 0.3812923 0.7070189 0.4109267 0.1591167 0.2092632 0.3860343 0.7371156 0.6600723 0.2817607 0.6476887 0.4797603 0.6192588 0.2708735 0.4969279 0.3801289 0.2535248 0.09302577 0.3772102
0.3321283 0.4123534 0.06619918 0.04212709 0.1232643 0.180127 0.1739586 0.4056394 0.7474098 0.6731866 0.1555887 0.4519104 0.2114132 0.4523232 0.6561108 0.3877629 0.5984614 0.5180578 0.6110837 0.6852758 0.5731481 0.5912191 0.5606673 0.5452033 0.2993344 0.4931066 0.5025697 0.4257137 0.4761952 0.5164469 0.5141273 0.5192717 0.249418 0.2653751 0.07288762 0.226663 0.3118565 0.3709937 0.284383 0.4264356 0.5236948 0.3623497 0.4177162 0.4804114 0.2540196 0.09357469 0.07752231 0.380134 0.1578715 0.5970112 0.2671801 0.561685 0.3361951 0.3439508 0.4891369 0.6830651 0.6213618 0.669988 0.6555032 0.5121722
0.3551179 0.2735153 0.1786853 0.1384812 0.2807018 0.5744853 0.1955158 0.1810567 0.4365252 0.443543 0.764168 0.4281254 0.3943489 0.2054857 0.6986893 0.5064439 0.3015312 0.2133958 0.1934498 0.7015908 0.4720587 0.5849558 0.696007 0.5957689 0.2718586 0.4319689 0.6563737 0.6199573 0.3555689 0.4935881 0.4900635 0.5395029 0.4500335 0.1649351 0.05058188 0.1819569 0.2694342 0.4541222 0.3531045 0.3575236 0.5010445 0.5683022 0.5175294 0.6783081 0.6047542 0.3871373 0.1505197 0.4319684 0.3511437 0.3591281 0.4189804 0.226676 0.4644499 0.5610309 0.3564853 0.4906129 0.719719 0.4431061 0.3798649 0.3949177
0.3039163 0.3097315 0.2250267 0.04437861 0.1488033 0.2519569 0.2047753 0.1888783 0.4050514 0.5361549 0.3255829 0.4251511 0.3329561 0.1661814 0.6072571 0.6779382 0.719376 0.7978345 0.8641361 0.7004958 0.6080739 0.7695422 0.6807571 0.788426 0.5977448 0.09514455 0.1971457 0.1467998 0.09205924 0.06412438 0.1447257 0.5020522 0.4934188 0.2116433 0.09724616 0.2346709 0.1007019 0.1476929 0.4770064 0.5534555 0.7054972 0.7288842 0.472399 0.505895 0.4862664 0.5582396 0.5161842 0.2926271 0.2797903 0.2349867 0.1711714 0.3335331 0.5322161 0.3875171 0.3206334 0.4667786 0.6127535 0.346682 0.8642592 0.7835916
0.3000039 0.5474086 0.2461494 0.2033095 0.1299285 0.1206495 0.1916318 0.1712353 0.106261 0.2101678 0.3545094 0.2860673 0.3322719 0.3664812 0.414697 0.6296008 0.5806271 0.5405521 0.5385293 0.3756185 0.3544624 0.4355168 0.571923 0.4522514 0.5209912 0.1347207 0.1673257 0.1124931 0.04249175 0.02189137 0.1541261 0.2543296 0.5416454 0.4749161 0.5161007 0.2232437 0.325484 0.2867913 0.5633283 0.5455131 0.5318722 0.757169 0.7422034 0.8242576 0.6023517 0.1113671 0.1351303 0.1552142 0.09833796 0.1155921 0.07437592 0.3633125 0.08174159 0.276775 0.6588312 0.7587569 0.7231116 0.7428131 0.4534521 0.5424762
0.4351028 0.3095984 0.2705339 0.1925538 0.2734583 0.2028853 0.3412392 0.4403159 0.4443212 0.4323629 0.4461186 0.6809846 0.5583264 0.3263708 0.5129443 0.2794954 0.2165593 0.2494258 0.2675401 0.555883 0.7135164 0.3838418 0.3155783 0.4310241 0.3970101 0.5488746 0.1261909 0.5963038 0.5273569 0.6124063 0.5762897 0.5403556 0.7581493 0.7301645 0.7920741 0.7506878 0.7846166 0.5433531 0.7167021 0.8020464 0.837954 0.8405952 0.9103961 0.7865109 0.7672905 0.783224 0.4378073 0.3049642 0.1345464 0.07452297 0.1093401 0.3871848 0.4407988 0.2735602 0.3907331 0.650957 0.8029926 0.6591227 0.5492934 0.405727
0.7478928 0.6295859 0.5462476 0.7097973 0.5089602 0.4171016 0.4464197 0.1759072 0.3696221 0.4660234 0.4956901 0.310232 0.4367354 0.4307729 0.7636799 0.694402 0.6492913 0.7561676 0.6723328 0.5213348 0.4345179 0.3538336 0.5595933 0.4441144 0.213245 0.4273242 0.5015044 0.738189 0.7946204 0.5677688 0.2592806 0.3308101 0.6420518 0.3832211 0.843799 0.7307724 0.8335014 0.695079 0.781884 0.9627529 0.9350863 0.7732556 0.7225429 0.6678659 0.9004011 0.9822141 0.9285215 0.5916083 0.6135897 0.01531348 0.0883679 0.1243574 0.2013626 0.5542248 0.3741779 0.7362323 0.8429014 0.6088629 0.6146542 0.7346164
0.4079636 0.8219569 0.9069419 0.7181867 0.5870527 0.4794534 0.3348924 0.6022335 0.4205678 0.4286354 0.5487823 0.3796608 0.4347135 0.4746641 0.8063858 0.7038428 0.3301792 0.2656525 0.6172212 0.8563335 0.921552 0.9393393 0.7209248 0.5757616 0.2533371 0.6581295 0.6031353 0.5860297 0.2973609 0.2671118 0.2441348 0.1320768 0.3116269 0.5220271 0.4199709 0.7836855 0.6772357 0.6401739 0.7865415 0.8226739 0.664871 0.6497042 0.8376475 0.8433132 0.7521046 0.9791076 0.9519182 0.7838011 0.7144216 0.7973149 0.6221747 0.5086266 0.532558 0.6941983 0.6094383 0.7425236 0.934618 0.9577525 0.783251 0.2384492
0.1898375 0.3026153 0.8018522 0.9670095 0.6954259 0.3919491 0.3608135 0.3836702 0.5681608 0.3342224 0.323322 0.7987478 0.4039867 0.4723442 0.3191707 0.5485517 0.5223001 0.3267623 0.8323743 0.8665575 0.8035307 0.9337823 0.8877136 0.9727357 0.6809194 0.6345813 0.370933 0.1594535 0.209095 0.282566 0.3311074 0.7037953 0.3978316 0.6385013 0.5715652 0.2709839 0.7215826 0.6391217 0.5971236 0.2803183 0.2406642 0.3821838 0.4246273 0.3348275 0.3935555 0.3828536 0.5858355 0.9245788 0.7078444 0.8498809 0.721638 0.4707266 0.5950061 0.632126 0.603415 0.8710486 0.8872842 0.7244178 0.6723576 0.6265801
0.2179798 0.2194819 0.1508328 0.4269753 0.3732635 0.3345767 0.5900847 0.5766979 0.474523 0.4148745 0.3116343 0.382303 0.4938784 0.4795702 0.8039553 0.7671106 0.5215351 0.7498707 0.5094292 0.3765075 0.4026325 0.4388351 0.4439541 0.6854513 0.5093172 0.1581119 0.09716318 0.3657876 0.5518493 0.5938991 0.4470462 0.1482379 0.4369783 0.3759059 0.5541285 0.6508188 0.5637861 0.7709618 0.791471 0.8203505 0.5100525 0.6073087 0.3810678 0.5858358 0.6777709 0.3954188 0.4742705 0.7454002 0.7359887 0.770744 0.7386065 0.4637396 0.2929892 0.4336884 0.4365501 0.8179491 0.8213173 0.6729019 0.5939892 0.7611261
0.4630278 0.3518489 0.4249159 0.4875956 0.5728402 0.4164716 0.4531958 0.3084502 0.4892391 0.8106209 0.7483435 0.5126118 0.3071745 0.540935 0.6887833 0.7112258 0.5187896 0.3090277 0.3866998 0.1235259 0.03800664 0.01322683 0.09750183 0.1462839 0.1597196 0.1706836 0.06085697 0.2192706 0.5884731 0.481066 0.8291875 0.8195165 0.8305882 0.5794526 0.6302664 0.7150876 0.4154483 0.3853732 0.6481386 0.8571649 0.8106447 0.5031122 0.960633 0.7223131 0.5179351 0.4771783 0.6214124 0.6597935 0.8675973 0.8892944 0.8747332 0.5292498 0.2475805 0.3538367 0.4538688 0.709401 0.544673 0.5435192 0.6512771 0.8856095
