DATA/PredictorVariables/Current/orient.asc
ncols         590
nrows         274
xllcorner     -7.522276026
yllcorner     35.996888128
cellsize      0.01
NODATA_value  -9999
[rows 108 to 134 of 274, columns 360 to 419 of 590]
0.8012721 0.7822464 0.6316528 0.6125407 0.6495423 0.7564953 0.5632827 0.7296656 0.7457204 0.2733284 0.1367483 0.02898528 0.0386146 0.4205242 0.2590255 0.2313075 0.1928599 0.2454831 0.3904674 0.7571248 0.2743739 0.5344859 0.5729428 0.8304982 0.7710072 0.7630042 0.4188433 0.2088656 0.2519535 0.2540521 0.4475146 0.1874047 0.5453866 0.3638822 0.4790455 0.2613764 0.6544746 0.7758421 0.6123955 0.76451 0.9283091 0.9555283 0.8974994 0.9490079 0.7351384 0.8072658 0.7245601 0.5853302 0.7572665 0.5591642 0.4418248 0.6446609 0.4259327 0.4125807 0.5157425 0.3946708 0.6508949 0.8302728 0.6191915 0.53852
0.5012515 0.4333255 0.5532313 0.6658303 0.6167706 0.3807301 0.4781193 0.3827361 0.7429565 0.7775865 0.7197416 0.3085012 0.05202825 0.1681076 0.3766239 0.2842236 0.4170806 0.1675487 0.1888333 0.7333835 0.4612179 0.1350781 0.358077 0.7150474 0.9106161 0.4850038 0.3744005 0.2800423 0.2803074 0.4724289 0.6770009 0.3590762 0.637022 0.6236223 0.4087637 0.2659375 0.1472857 0.2352022 0.4219936 0.7077956 0.6083604 0.5437751 0.7778768 0.9593194 0.6065488 0.3184992 0.1429598 0.1695069 0.1581233 0.1338046 0.1752266 0.7383134 0.252616 0.7756096 0.8029553 0.9200792 0.7642753 0.8846238 0.7805778 0.429707
0.645044 0.8134063 0.9274302 0.7333133 0.7541237 0.6424662 0.6800416 0.4905394 0.3258496 0.7913373 0.9535933 0.9653357 0.8901073 0.7504752 0.6575062 0.3669033 0.2247943 0.3873384 0.3021187 0.4590717 0.9125775 0.9579174 0.812636 0.5181909 0.6173497 0.5761247 0.4133 0.425911 0.3743149 0.3103108 0.4021287 0.1381186 0.6858981 0.664831 0.6427155 0.3554189 0.07498982 0.1329343 0.03384541 0.1976787 0.3825057 0.5557746 0.1844593 0.6544209 0.6173879 0.1309138 0.1851034 0.2696514 0.1924904 0.1806609 0.2967429 0.5388907 0.1893711 0.2208242 0.5830587 0.6216255 0.566381 0.663393 0.793919 0.6007311
0.6039417 0.7389241 0.5124996 0.6925163 0.6378337 0.5774857 0.4168202 0.5177773 0.3735215 0.2094078 0.5402191 0.9514672 0.9820199 0.9474252 0.9851576 0.9773234 0.458027 0.1419502 0.03903512 0.08941059 0.05178965 0.3808172 0.3820224 0.7195601 0.292735 0.5463415 0.3323698 0.1602934 0.2343437 0.09814515 0.1899864 0.3372511 0.4820315 0.3255767 0.3374431 0.429042 0.1744061 0.1803449 0.082083 0.1490768 0.1825606 0.301048 0.2869204 0.5104064 0.5592699 0.573545 0.247243 0.2379765 0.1701932 0.2500238 0.0801727 0.3001064 0.08424436 0.1970375 0.2627877 0.6538514 0.6901628 0.5953396 0.6887699 0.718189
0.402271 0.6189688 0.658758 0.6704101 0.8047248 0.3914827 0.7371204 0.8479064 0.5031044 0.2472152 0.2815055 0.6883688 0.6017674 0.5039979 0.3977671 0.4035228 0.07267022 0.06596951 0.06290325 0.05323345 0.03029284 0.2631323 0.5567149 0.6149617 0.2927342 0.2550539 0.1139025 0.259567 0.441478 0.2920516 0.2708305 0.2248056 0.4795004 0.6010825 0.6209755 0.5929328 0.3576312 0.32368 0.3794731 0.08412613 0.185646 0.1155954 0.4582068 0.24752 0.4836439 0.5321825 0.7568315 0.8979751 0.6681443 0.519425 0.3721929 0.6919392 0.493432 0.4480118 0.3553543 0.5060822 0.5160101 0.4952736 0.4714554 0.5720822
0.6926151 0.3236756 0.8161554 0.8164377 0.7874581 0.8136322 0.6310998 0.8676459 0.9114525 0.7876886 0.3501643 0.5409048 0.6327165 0.4736315 0.4533719 0.7013746 0.6574293 0.5126001 0.8921243 0.7444878 0.2868241 0.2981797 0.3383346 0.7787268 0.8394838 0.5648413 0.47389 0.339491 0.3415092 0.1392657 0.2061555 0.3085697 0.5444468 0.7720743 0.8804808 0.8620356 0.7353318 0.7545123 0.5133147 0.2325782 0.2787618 0.1206874 0.3703184 0.5419696 0.5656461 0.490999 0.6616679 0.5803229 0.6617762 0.3846511 0.2945963 0.4564259 0.4038932 0.3103837 0.2526253 0.1958809 0.480692 0.4865939 0.5146065 0.6099832
0.2115294 0.4798898 0.5755093 0.6339461 0.7660376 0.6243201 0.5680308 0.7763701 0.9547476 0.8257629 0.5951807 0.6657486 0.6234328 0.6816341 0.5776461 0.6068459 0.7762157 0.4511069 0.3357359 0.6576258 0.5715716 0.3330635 0.2927457 0.2371962 0.596424 0.3303753 0.4454511 0.3293336 0.470363 0.4073503 0.417532 0.2037615 0.4060318 0.6544026 0.6576334 0.797971 0.8795643 0.7515036 0.8351964 0.7801092 0.4636151 0.5290958 0.3440983 0.4459192 0.290046 0.150559 0.2084718 0.6765317 0.6724387 0.7461607 0.5406939 0.4987098 0.6355165 0.6032386 0.7326814 0.6885082 0.9304009 0.8324411 0.8174182 0.7072555
0.5392691 0.5789027 0.2786071 0.3994654 0.2161109 0.1651299 0.1756144 0.2797065 0.2794565 0.3521336 0.3694159 0.293267 0.380729 0.4476853 0.728453 0.5503085 0.6654277 0.8741923 0.5305387 0.3555598 0.3882729 0.4592584 0.6099716 0.3382239 0.4972693 0.7027013 0.4594979 0.5959663 0.8084353 0.7904091 0.5121394 0.3556981 0.4405421 0.4595239 0.3618575 0.3744335 0.2249496 0.4283942 0.4020953 0.5341932 0.4995845 0.5150489 0.6670393 0.5492077 0.6856968 0.4908772 0.1960017 0.2670025 0.829917 0.903476 0.7279345 0.8372657 0.663196 0.6139596 0.709943 0.690893 0.8975153 0.8006433 0.6361408 0.7158802
0.8820353 0.7319322 0.7997236 0.8048612 0.8196709 0.6106882 0.2816934 0.3149314 0.2357339 0.2502315 0.2699351 0.154771 0.4719102 0.4766908 0.7776572 0.8300925 0.7502855 0.8639107 0.4593496 0.2940624 0.1733961 0.3981387 0.6149833 0.1928851 0.4084975 0.692945 0.8093179 0.7165297 0.8219996 0.7236945 0.7313542 0.3958822 0.2511562 0.1796734 0.328909 0.3260587 0.330061 0.3865522 0.3538213 0.2070055 0.4086306 0.3073758 0.4109623 0.291222 0.6148902 0.8072625 0.7419511 0.5852096 0.3196826 0.6146903 0.8374453 0.7802497 0.8501175 0.6121113 0.4078254 0.4856622 0.5363452 0.570922 0.3620971 0.225365
0.4597548 0.545307 0.4122185 0.4111947 0.4180121 0.3430224 0.2626341 0.4146982 0.3911521 0.3914673 0.5022177 0.5873953 0.4443832 0.4586569 0.1908249 0.1477652 0.1255174 0.4027963 0.7966694 0.8613479 0.5291236 0.5221617 0.4279965 0.1813588 0.1807667 0.1366148 0.3117622 0.5184899 0.5128731 0.4572149 0.4547293 0.5261815 0.4483174 0.2853466 0.4370953 0.8084785 0.8559573 0.7065054 0.6514022 0.5651145 0.1771166 0.2536149 0.4606304 0.3534389 0.2614159 0.4416464 0.7172724 0.7455814 0.5058945 0.5536029 0.4477178 0.5489678 0.5489868 0.5438592 0.4417598 0.3138208 0.1931371 0.291354 0.07160031 0.3780044
0.4665205 0.4481679 0.78125 0.7986893 0.6413823 0.6223332 0.4478399 0.277073 0.5669507 0.8534455 0.5683547 0.4904073 0.443624 0.5282692 0.3640365 0.41918 0.4385625 0.4619962 0.2376747 0.2419755 0.1194593 0.3896577 0.7264854 0.5725342 0.5734965 0.4361408 0.2733123 0.3970043 0.2741819 0.336733 0.376953 0.4080078 0.87434 0.9180321 0.8342482 0.762409 0.7438921 0.7905865 0.7518422 0.5572444 0.7504182 0.6509572 0.6077729 0.6464183 0.7678776 0.6602399 0.4324027 0.2781442 0.1748683 0.1822086 0.2819956 0.3001243 0.2451503 0.1203515 0.1498103 0.3632517 0.1347544 0.3144913 0.1865593 0.1595061
0.619312 0.8194584 0.5944164 0.7877834 0.7782267 0.8256291 0.5568724 0.1577941 0.07702356 0.6574311 0.7032954 0.3230152 0.3915985 0.4841114 0.7377485 0.2805451 0.2388033 0.3104028 0.1972162 0.3857542 0.2853957 0.6674477 0.4947133 0.3614153 0.5007857 0.6330681 0.403011 0.05986392 0.3091497 0.5234582 0.618301 0.6822291 0.5462638 0.6518306 0.5990766 0.7475389 0.7081813 0.5938586 0.5163824 0.6459634 0.5884375 0.5936666 0.7263896 0.7767468 0.4737296 0.7922917 0.8101586 0.6945215 0.7460274 0.3917885 0.251689 0.1884741 0.1699017 0.1997175 0.1412924 0.1820607 0.2113645 0.1058914 0.24984 0.06897584
0.06179112 0.5396259 0.7799093 0.4802471 0.3433638 0.5508078 0.921451 0.8687032 0.4429541 0.3231965 0.4238943 0.4352801 0.6783475 0.5249742 0.6207587 0.745043 0.6565836 0.7023511 0.4121039 0.502451 0.4411094 0.6012634 0.8420324 0.6959778 0.5558535 0.4058691 0.2806743 0.2078156 0.4585466 0.900813 0.9303784 0.8322344 0.8302202 0.7276541 0.7285401 0.5821717 0.5398657 0.9374467 0.7849092 0.8166146 0.7953944 0.581848 0.4733702 0.883208 0.397981 0.8687128 0.9149873 0.638707 0.5043831 0.3348939 0.1553713 0.2941755 0.1604535 0.1827242 0.1804516 0.1832576 0.1649581 0.2833477 0.5137814 0.2268549
0.5830733 0.3436462 0.4640799 0.728737 0.7534793 0.3309433 0.1820063 0.3275068 0.4081355 0.6342072 0.5566456 0.6902951 0.7102562 0.6384357 0.5831198 0.79331 0.7225071 0.809941 0.5089213 0.4257204 0.5085208 0.263704 0.5702408 0.4626202 0.3778379 0.6939237 0.4802225 0.4891116 0.7313054 0.8390438 0.9548689 0.8387946 0.7461885 0.6964519 0.7252071 0.6917753 0.5995826 0.4840672 0.7393359 0.8541392 0.7559961 0.7917845 0.5082664 0.6271212 0.5767047 0.5127268 0.4949381 0.3018304 0.1907828 0.2625347 0.1641169 0.3665314 0.2835397 0.2300666 0.1901556 0.3263263 0.1712677 0.294405 0.5801472 0.2442486
0.4559978 0.2273336 0.5483416 0.5412744 0.6117015 0.7950675 0.7078781 0.6202598 0.5643908 0.6011752 0.6111617 0.6154845 0.6881243 0.4244088 0.3086396 0.09950731 0.2006375 0.7470426 0.8475145 0.2540287 0.7248441 0.5998272 0.2955039 0.6528466 0.5254896 0.3534456 0.6872955 0.3744743 0.2775796 0.7293169 0.6236412 0.6065443 0.8862972 0.7353718 0.8114965 0.6777205 0.7793483 0.6519012 0.495015 0.3879841 0.4363367 0.8304226 0.6629131 0.3236081 0.3209778 0.6367604 0.5300208 0.1463125 0.1667155 0.2675116 0.1616744 0.1993048 0.2987399 0.6594851 0.59772 0.2374829 0.1466887 0.1444012 0.2781993 0.4555681
0.6118727 0.7296778 0.7066229 0.7416816 0.5398573 0.8507962 0.7959989 0.7308016 0.4447168 0.7324606 0.7361042 0.7463206 0.7408283 0.2124199 0.5235924 0.5159191 0.4159918 0.45105 0.771125 0.4443801 0.5666111 0.5813208 0.5671875 0.4839899 0.5720971 0.8058924 0.546993 0.7755263 0.5727218 0.4345844 0.8913076 0.8303096 0.9317167 0.7938973 0.8476321 0.8114286 0.8037193 0.8105128 0.532161 0.8006297 0.221555 0.4785492 0.7583814 0.4125923 0.6335626 0.7041114 0.6433458 0.5275705 0.3043213 0.7582082 0.7844959 0.7954077 0.734819 0.5030298 0.413091 0.5388542 0.6397468 0.6403853 0.5525864 0.3294508
0.6547121 0.590181 0.8428638 0.9271545 0.7251838 0.7795108 0.8234822 0.8329151 0.6545141 0.7015121 0.5744361 0.6523773 0.5480131 0.5958053 0.5293469 0.5325874 0.4562251 0.5686519 0.8767586 0.4741935 0.5714291 0.6179767 0.5963255 0.567961 0.2152234 0.1789359 0.4836237 0.6180654 0.8154487 0.4592903 0.8094728 0.8661833 0.8666486 0.5574013 0.4609328 0.5952926 0.6009881 0.9134477 0.6131046 0.6411086 0.5248462 0.242103 0.6109057 0.8524361 0.6955041 0.8142592 0.8847068 0.9552154 0.745477 0.959249 0.8979747 0.927616 0.7892134 0.914021 0.8034711 0.6689007 0.4774008 0.4354817 0.6048449 0.8213303
0.2513472 0.0857879 0.0845663 0.6087956 0.7551693 0.7855733 0.8820251 0.5960782 0.7801644 0.735972 0.5125353 0.732792 0.7102506 0.781883 0.5726673 0.7712165 0.5369385 0.1981491 0.6793313 0.7390353 0.4281262 0.8484848 0.7439934 0.6304934 0.2997023 0.1306591 0.2468536 0.2930457 0.8130639 0.4356639 0.6663904 0.5197203 0.349749 0.3438496 0.1938669 0.5161278 0.8053638 0.7322161 0.8812863 0.4731913 0.8093163 0.6017774 0.2370759 0.157161 0.6430652 0.7329727 0.8821423 0.937322 0.799573 0.8333792 0.7373019 0.8067266 0.9478016 0.8077692 0.734782 0.8239267 0.9062927 0.8262766 0.6045772 0.7303044
0.793334 0.6217035 0.778923 0.5971659 0.6061212 0.5088189 0.8597637 0.6320676 0.6611713 0.9549772 0.7072 0.6626617 0.6280022 0.6829653 0.5971817 0.7109569 0.4084094 0.1604253 0.1802162 0.8919474 0.6003474 0.6434913 0.6234002 0.5401375 0.4340002 0.7979082 0.6418739 0.467613 0.6009178 0.6131147 0.4531949 0.3415789 0.6151165 0.8102517 0.5620434 0.2754046 0.3241075 0.6790433 0.7190219 0.7048476 0.7565104 0.7988358 0.9100758 0.569266 0.681542 0.811105 0.6708653 0.8765244 0.6363252 0.568695 0.8237742 0.8458198 0.9679433 0.8123729 0.6708896 0.7577177 0.5548666 0.5869603 0.4015673 0.1680886
0.823676 0.6136793 0.6987942 0.8689803 0.7007688 0.2577036 0.7048162 0.6165444 0.5483055 0.808053 0.8767353 0.7781246 0.7686028 0.7961604 0.5941311 0.4456268 0.7173014 0.4550918 0.3627494 0.4520859 0.6699598 0.4163685 0.4819552 0.7241317 0.656555 0.6983556 0.7074844 0.293022 0.4333748 0.6601177 0.8138412 0.7614735 0.535399 0.3537815 0.4606992 0.4502368 0.7297723 0.7527954 0.7009855 0.8238729 0.6909741 0.6953345 0.6012297 0.4633935 0.5940908 0.702112 0.7558799 0.7265424 0.7590058 0.6978823 0.6378037 0.462755 0.7017796 0.6826388 0.6840363 0.7851987 0.8253847 0.7134266 0.6188099 0.6470058
0.6958252 0.5902565 0.2097643 0.7730935 0.8653043 0.7464416 0.7067935 0.4558144 0.6005672 0.4836281 0.5641255 0.6348373 0.5629382 0.4044733 0.8113071 0.8598294 0.8832788 0.7031315 0.2386585 0.3659943 0.5956582 0.5233127 0.465701 0.562094 0.6095914 0.7277197 0.5288747 0.8534355 0.5923355 0.496755 0.4712776 0.5776646 0.5958424 0.6069245 0.706296 0.6535082 0.4757975 0.4294341 0.3693688 0.5898305 0.8219004 0.7624496 0.6728075 0.56758 0.6737891 0.8012146 0.5833692 0.5834709 0.7480532 0.7302406 0.8940976 0.6490313 0.551197 0.52219 0.5775221 0.3899515 0.2663825 0.2460827 0.3560644 0.4384505
0.5351021 0.9482137 0.6708364 0.3943441 0.8086689 0.7130222 0.622886 0.5755788 0.6950389 0.8682205 0.9394375 0.7287062 0.7775092 0.9254225 0.6392124 0.5981059 0.4221046 0.6659802 0.6951114 0.5358393 0.8922277 0.9119264 0.6855474 0.7141178 0.7678121 0.7274507 0.9022528 0.5358538 0.4515955 0.6318969 0.4381017 0.2332063 0.4854929 0.3446141 0.3058673 0.2783255 0.3265715 0.3967217 0.5829741 0.6058462 0.4898957 0.5425776 0.4885424 0.2814913 0.4724902 0.6618572 0.5522798 0.6753302 0.460942 0.3414757 0.1490345 0.1380717 0.1933857 0.123632 0.2486938 0.2645328 0.2105889 0.06487902 0.04666094 0.3438416
0.09515986 0.2766872 0.393938 0.4295426 0.5940715 0.6193085 0.5344791 0.6200675 0.8576464 0.7459123 0.8295403 0.8561419 0.965635 0.9437658 0.9760439 0.8974818 0.7672796 0.4796872 0.492928 0.5110942 0.7251046 0.9081181 0.5323174 0.3957736 0.6236368 0.3538804 0.5371625 0.2746113 0.4396184 0.2432504 0.3946354 0.3798734 0.3897841 0.391617 0.2866074 0.3055619 0.5036824 0.3726618 0.2781426 0.6914369 0.8103767 0.7060475 0.5895989 0.6301181 0.4936332 0.7703879 0.6045581 0.5178341 0.6548701 0.5839692 0.3699113 0.220244 0.1583517 0.3586049 0.2832099 0.7144307 0.6591882 0.5384028 0.4745132 0.4624539
0.5062027 0.5962862 0.4022928 0.5526515 0.3748203 0.5101222 0.5999804 0.2927768 0.7064031 0.8466427 0.7600898 0.8337686 0.7545034 0.7102981 0.7342254 0.7046655 0.587604 0.3777497 0.3755028 0.4081174 0.7595255 0.5078874 0.2095065 0.5369561 0.6518782 0.4207315 0.3179276 0.2996794 0.251499 0.1403609 0.1293379 0.08218316 0.3903891 0.6262786 0.678992 0.8409283 0.4413409 0.6456586 0.431508 0.7519038 0.5165624 0.8417667 0.7505343 0.6820894 0.6717115 0.4265197 0.2300126 0.4686899 0.5628363 0.9122431 0.9051048 0.8739213 0.7213499 0.9645411 0.9171369 0.9342136 0.7390136 0.7316673 0.6260065 0.5747653
0.4795185 0.6067134 0.4236342 0.3186995 0.2268615 0.04197605 0.239185 0.4671698 0.2848698 0.6985752 0.6469594 0.5296737 0.7136579 0.7302155 0.7092645 0.5279372 0.1893339 0.3074233 0.334354 0.3994662 0.7029729 0.8323994 0.6806917 0.4242273 0.6138384 0.625531 0.7729108 0.8042517 0.4905893 0.351163 0.726795 0.2903216 0.09105393 0.1761159 0.2179874 0.4166093 0.5965582 0.7236781 0.6405739 0.6057389 0.6728358 0.4858381 0.7031907 0.5495406 0.6069469 0.5580031 0.5573652 0.5172735 0.7950736 0.9205512 0.8177052 0.6112036 0.4821468 0.8886927 0.8007298 0.6036727 0.3061168 0.1423851 0.1467169 0.07152925
0.3550973 0.128291 0.1626595 0.2089096 0.1566429 0.1721001 0.3459989 0.556356 0.3425067 0.2749465 0.2519666 0.7342853 0.7177752 0.5381956 0.5888342 0.8587506 0.6614926 0.2061716 0.01322833 0.1007812 0.5237594 0.1433979 0.28986 0.6686034 0.8594077 0.6630068 0.6754743 0.6261944 0.829635 0.5519843 0.6487215 0.7844911 0.6983272 0.4837924 0.5229015 0.5931224 0.8013747 0.6949066 0.9200784 0.4981312 0.6052849 0.418183 0.2013473 0.4901774 0.5586327 0.9538148 0.964076 0.8575834 0.9092065 0.8465149 0.8592518 0.7500943 0.7259046 0.5128824 0.4415984 0.5434865 0.122621 0.1113611 0.06166155 0.04154905
0.3148415 0.4640581 0.2662926 0.3675896 0.490456 0.3375002 0.3857293 0.7949932 0.4938414 0.2849897 0.1737964 0.4364446 0.9138991 0.8193231 0.7430363 0.6271093 0.6850869 0.8677789 0.5624635 0.224079 0.577669 0.7910984 0.6341025 0.5435389 0.7405427 0.4234016 0.3871522 0.7937297 0.8689831 0.9497964 0.7323276 0.7830974 0.85527 0.828689 0.6090437 0.2215978 0.4909733 0.4779678 0.341174 0.5421389 0.711293 0.41114 0.2134437 0.5141826 0.65592 0.7932581 0.7339858 0.5708303 0.3599401 0.2836763 0.2172216 0.1610214 0.1990459 0.4172868 0.4307071 0.2922404 0.3882842 0.32351 0.1851717 0.1529731
