DATA/PredictorVariables/Current/orient.asc
ncols         590
nrows         274
xllcorner     -7.522276026
yllcorner     35.996888128
cellsize      0.01
NODATA_value  -9999
[rows 108 to 134 of 274, columns 300 to 359 of 590]
0.390121 0.5247715 0.4256009 0.2163487 0.4802467 0.5552856 0.0994724 0.1231249 0.2955115 0.1321641 0.3566653 0.2604373 0.4740387 0.200632 0.4255515 0.6306895 0.5429502 0.4710772 0.1439662 0.1918716 0.3186664 0.2702132 0.4128682 0.6845019 0.5931141 0.4158166 0.4408885 0.2165487 0.2334628 0.4223488 0.6003605 0.5427321 0.7033248 0.6958803 0.6001566 0.4136078 0.3563331 0.714564 0.7734613 0.8742648 0.6150727 0.5411348 0.6866538 0.7489973 0.7645031 0.8536843 0.7791595 0.7574919 0.8859637 0.7654303 0.623375 0.5063561 0.8636993 0.6448973 0.5616774 0.7569169 0.6744965 0.5699272 0.5336443 0.8482512
0.9134697 0.9382165 0.8291802 0.82876 0.7737605 0.8184659 0.4959615 0.1315774 0.2132455 0.4530568 0.2921229 0.4936235 0.3623467 0.3953752 0.2292728 0.6663598 0.7396352 0.6514823 0.7096268 0.5679716 0.4439842 0.24124 0.1188607 0.4821004 0.802522 0.4290308 0.2508842 0.4282828 0.2818334 0.3507657 0.7471954 0.6706802 0.5467511 0.3670804 0.4220406 0.7434896 0.5225841 0.2128322 0.4509367 0.7659774 0.851243 0.7576094 0.6424658 0.7412289 0.7699022 0.5853567 0.4400514 0.4059853 0.4664275 0.5677199 0.6582338 0.6896722 0.9466419 0.8649001 0.7791963 0.7156607 0.7865413 0.8303537 0.9253603 0.5688389
0.7259383 0.73317 0.721562 0.5057564 0.3161205 0.5800554 0.8244042 0.4814092 0.2402771 0.3030874 0.4282498 0.4932528 0.1477388 0.1763268 0.157151 0.09510019 0.6659867 0.891197 0.8936538 0.9356459 0.8756852 0.6754327 0.3525073 0.3324175 0.4333295 0.5759475 0.5080962 0.3635306 0.1042409 0.1721072 0.6285855 0.3899635 0.6089439 0.6298721 0.6440395 0.8049647 0.7022569 0.5364575 0.1409998 0.5651341 0.610702 0.7387354 0.6378853 0.5364149 0.2850431 0.364926 0.3761372 0.5056119 0.5359756 0.07425411 0.0669058 0.007524504 0.1252967 0.31784 0.4919267 0.7290356 0.6690544 0.5955561 0.5615559 0.6944607
0.7061503 0.7447978 0.7229359 0.6979529 0.5745328 0.1667819 0.4224074 0.438022 0.3942518 0.2703754 0.6996415 0.5450206 0.3234476 0.1753144 0.173694 0.1287465 0.1383464 0.1638049 0.6971096 0.5806959 0.8988033 0.9820688 0.9798141 0.9187447 0.4538729 0.1170524 0.2057846 0.2558919 0.4374301 0.2872918 0.4046622 0.8125132 0.8028378 0.9046731 0.7564499 0.6392372 0.6012868 0.7940921 0.4124686 0.1705083 0.4482288 0.3179587 0.2059822 0.3611485 0.3985996 0.1285391 0.6070039 0.4001068 0.7336002 0.7393053 0.4869037 0.3141779 0.1330298 0.1757807 0.1618106 0.2664767 0.1896788 0.551562 0.5631676 0.2147941
0.6004778 0.7247897 0.7926558 0.7377247 0.4728938 0.2128967 0.3297567 0.3218104 0.1884733 0.177689 0.7659118 0.8060929 0.5473999 0.1754012 0.3499176 0.07424166 0.07523272 0.1175318 0.2807597 0.4275348 0.6094629 0.413064 0.3854856 0.5316309 0.699738 0.3194747 0.3642855 0.1956716 0.1465013 0.1861362 0.3422505 0.3862465 0.4326903 0.4368728 0.3734072 0.8717104 0.7968115 0.7134146 0.6858703 0.244765 0.3825696 0.2906792 0.4920675 0.1854875 0.2499313 0.1763617 0.3764641 0.5172809 0.3726055 0.2505966 0.7901961 0.6027737 0.4430438 0.4021621 0.2952994 0.3988099 0.2634143 0.09832826 0.5237389 0.5869465
0.2594929 0.2140596 0.3487105 0.7776856 0.987599 0.8282428 0.5327019 0.233253 0.3751432 0.2771982 0.3658766 0.8738128 0.9244209 0.8122091 0.9750276 0.8194168 0.4147283 0.2507769 0.1527537 0.05011461 0.339699 0.6873736 0.6114578 0.6063698 0.6339886 0.6742311 0.5848056 0.4980149 0.3872975 0.1590447 0.330075 0.3223349 0.2544015 0.3058479 0.6472682 0.2956711 0.7948395 0.7643844 0.6634343 0.5737491 0.4349691 0.2705651 0.6321164 0.6865005 0.5525985 0.3811981 0.4031714 0.4616807 0.5397209 0.2703817 0.123348 0.4668134 0.438879 0.3163499 0.2042291 0.2480199 0.2662442 0.4096363 0.2782809 0.5058566
0.3439704 0.1860733 0.1158017 0.3574534 0.6469732 0.8270839 0.7653899 0.5315288 0.2036638 0.140714 0.1750963 0.3793617 0.671173 0.9390314 0.7350157 0.5698904 0.4699566 0.1852446 0.4895836 0.4588855 0.2920296 0.6621944 0.9332448 0.9639136 0.9901642 0.9589485 0.7021497 0.4276279 0.2553057 0.4420128 0.3188616 0.7351762 0.6027737 0.4595414 0.4276629 0.4443567 0.5810776 0.778603 0.7517914 0.9524313 0.9419678 0.7513905 0.8939337 0.937884 0.9452493 0.8362725 0.7055564 0.6273198 0.733339 0.9451963 0.6786009 0.4907013 0.6518214 0.7316546 0.7631164 0.6904961 0.5527794 0.2879303 0.2453495 0.3258761
0.5648503 0.2398838 0.1449344 0.1351384 0.2225093 0.1976673 0.6376154 0.7183902 0.4530063 0.1986368 0.06556962 0.3804513 0.1216689 0.2970941 0.7935473 0.7013474 0.7111978 0.6725784 0.4242967 0.2483734 0.2181375 0.438345 0.2440352 0.3322375 0.6685074 0.6741545 0.5750702 0.7543938 0.4617981 0.3753174 0.3170187 0.6215421 0.8539151 0.357396 0.268717 0.204954 0.5454827 0.8013939 0.881999 0.768769 0.7163185 0.8686609 0.8726904 0.7705022 0.8774147 0.9232616 0.8473523 0.7357156 0.7350058 0.8475757 0.6660532 0.478803 0.8732811 0.9056794 0.5980676 0.7998006 0.8081126 0.855564 0.82047 0.8122249
0.4037149 0.6108419 0.154088 0.01644304 0.03125415 0.1029721 0.06627266 0.2648403 0.5197109 0.3945798 0.2477653 0.4667778 0.3802243 0.3283768 0.7157619 0.6432478 0.4449932 0.3471388 0.1802897 0.3261112 0.268285 0.6401047 0.6686729 0.1664121 0.07506935 0.2477834 0.3911624 0.5956285 0.5087802 0.251081 0.07985421 0.05343679 0.482977 0.8835365 0.608462 0.5505853 0.4832247 0.5916153 0.8209043 0.8194987 0.7441772 0.9016582 0.9320543 0.8598433 0.9773321 0.9642965 0.9016271 0.9532396 0.9140173 0.8832095 0.8652286 0.4786881 0.6571768 0.7118774 0.8748083 0.8445328 0.6589396 0.603542 0.8447617 0.7918595
0.7001351 0.7592319 0.9535713 0.8014126 0.5244083 0.5956973 0.4648265 0.1154446 0.07365596 0.08525969 0.3022996 0.4208446 0.3359359 0.3490705 0.4841025 0.7950634 0.8688746 0.3794183 0.4577655 0.3855419 0.3250696 0.3577222 0.1882454 0.3993815 0.2614973 0.1122828 0.03932203 0.02503907 0.1269598 0.1052347 0.08463234 0.02336927 0.1497428 0.5460499 0.6130815 0.3325347 0.265046 0.2307476 0.527367 0.7826625 0.8929836 0.8054112 0.8842983 0.9663634 0.9507587 0.8632233 0.7413887 0.9099665 0.7685562 0.945904 0.9436558 0.7450745 0.8071288 0.6199746 0.7881916 0.80216 0.8800519 0.5202713 0.6707924 0.4084964
0.7347296 0.798291 0.7359771 0.857122 0.6286381 0.6951975 0.9481196 0.946156 0.8786592 0.6986574 0.4931202 0.4297 0.2449104 0.1654111 0.3010745 0.4967867 0.6683029 0.8116093 0.427165 0.3580694 0.6169702 0.5131976 0.3313099 0.2763146 0.397723 0.6290898 0.4715925 0.3738013 0.2300691 0.188703 0.1679989 0.1440291 0.03221492 0.1575215 0.5699619 0.1776028 0.2079002 0.08969498 0.366108 0.1968304 0.6934715 0.8054309 0.707851 0.9413123 0.7879801 0.6833608 0.5260953 0.3576583 0.7888791 0.9411495 0.6652246 0.602359 0.8507155 0.7439245 0.721276 0.7151864 0.96481 0.6059211 0.619298 0.1388452
0.4307815 0.4091309 0.6027526 0.7430998 0.5236363 0.4296014 0.706614 0.9524322 0.7361278 0.8325823 0.6768197 0.7119915 0.7860261 0.2471217 0.2176919 0.1105976 0.1454323 0.06291812 0.125274 0.1127286 0.1811891 0.5221527 0.4268042 0.2437116 0.1935212 0.1785953 0.2745931 0.4629087 0.2262042 0.1120959 0.3127513 0.05257126 0.02492961 0.1072202 0.3768771 0.5857031 0.1738505 0.3406757 0.2668159 0.1771815 0.1213525 0.748134 0.9353524 0.8873308 0.6562294 0.7879348 0.649915 0.7005451 0.5115702 0.9342967 0.7942167 0.5626585 0.4646462 0.3384857 0.2847897 0.4118044 0.2150123 0.7536739 0.8310273 0.6133615
0.7703786 0.7782782 0.7215748 0.4971028 0.3876633 0.5239317 0.7946211 0.8204868 0.8460028 0.8898483 0.6404264 0.5135504 0.3541017 0.4345714 0.381934 0.2924303 0.2150926 0.0752855 0.1107996 0.3474992 0.2472523 0.5049848 0.3783247 0.02736159 0.1633166 0.1948716 0.2450453 0.5693517 0.8454305 0.6896135 0.8035121 0.7430979 0.4002164 0.3448471 0.2971921 0.747414 0.3054371 0.4839237 0.1800638 0.1327973 0.3075025 0.2458254 0.5240845 0.530813 0.4559012 0.3184881 0.6419528 0.6473209 0.6078473 0.3203942 0.2251597 0.2093662 0.1554431 0.04364949 0.2923464 0.3149885 0.4748047 0.2746505 0.4360324 0.3309637
0.8704156 0.8286913 0.9669648 0.9042482 0.8298681 0.638307 0.8104997 0.8027497 0.7168272 0.4965599 0.4951386 0.4577542 0.4714065 0.307365 0.3058413 0.5212399 0.9287363 0.7331912 0.4148278 0.3915227 0.2828827 0.5874096 0.4518076 0.1779352 0.1329098 0.004165188 0.1709364 0.01524546 0.1296817 0.4905823 0.7595954 0.6874112 0.8069163 0.5933634 0.3965892 0.6290745 0.2761794 0.3669609 0.3636408 0.1056919 0.05172272 0.07636922 0.2843727 0.6898885 0.8822583 0.372759 0.1253362 0.2312827 0.2634878 0.3707432 0.2664526 0.2804517 0.556784 0.234833 0.157853 0.2314992 0.2360322 0.1487953 0.3418732 0.6156025
0.699109 0.6925714 0.7971945 0.7948657 0.7930246 0.7085435 0.6707296 0.7339852 0.7157277 0.5127014 0.5699401 0.5864255 0.7239108 0.7493973 0.6864932 0.5853184 0.5020456 0.5638634 0.1293179 0.2659077 0.1728839 0.1973364 0.4896584 0.5932978 0.7382231 0.4792258 0.248203 0.6123309 0.5301176 0.1278259 0.1032667 0.2978954 0.5016575 0.4939573 0.4502299 0.5114685 0.7278823 0.2335917 0.2708586 0.3739149 0.1633244 0.1221886 0.2448775 0.574974 0.5633985 0.6210508 0.3923654 0.3823822 0.4364869 0.5949889 0.9057662 0.6996949 0.5121262 0.2586032 0.3898411 0.2536006 0.2220091 0.251535 0.2656089 0.351119
0.8966312 0.828739 0.8303663 0.845246 0.7813884 0.4870869 0.7515503 0.5165606 0.474254 0.4430418 0.4754228 0.6473578 0.6748373 0.6836902 0.3083629 0.595276 0.4146845 0.300023 0.5975572 0.3828249 0.2899195 0.4375766 0.8080189 0.8060749 0.9522632 0.9602758 0.7096695 0.32164 0.592315 0.6821713 0.6200466 0.4925647 0.4287815 0.5617162 0.3777792 0.1278414 0.4977996 0.8258151 0.8767586 0.8337626 0.5890116 0.3530343 0.4027727 0.6686082 0.4017193 0.5617615 0.7712945 0.9447503 0.9788924 0.9636834 0.9131659 0.8948215 0.8566695 0.3867018 0.2233301 0.78232 0.6839635 0.6343988 0.5292124 0.4366504
0.792323 0.732281 0.5889263 0.4660616 0.4706323 0.4820829 0.3492895 0.6821841 0.4862011 0.5461705 0.5373324 0.3796131 0.594689 0.6765329 0.302714 0.3311552 0.9393902 0.6901454 0.8803619 0.4817971 0.4823991 0.4256999 0.4610265 0.7659704 0.2767261 0.4035163 0.5274425 0.8122268 0.7168502 0.752452 0.6542118 0.4748895 0.3651913 0.5607705 0.7151331 0.3496909 0.1160569 0.1318254 0.05215379 0.1045218 0.1259384 0.3614845 0.3536183 0.6555364 0.7800054 0.8182325 0.8788587 0.9230366 0.9495522 0.9235473 0.9216496 0.7008696 0.5945748 0.4993803 0.09969182 0.1489347 0.8020323 0.9088959 0.6791155 0.497986
0.5807863 0.6364043 0.7642018 0.8296205 0.7028694 0.8013521 0.2937225 0.7862558 0.7172254 0.8597825 0.8043872 0.6395882 0.7929634 0.9155858 0.8361553 0.6615528 0.5998132 0.6185359 0.804032 0.9017062 0.7799945 0.5359375 0.5708627 0.7378888 0.8567473 0.7070783 0.6147256 0.5830325 0.5014178 0.5588123 0.5522736 0.4515145 0.3460784 0.2555266 0.4482321 0.4464335 0.4131318 0.5162042 0.3632828 0.2795479 0.2465165 0.1877256 0.4283707 0.2568711 0.6245654 0.8368965 0.884599 0.8684869 0.7397828 0.4819044 0.462848 0.3658126 0.5637908 0.4902314 0.3448484 0.3351205 0.2530836 0.3609549 0.3431584 0.4804807
0.7647181 0.6463081 0.5825474 0.5548753 0.4642172 0.773963 0.9532475 0.7925017 0.8566706 0.8729736 0.8608719 0.9620202 0.9607592 0.9888957 0.9244978 0.9736477 0.972269 0.7352461 0.8756409 0.4356771 0.8078243 0.5255228 0.5787175 0.9474865 0.8149324 0.8531715 0.7227485 0.5099587 0.5643409 0.4816049 0.4289489 0.4086857 0.404495 0.3451116 0.7804946 0.6764165 0.1798047 0.259343 0.1321677 0.03933864 0.08377556 0.1487631 0.4383454 0.7027484 0.5817648 0.4492148 0.5371184 0.7213644 0.7639804 0.8651134 0.8373643 0.9063347 0.7686318 0.9544927 0.6723731 0.316959 0.3537723 0.5761593 0.3673017 0.679478
0.3026164 0.3818538 0.3482815 0.2607522 0.135438 0.07488639 0.1748866 0.6218789 0.4242967 0.3710423 0.6859791 0.6526178 0.733604 0.7988789 0.6019183 0.5550145 0.4529833 0.2212872 0.4962981 0.7666008 0.4876678 0.3919962 0.241652 0.4003368 0.5461217 0.3719077 0.5092371 0.2933712 0.4082049 0.2286794 0.3935149 0.6305412 0.7319849 0.3931587 0.7268321 0.8039967 0.8198394 0.8253784 0.7288384 0.580381 0.5355731 0.3080038 0.3694144 0.3231379 0.4756581 0.6958743 0.3340681 0.07438567 0.589578 0.722239 0.8668172 0.7249519 0.6028227 0.6323485 0.6470233 0.1538416 0.01365261 0.1463951 0.3728326 0.3484437
0.22067 0.1623753 0.1216106 0.1747124 0.466118 0.3074651 0.3628283 0.1214075 0.5131647 0.6546447 0.4141839 0.5235674 0.2078851 0.6054407 0.7224315 0.7636755 0.7725101 0.5149524 0.1786033 0.06069887 0.196682 0.2494021 0.172092 0.09773472 0.3133725 0.3113967 0.3813787 0.2347416 0.428313 0.2396067 0.2823774 0.4508472 0.4640092 0.4194899 0.5736514 0.7559754 0.987354 0.9928596 0.8330794 0.6974847 0.398835 0.2697093 0.4226344 0.2841542 0.4696183 0.5521365 0.6352291 0.1980425 0.1376569 0.6533237 0.6770629 0.6711355 0.6986819 0.5808455 0.4324012 0.2158857 0.1048214 0.1247344 0.3548003 0.3774085
0.3900057 0.1743372 0.120439 0.01921645 0.110762 0.3095772 0.2123171 0.2349272 0.2231869 0.5935609 0.5691171 0.709823 0.71518 0.5832691 0.4228114 0.5804635 0.3403495 0.5785595 0.7142496 0.7832881 0.849527 0.5136417 0.8373073 0.4785998 0.4305284 0.3520103 0.1328692 0.3674697 0.215849 0.5495263 0.4664166 0.06773432 0.02549833 0.3604341 0.8461748 0.7254875 0.6427732 0.801385 0.7332317 0.3398292 0.365716 0.3031391 0.3995326 0.3644195 0.2317249 0.3901078 0.7294464 0.505653 0.06950362 0.196324 0.2782234 0.3226871 0.07214058 0.4367041 0.7712517 0.3531783 0.2440368 0.3525169 0.7789482 0.525707
0.8945873 0.8632995 0.9116015 0.5828614 0.7752433 0.8604933 0.8709719 0.5498338 0.3150731 0.3878111 0.6415319 0.535931 0.4729368 0.8682349 0.7426329 0.8592482 0.7738878 0.4369338 0.6453294 0.8011717 0.6725708 0.7873489 0.4652981 0.472884 0.3699953 0.2468592 0.2968463 0.3629911 0.1719524 0.3728132 0.4645965 0.1032293 0.114572 0.09671088 0.6167353 0.3478532 0.3587101 0.3321539 0.2018392 0.1881762 0.1729262 0.08802468 0.1215339 0.1843769 0.6686445 0.07040687 0.1564977 0.7109644 0.5045138 0.3563688 0.2913084 0.3703942 0.1330631 0.1515794 0.1487592 0.5138283 0.4699583 0.3295804 0.1876095 0.3398188
0.6975589 0.967867 0.9447819 0.7845815 0.9430237 0.7372363 0.7975894 0.615932 0.4544585 0.4267868 0.4859694 0.6373085 0.4560226 0.4777788 0.7418375 0.7740383 0.5479424 0.4979844 0.1450351 0.3495377 0.8817016 0.6324507 0.536585 0.2808467 0.30361 0.2881521 0.3624126 0.5643297 0.3493933 0.4729209 0.3471685 0.7116596 0.722335 0.433149 0.3239883 0.8685138 0.7320849 0.5374969 0.3930408 0.2899336 0.2935184 0.3431961 0.4113087 0.2978761 0.5649641 0.2363687 0.09935053 0.1537533 0.4307358 0.6345417 0.6530297 0.4716254 0.4981066 0.3012162 0.8151976 0.6502762 0.3389705 0.06806768 0.2492412 0.539912
0.7806187 0.7144121 0.4310358 0.3024906 0.2455259 0.4156635 0.3877676 0.642221 0.4643476 0.4083851 0.7861214 0.7864999 0.5657945 0.7258945 0.5353629 0.6157742 0.4533911 0.6544734 0.6272092 0.5851226 0.5846871 0.491084 0.5856832 0.719404 0.6481079 0.4824947 0.2840665 0.4472337 0.4198623 0.4687262 0.2310207 0.3220917 0.3269037 0.4107069 0.482877 0.5672004 0.5249133 0.2881934 0.4902533 0.4156772 0.2908329 0.3351319 0.3968798 0.2521317 0.7727377 0.8124456 0.3574208 0.2070207 0.3540632 0.3690848 0.5998617 0.945679 0.8717463 0.8781996 0.6390117 0.7157558 0.51007 0.6411392 0.5006635 0.5494544
0.4391351 0.4506084 0.4416779 0.145852 0.2510561 0.2113061 0.01536439 0.2578413 0.4321209 0.6785216 0.3051564 0.4071564 0.6733276 0.6570468 0.774745 0.747474 0.7970751 0.4722652 0.7049054 0.4873515 0.3234648 0.3033943 0.1865117 0.3683677 0.5898373 0.5238027 0.2804545 0.2682289 0.2059884 0.2487442 0.1871081 0.3252977 0.5165225 0.4807937 0.4356792 0.5438043 0.4115385 0.4196475 0.3712583 0.5663158 0.6475127 0.4678825 0.3753678 0.6709781 0.4590804 0.2613254 0.4086433 0.4206494 0.5284677 0.4400799 0.4237925 0.5318522 0.4875647 0.827623 0.632658 0.8434158 0.7202781 0.733082 0.5612565 0.504499
0.2079215 0.5332413 0.6619658 0.5527682 0.282577 0.2156073 0.1639503 0.2785369 0.4528257 0.4193162 0.4945849 0.5432371 0.3809147 0.3138461 0.870258 0.7828616 0.8682157 0.7889712 0.5591658 0.6106199 0.7431952 0.7881497 0.6709 0.3997463 0.2547162 0.1973152 0.3446115 0.2519946 0.2261879 0.1735976 0.2034934 0.6112193 0.6929551 0.3903587 0.2052997 0.3121352 0.3122605 0.2962302 0.2818262 0.3567605 0.4392474 0.4912157 0.5177359 0.4964278 0.5454132 0.4486776 0.3701431 0.7208506 0.2454753 0.5523267 0.4371673 0.6310663 0.5473237 0.2622829 0.5279172 0.3751116 0.3601682 0.3046682 0.09424666 0.4235698
