DATA/PredictorVariables/Current/orient.asc
ncols         590
nrows         274
xllcorner     -7.522276026
yllcorner     35.996888128
cellsize      0.01
NODATA_value  -9999
[rows 81 to 107 of 274, columns 420 to 479 of 590]
0.4522397 0.4748103 0.6102638 0.2594525 0.1835845 0.2272981 0.2666881 0.1193048 0.1222108 0.6095561 0.4239614 0.5258242 0.717774 0.7288043 0.8664003 0.7329494 0.6746431 0.624867 0.5071436 0.1763549 0.2092541 0.2681951 0.5308486 0.68331 0.8557073 0.888795 0.6518468 0.4349132 0.4985853 0.6084079 0.1981592 0.3035898 0.4308725 0.1813868 0.2825079 0.06640646 0.4963156 0.3731774 0.1514104 0.429828 0.3962664 0.5174981 0.6907666 0.6375595 0.4942051 0.8198325 0.7186793 0.5866938 0.6822659 0.5783852 0.7654961 0.3433053 0.4071369 0.2479212 0.5253562 0.5780329 0.3708525 0.5394676 0.6953276 0.6007879
0.2208839 0.8775755 0.8408188 0.7447526 0.3062843 0.1904461 0.1861518 0.07669174 0.02620783 0.07726838 0.7860833 0.689124 0.423364 0.4870667 0.6761705 0.7310609 0.7401251 0.674119 0.5419037 0.7630601 0.4973257 0.3016831 0.2965197 0.3506934 0.3854967 0.3271877 0.3635709 0.2362545 0.2863022 0.3927334 0.3169727 0.2273503 0.6927508 0.4071833 0.3451502 0.1953701 0.2598454 0.2481331 0.4817915 0.5015306 0.6604885 0.42475 0.4494457 0.7047005 0.2339562 0.5513473 0.6025692 0.5490273 0.6942927 0.8732111 0.7276462 0.6056767 0.4156848 0.3895656 0.2752253 0.6088544 0.6879367 0.4527562 0.75835 0.4247451
0.05992671 0.4059345 0.8723031 0.7790607 0.8079227 0.810577 0.6942901 0.5020785 0.3430198 0.1394742 0.3521354 0.8094534 0.682311 0.5934471 0.5330119 0.6128564 0.4711272 0.4606483 0.8334581 0.5129239 0.5938635 0.5064395 0.1605903 0.5796197 0.2013396 0.3626712 0.4229913 0.6019979 0.422119 0.2370474 0.3506609 0.2206336 0.1861488 0.7988659 0.668965 0.4641516 0.6382866 0.3679939 0.4605575 0.3852765 0.630207 0.66384 0.2963308 0.678959 0.6692024 0.6740851 0.827804 0.4665391 0.4289226 0.4077853 0.2247307 0.4820412 0.7477492 0.6963416 0.7757623 0.2419118 0.6687704 0.5215291 0.697291 0.72502
0.1008814 0.2121744 0.1546899 0.5228834 0.7356688 0.8417765 0.8361431 0.7684496 0.2522787 0.4478469 0.2029026 0.665771 0.5543419 0.6731918 0.721033 0.7708271 0.8459253 0.5537195 0.503773 0.649438 0.774619 0.5882863 0.6655959 0.3366308 0.7626345 0.7853705 0.6504253 0.616045 0.6380928 0.5321454 0.4833086 0.4068128 0.04039798 0.2912763 0.3948139 0.350466 0.4000596 0.4956481 0.2919028 0.7319066 0.4592839 0.2968351 0.2788405 0.5425034 0.656899 0.575372 0.518818 0.7033378 0.4736715 0.4252807 0.5507326 0.4375557 0.3472405 0.2268865 0.3201391 0.8234273 0.4036295 0.7005097 0.693763 0.7487902
0.2112056 0.1946429 0.1199616 0.2802385 0.139318 0.4661464 0.6675379 0.9356262 0.5129682 0.200291 0.09689381 0.513226 0.7734825 0.3345844 0.2295302 0.1949391 0.4093664 0.7919341 0.7348433 0.6305326 0.5854151 0.7399583 0.8802238 0.8144525 0.6428039 0.4719497 0.2633259 0.7425589 0.8505378 0.903248 0.9092094 0.8817821 0.5662549 0.2139821 0.5195847 0.2865938 0.2976051 0.3259142 0.1691183 0.377581 0.7985542 0.5101597 0.2562143 0.2823573 0.739208 0.8143952 0.4473215 0.593107 0.7280805 0.8301316 0.3940167 0.4318039 0.4062086 0.5442714 0.5464852 0.2555057 0.4352074 0.7106634 0.7730588 0.8131929
0.3573754 0.1478849 0.0886336 0.04245671 0.1009982 0.1526809 0.5914165 0.3534165 0.6981251 0.2897121 0.3805554 0.5863131 0.579366 0.6805762 0.5418227 0.4711595 0.303436 0.04899304 0.4958066 0.974193 0.8702452 0.8792018 0.758041 0.8106369 0.8207893 0.9046538 0.7158858 0.4549594 0.5549729 0.528434 0.3830732 0.5266277 0.6413519 0.5063907 0.4573373 0.6867236 0.4329209 0.5315343 0.3747167 0.2966684 0.5882002 0.5934922 0.7395556 0.5520389 0.6019329 0.5475132 0.5379912 0.4451177 0.9101543 0.9244659 0.8060645 0.7623994 0.8008996 0.6867412 0.4141763 0.6260998 0.5758429 0.6307113 0.3937165 0.4971685
0.6232199 0.5687564 0.4922345 0.5850752 0.3249942 0.3356063 0.5414929 0.1774503 0.3976315 0.2888834 0.2777364 0.6239839 0.6308289 0.4762211 0.4738122 0.4747255 0.66616 0.5681563 0.1567688 0.2431524 0.3762963 0.301691 0.7541049 0.6675106 0.9129476 0.8622274 0.9345191 0.8109289 0.8894262 0.8935239 0.9197648 0.8282185 0.5733974 0.3381151 0.3358882 0.2798777 0.3221733 0.2777402 0.4914011 0.2697862 0.1536554 0.3076418 0.1510917 0.5314283 0.377742 0.316575 0.3999855 0.5538006 0.5761377 0.5426363 0.4288101 0.1215449 0.3772218 0.7601046 0.4457277 0.5485131 0.4428493 0.2907606 0.4457909 0.4434124
0.7057574 0.7857519 0.760208 0.5873658 0.3774539 0.3344921 0.3968021 0.6416287 0.2773305 0.450243 0.2842116 0.3536062 0.6929407 0.7755402 0.669273 0.6705493 0.8362356 0.9013211 0.8595942 0.4804291 0.5667843 0.1422635 0.07695913 0.1708944 0.2150579 0.6116788 0.8449808 0.7956129 0.5341632 0.5000346 0.6516985 0.7715169 0.8789037 0.3509696 0.3326527 0.5603434 0.3090365 0.3187612 0.4449757 0.4982328 0.5493914 0.5809238 0.6867884 0.5588899 0.6838636 0.8980662 0.6279227 0.598874 0.6912025 0.6227591 0.655986 0.601635 0.2758761 0.3703015 0.5687172 0.6418551 0.7967363 0.7990108 0.7518601 0.482493
0.4272934 0.5677881 0.5874367 0.6890798 0.5372984 0.3624842 0.4278583 0.5638158 0.3650659 0.6268274 0.642991 0.5292304 0.8664023 0.9373754 0.8752924 0.7087457 0.4971537 0.5950564 0.4863202 0.5562661 0.6474152 0.6398469 0.4202799 0.2481874 0.02740842 0.03910115 0.3666472 0.7567128 0.7864202 0.7148284 0.3890534 0.4803287 0.7404732 0.3478709 0.2710847 0.7092433 0.6869326 0.3418417 0.5133203 0.5035851 0.3394215 0.3351603 0.5463272 0.674487 0.86392 0.7522045 0.4400608 0.6515464 0.4469353 0.4265937 0.3960097 0.6058568 0.5616097 0.5456181 0.3300448 0.6955863 0.7155528 0.5871189 0.8513301 0.6921552
0.2322426 0.2972835 0.2777018 0.2093887 0.4189899 0.2671782 0.5512049 0.2401751 0.1631329 0.5549299 0.3298577 0.2315773 0.12713 0.6283481 0.8844125 0.767826 0.7636289 0.8566813 0.6517894 0.358011 0.5620691 0.5754151 0.7358312 0.6713371 0.3525423 0.09845824 0.08345542 0.3639027 0.8550637 0.9418963 0.9401194 0.7440397 0.7066023 0.4996292 0.1246652 0.2635927 0.3480181 0.3913302 0.5115392 0.6065372 0.750513 0.4818901 0.6834038 0.7511015 0.8714976 0.9489856 0.6612008 0.5356526 0.5080009 0.5856878 0.5264689 0.5926327 0.7576289 0.3911857 0.4105498 0.7697161 0.8664286 0.6801319 0.8052797 0.7063861
0.1026203 0.206206 0.3854465 0.4295875 0.4159822 0.2306345 0.3031492 0.2518602 0.1205045 0.3918757 0.1837889 0.08378524 0.2370699 0.1177162 0.3619851 0.7709108 0.4849259 0.657717 0.8737106 0.8983375 0.8129715 0.8896406 0.8857226 0.8085535 0.6257654 0.08758085 0.07147536 0.07736199 0.5306864 0.2903146 0.4867433 0.6841059 0.6466933 0.5393113 0.07476453 0.3776174 0.2056321 0.4513577 0.3355757 0.1158115 0.07674117 0.2421001 0.740525 0.6730906 0.6265704 0.8737758 0.6823927 0.8400638 0.6893674 0.6006419 0.6667196 0.6886893 0.7012391 0.5043775 0.5464659 0.7885181 0.8137141 0.796074 0.6465894 0.9155516
0.2907228 0.2363079 0.3860041 0.5178884 0.3281547 0.4037597 0.2191747 0.4209081 0.2412721 0.4455701 0.1391293 0.1199781 0.2434525 0.1347256 0.05782405 0.5412117 0.8480242 0.6091819 0.7346713 0.826973 0.9637317 0.9148666 0.8680162 0.8803817 0.869841 0.7156522 0.1075573 0.1028371 0.587602 0.8385659 0.5531942 0.5240453 0.5905287 0.5353225 0.5328005 0.6716229 0.8008675 0.2517135 0.5903755 0.6960332 0.7318054 0.409412 0.817225 0.593702 0.7389954 0.7439882 0.8038319 0.8700554 0.6936504 0.4855275 0.5683962 0.5117439 0.5571911 0.6495927 0.5149961 0.4836326 0.7718907 0.8344461 0.7843953 0.7500476
0.3377812 0.4690012 0.3713737 0.3174793 0.3493353 0.3786637 0.4209279 0.5756521 0.5072314 0.4268805 0.196465 0.3560948 0.3227915 0.4089002 0.2484851 0.02821779 0.3950682 0.9226106 0.9667392 0.786595 0.7177563 0.7211016 0.8302847 0.8641568 0.7488856 0.6566808 0.3324732 0.06859672 0.190177 0.6081561 0.577349 0.4658207 0.6758984 0.6578059 0.6325978 0.4882856 0.8009007 0.4918593 0.5383871 0.2955498 0.2381985 0.3408658 0.7882764 0.6724483 0.863977 0.8080609 0.8846031 0.8842369 0.7629234 0.7549875 0.4914742 0.4175465 0.4641189 0.651276 0.8794277 0.8090103 0.7977499 0.6498874 0.6856683 0.8269097
0.4961348 0.2805768 0.5600208 0.841163 0.7943776 0.631777 0.3688432 0.2686208 0.5596393 0.7689476 0.409794 0.2856677 0.2984723 0.4064755 0.4443323 0.2986993 0.05311466 0.3205953 0.7125344 0.8458229 0.8621595 0.8521261 0.8431278 0.82349 0.7523897 0.8550755 0.4451782 0.09171677 0.1843242 0.4280042 0.6062379 0.5871145 0.7324128 0.724281 0.5468727 0.4245501 0.867295 0.4927212 0.2477411 0.8133059 0.5390493 0.328382 0.713317 0.6858822 0.3843794 0.5228074 0.938111 0.9172422 0.9305773 0.8233021 0.7468787 0.3052163 0.1692407 0.2172777 0.555944 0.6246331 0.5098198 0.6846547 0.6008687 0.615372
0.3382548 0.3226285 0.3654121 0.1387939 0.5926927 0.7246838 0.426579 0.3335252 0.5667443 0.3481911 0.4294919 0.1279249 0.156494 0.4122918 0.2852171 0.1646525 0.09106998 0.05977392 0.2509755 0.6717576 0.7282551 0.7762835 0.8234032 0.8295072 0.901499 0.8408178 0.8881271 0.7269137 0.1601592 0.4876795 0.8693511 0.7829329 0.6085981 0.7857912 0.8167804 0.6551907 0.4507842 0.2514518 0.3708908 0.4306604 0.5380849 0.4120735 0.3711037 0.643359 0.6534439 0.2076854 0.6896325 0.8485851 0.8518047 0.7802082 0.8715838 0.7783343 0.369048 0.3846695 0.5374702 0.6382515 0.7591871 0.6736984 0.3567711 0.345276
0.5017452 0.03545438 0.1865178 0.2119418 0.2222398 0.2440198 0.4152775 0.4027324 0.4899115 0.1451503 0.09854663 0.05801228 0.08062064 0.153364 0.1262794 0.1534488 0.0417061 0.4150135 0.1297901 0.5155092 0.8107049 0.6079952 0.403981 0.8019228 0.9753361 0.8388485 0.5622032 0.821124 0.7726642 0.3742981 0.7789666 0.6967049 0.5055549 0.6571994 0.749697 0.6066613 0.6925812 0.5117863 0.6857077 0.4737324 0.3479456 0.4797489 0.4423083 0.747348 0.8727702 0.4456824 0.2687042 0.7510735 0.8219781 0.6498444 0.5552674 0.7887192 0.6123297 0.3834127 0.5856282 0.5534909 0.5901862 0.7204005 0.7594953 0.4631457
0.7602768 0.3630839 0.04239301 0.1535471 0.2857732 0.3123833 0.1726663 0.3505018 0.5887356 0.299928 0.09209929 0.02914104 0.06180977 0.1640671 0.1144768 0.1345571 0.4073547 0.3396695 0.3532299 0.3812301 0.3589503 0.7072029 0.8987178 0.8165926 0.82493 0.756704 0.9434437 0.8850398 0.8475024 0.7502124 0.8048867 0.9403933 0.9702741 0.738434 0.7055455 0.7124369 0.8059218 0.3410733 0.2346044 0.2544183 0.453068 0.4384745 0.3878467 0.3150216 0.8409708 0.6085218 0.5818703 0.4189626 0.7731342 0.6038304 0.8783996 0.7050239 0.6741844 0.383875 0.5475606 0.7056065 0.876707 0.968513 0.8432354 0.5576787
0.6200554 0.5399252 0.1967728 0.4149376 0.2010003 0.4287412 0.5166684 0.3893549 0.6147787 0.6826517 0.5306569 0.4166692 0.1452101 0.07482496 0.2316451 0.4235494 0.3489502 0.1511916 0.1676819 0.3197293 0.7128755 0.5335194 0.2503983 0.4621841 0.6283452 0.8170772 0.6143625 0.3010642 0.2376594 0.608727 0.913631 0.6997218 0.6423013 0.7171561 0.6665317 0.6154379 0.8408896 0.749858 0.4722698 0.4557139 0.4593186 0.5404071 0.8843036 0.8402857 0.927078 0.6531397 0.2405097 0.3366273 0.6536474 0.7150798 0.7937049 0.359888 0.6292422 0.6910534 0.4207295 0.6521519 0.7880496 0.9758844 0.911009 0.6280614
0.4762764 0.7789402 0.6916286 0.765823 0.6645484 0.2870145 0.3642919 0.2077475 0.7707324 0.8388825 0.8751709 0.8463943 0.5455381 0.5021061 0.3756118 0.2798295 0.2004135 0.2457776 0.1966022 0.1483031 0.144034 0.5083604 0.601172 0.7632054 0.8450106 0.7001503 0.8469504 0.9131664 0.5400535 0.6354979 0.72621 0.7681587 0.9324414 0.9903818 0.945094 0.8216673 0.7845574 0.679472 0.6262767 0.4085361 0.3148876 0.520815 0.868143 0.974946 0.788326 0.4291179 0.264878 0.439598 0.3272077 0.8538011 0.7418514 0.6702393 0.2839069 0.5598466 0.7169217 0.9016193 0.6350498 0.8894014 0.6383693 0.7066152
0.118885 0.04655831 0.1521101 0.02185459 0.06851586 0.1231872 0.3291411 0.272365 0.3207017 0.7563702 0.8926411 0.9226805 0.6934814 0.3671596 0.3808848 0.338383 0.4218877 0.4177336 0.3652927 0.3826393 0.3937064 0.3770173 0.03439138 0.1222835 0.3541146 0.8113226 0.674023 0.9448566 0.7229889 0.5488302 0.5494947 0.6824703 0.7058454 0.9410321 0.9251453 0.7840961 0.8812004 0.826233 0.6968823 0.5959631 0.5085408 0.5492188 0.694159 0.7952098 0.9346094 0.8026499 0.5381098 0.4378371 0.2655951 0.4927716 0.7933249 0.6919788 0.4320044 0.6160654 0.8663427 0.8882903 0.6538084 0.5416393 0.7750339 0.6306767
0.096021 0.1703618 0.09691526 0.09915596 0.2170095 0.2582316 0.3487313 0.4108246 0.02789604 0.2169857 0.2417265 0.5957203 0.6558611 0.5356134 0.1532434 0.4118132 0.3246483 0.2327598 0.3872355 0.2407294 0.2884845 0.6130697 0.3981538 0.1537518 0.219666 0.3184061 0.2323842 0.578375 0.4941115 0.4606857 0.2724517 0.5830899 0.7642971 0.8426275 0.6531475 0.6750165 0.8518278 0.9206253 0.9675117 0.8978616 0.3832544 0.6637744 0.8830914 0.8619744 0.6002004 0.4959734 0.6025807 0.5796479 0.4063656 0.239278 0.6614476 0.6419101 0.648665 0.8479369 0.9473094 0.8773186 0.8233683 0.7637604 0.4760917 0.6385526
0.2331771 0.1999081 0.2660021 0.5028117 0.3272228 0.2692072 0.3748032 0.6645461 0.4787384 0.1170933 0.1723283 0.1909373 0.3611279 0.4610657 0.4387105 0.1005467 0.3877233 0.2064153 0.2287474 0.2009693 0.1254905 0.3906224 0.4184018 0.6076396 0.1072525 0.05282266 0.1835297 0.4227965 0.8727894 0.7752246 0.7706388 0.3035208 0.6489909 0.6112083 0.7006873 0.4444116 0.5437829 0.8478034 0.9508921 0.9426907 0.5675569 0.5142459 0.7854645 0.8994511 0.7711533 0.6978987 0.640542 0.4197308 0.4083713 0.2411443 0.1329968 0.4151078 0.8156722 0.874238 0.9202176 0.8459206 0.7785078 0.7069213 0.7572151 0.328254
0.5537808 0.5028321 0.3298595 0.2014479 0.1972523 0.3214511 0.5580111 0.5358747 0.7162824 0.5637359 0.3693597 0.4242027 0.1451317 0.4544634 0.2844103 0.2696053 0.1366173 0.3574775 0.3690728 0.2039273 0.03668071 0.1371944 0.5871848 0.3209649 0.6234931 0.3012141 0.2637611 0.265674 0.3491672 0.7128483 0.5922262 0.5613434 0.5015468 0.7150466 0.7518322 0.8008931 0.5727556 0.5344877 0.5989673 0.8421545 0.5899425 0.6707227 0.7612261 0.6845068 0.8448278 0.7220089 0.8333148 0.5928602 0.5305955 0.3012765 0.2978278 0.2148174 0.5977842 0.9448906 0.9490851 0.9374938 0.780571 0.8830653 0.5618407 0.7080314
0.7797403 0.714683 0.4109492 0.3423356 0.3531834 0.4922497 0.3855713 0.3059181 0.3808089 0.1779768 0.1923559 0.3383934 0.3947856 0.3036248 0.3504936 0.1782502 0.3048247 0.2862455 0.1790643 0.6347094 0.369394 0.1547274 0.315631 0.5544981 0.3416897 0.3426507 0.1825061 0.1132048 0.3717003 0.4300136 0.835446 0.8872256 0.5808753 0.5006815 0.6929026 0.7846199 0.6670265 0.6068531 0.6875303 0.5476288 0.1328509 0.5419129 0.8759522 0.8366727 0.79193 0.7583832 0.7163369 0.6539789 0.68279 0.5466306 0.4022791 0.3163804 0.2607934 0.8704986 0.9608763 0.8819435 0.8237891 0.6527318 0.7256613 0.6165256
0.7218296 0.5695368 0.2779658 0.3002126 0.1516135 0.6921169 0.6466734 0.4917262 0.4701172 0.4222114 0.4528471 0.1095119 0.2036642 0.3028866 0.5938746 0.219477 0.5591601 0.6827661 0.4709428 0.6182726 0.2793114 0.2543873 0.04545934 0.08205926 0.4495038 0.2469437 0.2711895 0.1961151 0.3329273 0.121472 0.16293 0.3218674 0.4126855 0.3562003 0.1989358 0.4547633 0.6818267 0.443112 0.5559633 0.8671894 0.6828833 0.1504817 0.7466207 0.9848036 0.7259408 0.7735003 0.4899815 0.5242293 0.3684263 0.2791212 0.3021007 0.2686259 0.2644449 0.3402675 0.9346258 0.8104857 0.8960173 0.6311967 0.7385569 0.4107333
0.4256755 0.5151832 0.2496395 0.4291502 0.3202425 0.334525 0.2809928 0.246108 0.2410236 0.2697036 0.2619432 0.3444038 0.3314877 0.2284876 0.5806481 0.3191206 0.3841803 0.799495 0.8236696 0.8461823 0.8259607 0.7219278 0.6792907 0.6758652 0.3301106 0.3174452 0.2549542 0.2302634 0.196536 0.5701849 0.5800006 0.5350465 0.8146468 0.4338912 0.4464092 0.4320188 0.5931825 0.6877744 0.6625729 0.8847072 0.957011 0.7079029 0.3533925 0.2084952 0.9009058 0.6467695 0.6739537 0.7545819 0.5292494 0.599465 0.397657 0.3404748 0.3926517 0.345495 0.6018722 0.9272918 0.8889759 0.814628 0.6893368 0.8194352
0.5718067 0.4590277 0.3061287 0.1894973 0.4107024 0.214642 0.2112726 0.2836315 0.2720383 0.3988527 0.4761713 0.5424163 0.6114826 0.8397859 0.7963251 0.8119702 0.5060185 0.7448677 0.7744011 0.756093 0.8352756 0.6143091 0.7784174 0.9169436 0.7230688 0.8751645 0.6546218 0.5106314 0.3178943 0.2193575 0.2890401 0.5928572 0.7903432 0.7146838 0.4884506 0.3911495 0.4502387 0.8345979 0.9465233 0.8484529 0.9278628 0.9051387 0.7954081 0.3089216 0.1926404 0.8523872 0.25146 0.1474887 0.4905429 0.528082 0.586639 0.6180635 0.2531116 0.2829915 0.4268535 0.8045035 0.7513012 0.7104943 0.657579 0.7021202
