DATA/PredictorVariables/Current/ph.asc
ncols         590
nrows         274
xllcorner     -7.522276026
yllcorner     35.996888128
cellsize      0.01
NODATA_value  -9999
[rows 112 to 139 of 274, columns 63 to 125 of 590]
4.814446 4.816008 4.815173 4.811388 4.805878 4.799826 4.791039 4.781807 4.777479 4.773436 4.769982 4.763629 4.75781 4.751379 4.737551 4.721422 4.707962 4.696227 4.68441 4.675189 4.673732 4.671929 4.670135 4.666482 4.663434 4.662022 4.662928 4.663446 4.663388 4.661965 4.661486 4.666883 4.675187 4.684412 4.693994 4.701554 4.711878 4.717402 4.721443 4.727075 4.733268 4.73956 4.747443 4.760909 4.775434 4.791414 4.806195 4.823594 4.843698 4.870406 4.895164 4.918101 4.939846 4.960126 4.980226 5.001802 5.021675 5.037874 5.05509 5.072797 5.102262 5.143881 5.18819
4.819525 4.821168 4.820415 4.813486 4.804145 4.793633 4.781454 4.768308 4.760722 4.756491 4.752857 4.748748 4.743855 4.739046 4.727942 4.716899 4.705362 4.694382 4.683507 4.674184 4.670742 4.667365 4.663693 4.658876 4.653646 4.649683 4.647716 4.647544 4.646453 4.643197 4.64133 4.642988 4.651718 4.66359 4.676078 4.688405 4.702211 4.711976 4.719937 4.72642 4.732673 4.738287 4.744029 4.757755 4.772825 4.790354 4.808452 4.827153 4.847618 4.868648 4.889191 4.90827 4.926599 4.942617 4.958908 4.976182 4.990657 5.005834 5.021242 5.036567 5.070237 5.117649 5.168869
4.824729 4.825854 4.824768 4.814341 4.802279 4.789288 4.778463 4.767437 4.758749 4.754169 4.749239 4.743888 4.737543 4.731247 4.722273 4.711147 4.701528 4.69155 4.682997 4.674432 4.668483 4.663486 4.657582 4.651951 4.6449 4.638361 4.634804 4.633115 4.631941 4.632181 4.633126 4.638285 4.653869 4.668536 4.683703 4.695822 4.708942 4.718853 4.725029 4.72997 4.734252 4.737904 4.740756 4.752062 4.770864 4.790319 4.810843 4.829319 4.850513 4.869241 4.886121 4.901523 4.915334 4.926936 4.939909 4.957491 4.976148 4.998137 5.021866 5.046594 5.08076 5.124177 5.165018
4.8233 4.820846 4.817127 4.806947 4.796493 4.786229 4.776183 4.767544 4.759807 4.754057 4.747427 4.740133 4.732067 4.723353 4.714765 4.705331 4.697093 4.688492 4.680798 4.673587 4.667185 4.661072 4.654185 4.646592 4.639283 4.632116 4.630661 4.633145 4.636655 4.641954 4.647857 4.656715 4.669583 4.681078 4.694188 4.706244 4.717353 4.72739 4.730949 4.734297 4.736529 4.738434 4.739565 4.747731 4.767582 4.787092 4.808512 4.83182 4.85511 4.874057 4.887105 4.901148 4.913865 4.928195 4.942042 4.9642 4.9897 5.013953 5.042159 5.073015 5.106141 5.139229 5.167696
4.818676 4.813146 4.806734 4.797786 4.788937 4.78078 4.773285 4.767129 4.761284 4.754083 4.745605 4.736725 4.727939 4.717773 4.706899 4.698776 4.69127 4.685155 4.679021 4.673722 4.66787 4.66099 4.654123 4.647073 4.640331 4.633299 4.630865 4.636959 4.644285 4.652116 4.662085 4.67309 4.684673 4.69638 4.707633 4.717517 4.725963 4.735211 4.738126 4.739375 4.740174 4.740113 4.740374 4.744148 4.766803 4.791235 4.816958 4.840734 4.862018 4.88187 4.895628 4.909035 4.92305 4.935439 4.948606 4.968413 4.999279 5.03061 5.06509 5.099759 5.131837 5.158159 5.176169
4.815138 4.806697 4.796536 4.788018 4.780931 4.77457 4.769492 4.764887 4.761405 4.755213 4.745933 4.735047 4.724061 4.712548 4.70162 4.694853 4.689207 4.683917 4.678741 4.673983 4.669239 4.662644 4.655958 4.648633 4.641139 4.633861 4.63016 4.63815 4.649117 4.66069 4.6747 4.689059 4.701517 4.711607 4.720467 4.728594 4.736427 4.742997 4.745484 4.745917 4.74881 4.751375 4.756521 4.764116 4.784116 4.80773 4.829287 4.850951 4.872579 4.891809 4.905427 4.917351 4.931009 4.942754 4.955015 4.975094 5.009509 5.04542 5.078381 5.119226 5.159603 5.184154 5.19095
4.813313 4.802663 4.789943 4.777061 4.771074 4.76737 4.764731 4.76183 4.759442 4.754744 4.743813 4.733123 4.722031 4.711812 4.70053 4.69205 4.687124 4.682546 4.6785 4.674367 4.670664 4.664404 4.657174 4.649755 4.642459 4.635352 4.62953 4.638721 4.652835 4.668235 4.683761 4.701677 4.715601 4.722221 4.727777 4.733315 4.738919 4.744621 4.749816 4.75444 4.760167 4.767025 4.774752 4.786615 4.802256 4.824831 4.845158 4.864661 4.883479 4.900656 4.914459 4.927064 4.939261 4.951127 4.962511 4.979771 5.013639 5.055622 5.098502 5.141164 5.183842 5.210682 5.217842
4.813153 4.79858 4.784666 4.770218 4.764591 4.761953 4.759701 4.757094 4.755007 4.752058 4.742103 4.731541 4.720144 4.709288 4.698501 4.689336 4.68509 4.681204 4.677551 4.674253 4.671156 4.666478 4.658886 4.65161 4.643899 4.636032 4.628893 4.636676 4.652052 4.667622 4.68214 4.697615 4.712152 4.718849 4.724826 4.730803 4.737485 4.744688 4.752153 4.760461 4.769455 4.780628 4.793323 4.806828 4.82322 4.842565 4.861849 4.877516 4.895779 4.911178 4.924579 4.937263 4.950044 4.964934 4.979865 4.998261 5.035463 5.078135 5.122888 5.160253 5.202311 5.23679 5.246512
4.812638 4.79803 4.783246 4.767634 4.758824 4.756848 4.754666 4.752576 4.75058 4.748498 4.740108 4.729116 4.718783 4.707472 4.697258 4.686863 4.682365 4.679265 4.676345 4.673813 4.671193 4.667509 4.65972 4.651732 4.643907 4.636215 4.629167 4.631136 4.646355 4.661361 4.676332 4.690876 4.705114 4.713757 4.720957 4.728477 4.736213 4.744493 4.752665 4.764177 4.777369 4.792042 4.809294 4.826101 4.845696 4.86244 4.879432 4.896369 4.914974 4.933403 4.948415 4.96902 4.983263 4.999029 5.016095 5.034695 5.066585 5.10569 5.145977 5.183836 5.221725 5.259629 5.273688
4.812229 4.796638 4.781005 4.766026 4.753759 4.751631 4.749498 4.747667 4.746039 4.744329 4.738328 4.727403 4.716762 4.706079 4.695425 4.68518 4.679822 4.677417 4.674686 4.671884 4.668938 4.665099 4.658273 4.650448 4.643636 4.636388 4.629389 4.627985 4.641747 4.655567 4.669437 4.683591 4.697354 4.708863 4.71704 4.725408 4.733479 4.742814 4.752352 4.766887 4.784952 4.805047 4.828076 4.84915 4.873078 4.895802 4.91378 4.933849 4.950471 4.969125 4.985377 5.00466 5.020565 5.036663 5.056348 5.070301 5.094799 5.133925 5.172533 5.209024 5.243923 5.279321 5.300201
4.811148 4.796467 4.780424 4.764081 4.749886 4.746205 4.744529 4.742671 4.741896 4.742471 4.740535 4.731098 4.722026 4.711312 4.699871 4.687919 4.678988 4.676009 4.672751 4.669503 4.666187 4.66242 4.656639 4.649627 4.642466 4.635843 4.629211 4.624746 4.635743 4.649532 4.66376 4.677731 4.690495 4.702761 4.712662 4.723217 4.73542 4.749017 4.764219 4.78056 4.805181 4.829715 4.856468 4.882976 4.911582 4.934991 4.950222 4.968423 4.988265 5.005318 5.025023 5.03976 5.057913 5.072661 5.091798 5.108102 5.131161 5.166312 5.197975 5.233198 5.265582 5.298548 5.323653
4.811632 4.79557 4.779235 4.763391 4.748856 4.745587 4.747447 4.749481 4.751903 4.756187 4.757479 4.748349 4.73684 4.722689 4.708107 4.691768 4.678707 4.674623 4.671401 4.667717 4.663796 4.659673 4.654139 4.647887 4.641436 4.63552 4.629466 4.623648 4.6324 4.647031 4.660897 4.676403 4.69224 4.708008 4.722735 4.73729 4.752558 4.76616 4.783818 4.802104 4.829852 4.857964 4.884143 4.915016 4.946002 4.971587 4.98883 5.009226 5.025962 5.040382 5.060403 5.076807 5.093114 5.112815 5.128179 5.145141 5.160183 5.191554 5.222495 5.253625 5.282475 5.309262 5.334627
4.814625 4.800118 4.786503 4.774483 4.761574 4.756871 4.760633 4.763332 4.768503 4.772147 4.775672 4.767486 4.751696 4.734293 4.717403 4.698416 4.680101 4.673937 4.669866 4.665659 4.661325 4.657214 4.652357 4.646931 4.642068 4.638498 4.635549 4.633999 4.639172 4.656657 4.672704 4.689795 4.705609 4.720022 4.736062 4.751994 4.76836 4.786779 4.80438 4.823373 4.848542 4.881524 4.911903 4.946744 4.980278 5.009084 5.02797 5.045753 5.061945 5.078371 5.094715 5.109736 5.123738 5.141667 5.155334 5.170814 5.189034 5.213288 5.241237 5.266265 5.294383 5.318351 5.343615
4.822171 4.809223 4.796786 4.785915 4.774693 4.769156 4.77345 4.777207 4.782386 4.788038 4.793266 4.788335 4.769448 4.749476 4.728917 4.705972 4.682338 4.673621 4.670192 4.666906 4.663966 4.661113 4.659102 4.65658 4.653924 4.653503 4.652451 4.651448 4.656311 4.67151 4.687114 4.701331 4.717945 4.732624 4.749808 4.767187 4.784604 4.804329 4.82218 4.84198 4.871798 4.90515 4.939262 4.972417 5.00935 5.039001 5.05608 5.069177 5.082751 5.097313 5.112842 5.129807 5.145711 5.162163 5.178444 5.195098 5.214397 5.233188 5.25982 5.284372 5.307812 5.330461 5.351723
4.827811 4.816665 4.806673 4.797701 4.788155 4.781573 4.785306 4.791009 4.796734 4.803562 4.809134 4.809165 4.787284 4.763177 4.739783 4.716995 4.695556 4.682365 4.67964 4.677912 4.674958 4.672496 4.670183 4.668908 4.667728 4.668417 4.668336 4.668403 4.672956 4.684839 4.700576 4.716356 4.731217 4.745948 4.761308 4.781134 4.799947 4.821237 4.842145 4.863082 4.891763 4.922459 4.955224 4.984317 5.013383 5.041103 5.059487 5.07551 5.090622 5.109611 5.127906 5.14739 5.165214 5.183003 5.20102 5.218467 5.237312 5.25684 5.279281 5.302866 5.322479 5.343586 5.361679
4.833638 4.824264 4.815857 4.807563 4.799909 4.794483 4.796462 4.802864 4.809101 4.813848 4.817603 4.816263 4.795979 4.774734 4.751954 4.729999 4.709975 4.694399 4.691 4.689782 4.686723 4.684106 4.681703 4.680116 4.680426 4.68201 4.683946 4.686049 4.689248 4.700087 4.714824 4.730992 4.744825 4.764248 4.782023 4.803611 4.825982 4.848978 4.869557 4.88756 4.909141 4.936618 4.964263 4.991993 5.016616 5.040995 5.05949 5.078374 5.098208 5.119471 5.142132 5.163733 5.185848 5.202614 5.221218 5.240745 5.261694 5.281518 5.300407 5.319132 5.335364 5.351702 5.368142
4.83842 4.831767 4.826593 4.821856 4.815929 4.81075 4.80953 4.814009 4.816562 4.817823 4.818581 4.817529 4.801264 4.780765 4.760408 4.740725 4.724237 4.708492 4.70368 4.701179 4.698094 4.695284 4.693086 4.690786 4.693358 4.695901 4.699472 4.704919 4.711538 4.725546 4.745434 4.765232 4.78429 4.805171 4.826459 4.844049 4.867705 4.882946 4.898712 4.914134 4.93044 4.953591 4.977392 5.000268 5.020161 5.039829 5.059824 5.081799 5.105626 5.127739 5.153305 5.178393 5.202903 5.221057 5.239078 5.256085 5.272729 5.29043 5.30654 5.322445 5.338062 5.353477 5.368764
4.860187 4.856262 4.851461 4.844351 4.838599 4.829782 4.824852 4.82536 4.825037 4.823545 4.821137 4.817315 4.805556 4.787108 4.769959 4.752642 4.736731 4.721442 4.715398 4.712587 4.710184 4.710209 4.709373 4.710121 4.718067 4.728042 4.735064 4.750691 4.758678 4.770967 4.792292 4.812725 4.833067 4.851972 4.872949 4.888402 4.905611 4.919799 4.931576 4.945269 4.952953 4.970489 4.990695 5.010013 5.027419 5.043696 5.059466 5.081304 5.105933 5.131361 5.155922 5.179042 5.199283 5.215858 5.23228 5.25062 5.269897 5.290381 5.308152 5.322947 5.338433 5.353054 5.368923
4.890454 4.885795 4.877836 4.868359 4.862082 4.851273 4.841837 4.838825 4.835018 4.830478 4.825418 4.818661 4.808444 4.792291 4.776603 4.762995 4.749869 4.738302 4.735759 4.735985 4.737741 4.743739 4.746569 4.753427 4.762147 4.773101 4.782112 4.796644 4.807326 4.819701 4.842211 4.858248 4.877287 4.899628 4.918038 4.937049 4.94782 4.959051 4.965265 4.974828 4.979948 4.990547 5.005813 5.019183 5.032653 5.04509 5.058292 5.079044 5.101876 5.124618 5.145921 5.165405 5.185385 5.204864 5.224032 5.244891 5.266413 5.286332 5.307569 5.323343 5.339364 5.354621 5.370193
4.920713 4.916227 4.906228 4.895437 4.885187 4.87242 4.860277 4.853873 4.847031 4.83999 4.832222 4.824449 4.817893 4.807124 4.798373 4.78989 4.779466 4.7692 4.765821 4.768781 4.773668 4.782206 4.786792 4.794107 4.806283 4.816966 4.831407 4.841632 4.856195 4.867207 4.887538 4.905957 4.928153 4.946866 4.962369 4.981589 4.988722 4.991137 4.992374 4.99246 4.99214 4.994962 5.007448 5.020053 5.03328 5.045904 5.058648 5.075626 5.09586 5.116226 5.136099 5.154534 5.173192 5.193677 5.214427 5.2357 5.259415 5.283523 5.307562 5.324671 5.339618 5.355601 5.370085
4.949939 4.947082 4.934272 4.922513 4.909544 4.894562 4.878296 4.865091 4.857535 4.852156 4.848208 4.845016 4.845304 4.837549 4.827905 4.819902 4.809735 4.802963 4.795467 4.800431 4.807821 4.817329 4.825794 4.836808 4.850056 4.859317 4.875089 4.888766 4.901769 4.917533 4.929736 4.944573 4.95751 4.969641 4.980355 4.990532 4.993562 4.993192 4.993026 4.993334 4.99398 4.996302 5.007739 5.020672 5.032843 5.046049 5.058258 5.073306 5.091963 5.110573 5.128156 5.144645 5.160508 5.179173 5.202722 5.228088 5.254179 5.280499 5.306124 5.325585 5.341161 5.35866 5.376818
4.976281 4.975135 4.96045 4.943595 4.925166 4.905166 4.884781 4.868906 4.86556 4.864244 4.864015 4.865494 4.869762 4.866285 4.858106 4.851169 4.841379 4.833968 4.826397 4.831205 4.84255 4.851168 4.864179 4.876454 4.888812 4.89903 4.907166 4.913955 4.919531 4.921218 4.926592 4.936664 4.946988 4.959033 4.971684 4.98361 4.99063 4.991355 4.992257 4.993634 4.995353 4.997899 5.007443 5.020563 5.032911 5.045983 5.059081 5.072632 5.089497 5.105166 5.120558 5.136077 5.151889 5.170106 5.197618 5.224952 5.250038 5.27626 5.302501 5.324751 5.344094 5.36383 5.384752
5.000905 4.995915 4.979954 4.960701 4.939266 4.917196 4.89433 4.872313 4.870752 4.873811 4.877708 4.88515 4.891327 4.895329 4.888656 4.880272 4.87209 4.865139 4.857109 4.856907 4.868245 4.876376 4.883065 4.887691 4.891759 4.895059 4.898 4.901495 4.904035 4.906159 4.909819 4.920664 4.93283 4.945935 4.960366 4.975091 4.986852 4.989094 4.991049 4.993443 4.996085 4.999221 5.007263 5.020163 5.033418 5.046266 5.059804 5.072351 5.088131 5.104543 5.12134 5.13784 5.154002 5.171953 5.195605 5.22224 5.248221 5.274768 5.300689 5.324392 5.345218 5.365614 5.387954
5.023915 5.017181 5.003202 4.981019 4.955762 4.930574 4.903162 4.87602 4.873751 4.881092 4.889191 4.900016 4.912031 4.921283 4.914588 4.90439 4.894933 4.884812 4.873873 4.868337 4.873046 4.877037 4.87988 4.881561 4.882701 4.8837 4.886272 4.888711 4.890223 4.891571 4.8927 4.901918 4.917353 4.933393 4.949144 4.966588 4.98172 4.986034 4.988927 4.992032 4.994984 4.997872 5.00357 5.01544 5.028274 5.042478 5.057664 5.074618 5.091519 5.108529 5.123985 5.140574 5.156244 5.173588 5.196911 5.223489 5.248545 5.272742 5.297583 5.32068 5.344679 5.368789 5.394372
5.048787 5.04005 5.026405 5.000268 4.972141 4.945433 4.915878 4.886123 4.878069 4.890574 4.904259 4.915136 4.924874 4.930856 4.924804 4.913844 4.903553 4.893424 4.883273 4.876163 4.876814 4.877938 4.878122 4.877174 4.875357 4.873696 4.874721 4.876447 4.875921 4.876791 4.877187 4.884512 4.901887 4.91976 4.937068 4.95549 4.973466 4.979385 4.981653 4.984028 4.985181 4.987705 4.991339 5.004148 5.020762 5.03824 5.056131 5.075411 5.093251 5.109764 5.126606 5.143258 5.160436 5.176704 5.19801 5.221162 5.246433 5.270694 5.29573 5.319222 5.343748 5.368535 5.391448
5.073874 5.063126 5.055901 5.03433 5.007197 4.984731 4.956422 4.927485 4.912243 4.918416 4.927865 4.933223 4.935815 4.937098 4.930782 4.920607 4.911758 4.902612 4.89348 4.88549 4.882246 4.880438 4.877758 4.874245 4.869015 4.864142 4.863983 4.86445 4.864017 4.865264 4.867658 4.877012 4.895045 4.913477 4.931124 4.947373 4.962317 4.969377 4.971033 4.973488 4.974769 4.976949 4.979606 4.993126 5.012145 5.031782 5.051345 5.073549 5.096128 5.113405 5.130109 5.146213 5.162868 5.17886 5.198039 5.222486 5.246516 5.270105 5.291769 5.314001 5.335498 5.358798 5.38017
5.12378 5.124393 5.134666 5.114431 5.087149 5.056924 5.025334 4.989538 4.956428 4.952981 4.956311 4.954407 4.950216 4.945909 4.937521 4.928136 4.919561 4.910707 4.902383 4.894604 4.889062 4.883886 4.876724 4.869034 4.860821 4.852509 4.852309 4.854333 4.858723 4.86487 4.872539 4.883524 4.899023 4.91432 4.927902 4.940303 4.950865 4.958779 4.961111 4.962559 4.964554 4.966249 4.968302 4.978887 5.000808 5.023995 5.047276 5.072349 5.097543 5.115453 5.13239 5.149671 5.166752 5.184088 5.202547 5.225266 5.246243 5.267829 5.288109 5.308663 5.329207 5.349522 5.369912
5.194219 5.205208 5.224001 5.207935 5.176443 5.137855 5.094131 5.052433 5.005174 4.990603 4.986782 4.97938 4.969465 4.957541 4.943479 4.934436 4.924931 4.915826 4.900156 4.886024 4.872335 4.860318 4.849793 4.843328 4.837248 4.833512 4.836899 4.843841 4.853058 4.864304 4.876815 4.89019 4.903898 4.914849 4.925516 4.934861 4.94242 4.948651 4.951241 4.952019 4.953904 4.955849 4.957898 4.967893 4.992958 5.017634 5.045111 5.070446 5.097972 5.119483 5.136819 5.154116 5.17188 5.189588 5.206872 5.226962 5.247157 5.267173 5.286529 5.305268 5.323883 5.340607 5.358592
