DATA/PredictorVariables/Current/ph.asc
ncols         590
nrows         274
xllcorner     -7.522276026
yllcorner     35.996888128
cellsize      0.01
NODATA_value  -9999
[rows 112 to 139 of 274, columns 126 to 188 of 590]
5.231132 5.281274 5.328024 5.35478 5.377713 5.40182 5.423688 5.441283 5.453307 5.442471 5.43384 5.42991 5.42885 5.434567 5.466651 5.523179 5.579607 5.631178 5.682953 5.728891 5.757824 5.778677 5.798025 5.817387 5.83415 5.852175 5.87068 5.89076 5.913249 5.934075 5.956293 5.97126 5.973693 5.975927 5.979364 5.985263 5.991254 6.004512 6.02582 6.044908 6.063274 6.079535 6.096891 6.119429 6.14634 6.173952 6.199592 6.226485 6.250767 6.267501 6.285219 6.303724 6.323879 6.34576 6.365737 6.366656 6.365072 6.363868 6.361763 6.360426 6.365831 6.386469 6.404675
5.215513 5.260551 5.301431 5.324749 5.343632 5.365392 5.386338 5.4074 5.426367 5.429119 5.431876 5.440035 5.451546 5.469955 5.499172 5.547942 5.598545 5.645109 5.691758 5.736935 5.768863 5.787267 5.803449 5.820705 5.837543 5.853462 5.872407 5.891101 5.909978 5.928617 5.947183 5.963904 5.97091 5.977686 5.985454 5.995628 6.007274 6.021689 6.040488 6.055848 6.072162 6.087206 6.101519 6.121315 6.14793 6.174432 6.199827 6.227036 6.254186 6.277467 6.299572 6.320273 6.344284 6.367928 6.388507 6.389112 6.386148 6.38701 6.386258 6.387083 6.392504 6.41086 6.428691
5.202697 5.235355 5.262568 5.283948 5.306688 5.329659 5.350543 5.373219 5.39407 5.408778 5.424064 5.444471 5.468499 5.496233 5.531622 5.574097 5.621583 5.664192 5.704834 5.745126 5.776168 5.793086 5.808485 5.823228 5.836827 5.849186 5.864424 5.881977 5.90062 5.91897 5.936401 5.952886 5.964385 5.976067 5.989537 6.00473 6.021394 6.038792 6.055428 6.068788 6.082292 6.095171 6.107375 6.123023 6.147714 6.176856 6.205023 6.233083 6.260894 6.285104 6.308211 6.330173 6.353207 6.37451 6.394065 6.400952 6.401481 6.40506 6.408411 6.41292 6.421752 6.435354 6.452026
5.192756 5.213896 5.230613 5.246485 5.269872 5.292323 5.31172 5.336013 5.360538 5.383472 5.411764 5.442734 5.480782 5.51757 5.557374 5.597599 5.636365 5.676151 5.711041 5.750029 5.784197 5.800259 5.813089 5.824604 5.835608 5.845491 5.857461 5.874727 5.892237 5.909188 5.923965 5.94066 5.956651 5.973588 5.991602 6.010132 6.03196 6.054115 6.070886 6.082461 6.094023 6.107447 6.119863 6.136859 6.163715 6.193627 6.220914 6.245039 6.272618 6.296227 6.317882 6.33903 6.359124 6.380205 6.398182 6.41045 6.416094 6.422052 6.429086 6.435962 6.44796 6.461534 6.476376
5.18974 5.199827 5.204744 5.208852 5.230143 5.25457 5.28143 5.311224 5.344463 5.376705 5.418045 5.456182 5.495611 5.535923 5.572765 5.612344 5.646319 5.68356 5.720335 5.756536 5.792095 5.80758 5.818687 5.827484 5.836005 5.843771 5.851836 5.867304 5.882673 5.89893 5.914276 5.930059 5.947463 5.966757 5.989792 6.012702 6.036194 6.05775 6.074488 6.088321 6.102365 6.120705 6.139776 6.160778 6.188062 6.211503 6.237383 6.260558 6.284435 6.308271 6.328134 6.348619 6.366388 6.3852 6.403603 6.418437 6.428012 6.436493 6.447599 6.46034 6.474271 6.488152 6.500918
5.193973 5.197328 5.199514 5.204913 5.232562 5.270635 5.304759 5.334811 5.369108 5.404016 5.44189 5.480889 5.517046 5.553965 5.586476 5.621775 5.659379 5.695037 5.731431 5.762529 5.796625 5.816698 5.824605 5.831874 5.837705 5.84301 5.847291 5.860532 5.877162 5.893522 5.911199 5.927266 5.946561 5.967957 5.990173 6.011821 6.03195 6.052318 6.070062 6.0892 6.110409 6.133231 6.157606 6.181117 6.209405 6.232205 6.255107 6.278644 6.299756 6.320754 6.337945 6.356209 6.375127 6.39269 6.410255 6.427237 6.44187 6.45479 6.469252 6.484991 6.501176 6.516107 6.525366
5.221921 5.230198 5.23839 5.246152 5.270791 5.303614 5.33611 5.368116 5.402526 5.433649 5.466078 5.502657 5.537134 5.571055 5.605278 5.63879 5.673075 5.703936 5.737316 5.771075 5.803307 5.825452 5.829424 5.833068 5.83742 5.842592 5.84947 5.86272 5.880787 5.896932 5.914903 5.93258 5.95063 5.971558 5.991447 6.01105 6.028428 6.046825 6.065412 6.089238 6.115626 6.141082 6.170821 6.203051 6.232504 6.254333 6.274404 6.295241 6.313796 6.332788 6.351389 6.371655 6.390526 6.407786 6.428132 6.447599 6.464792 6.480033 6.495534 6.513847 6.527993 6.543103 6.551816
5.254682 5.264726 5.277905 5.287689 5.3096 5.341078 5.371909 5.402248 5.432457 5.46288 5.492543 5.52816 5.560503 5.591315 5.622624 5.651581 5.683278 5.714995 5.743556 5.770066 5.793706 5.810722 5.817301 5.824114 5.83219 5.841398 5.852468 5.865211 5.882978 5.901412 5.91971 5.938117 5.956436 5.9753 5.99228 6.010094 6.027254 6.043712 6.060227 6.084764 6.115632 6.148525 6.183327 6.219486 6.252817 6.273707 6.291353 6.31113 6.33061 6.350449 6.370271 6.389799 6.4102 6.428818 6.450655 6.471216 6.488468 6.505251 6.519662 6.538628 6.555494 6.571857 6.580863
5.287262 5.300249 5.313862 5.328429 5.348378 5.379174 5.405272 5.437612 5.464906 5.492031 5.52021 5.551985 5.58213 5.608751 5.639825 5.668828 5.696091 5.720145 5.741333 5.760526 5.777476 5.790857 5.801653 5.812747 5.824785 5.836842 5.852097 5.868789 5.887492 5.906047 5.923993 5.942842 5.960814 5.979118 5.995671 6.012567 6.028838 6.043805 6.060967 6.088515 6.12627 6.162405 6.197449 6.232151 6.262386 6.285174 6.304995 6.326571 6.347189 6.366435 6.389767 6.408878 6.42923 6.449786 6.471143 6.493565 6.511147 6.528099 6.547519 6.56497 6.582664 6.598653 6.610111
5.31503 5.333279 5.350116 5.368676 5.386654 5.412639 5.43799 5.464157 5.490752 5.514067 5.541961 5.568604 5.597774 5.62685 5.656573 5.686296 5.709544 5.728563 5.742559 5.755302 5.76602 5.773243 5.783646 5.797966 5.814017 5.83174 5.851278 5.871924 5.89036 5.90933 5.928027 5.950103 5.971282 5.992342 6.010995 6.029236 6.049144 6.068033 6.0886 6.114057 6.146469 6.180533 6.210026 6.243031 6.273519 6.297937 6.320133 6.339649 6.361974 6.382945 6.406133 6.428185 6.449235 6.471368 6.491485 6.513211 6.534455 6.552382 6.572068 6.588107 6.605084 6.619734 6.62868
5.340438 5.358144 5.374062 5.392435 5.413677 5.436704 5.462454 5.486168 5.511466 5.533654 5.558267 5.587463 5.616313 5.646786 5.672498 5.701442 5.726487 5.738971 5.747492 5.753311 5.756567 5.757596 5.76381 5.782973 5.803674 5.827714 5.85112 5.87981 5.90267 5.92515 5.947916 5.972386 5.996711 6.017564 6.0392 6.059112 6.078073 6.097064 6.115151 6.139858 6.16757 6.198964 6.229322 6.257782 6.285402 6.308346 6.331676 6.353581 6.376449 6.400947 6.424105 6.447028 6.466474 6.488385 6.512462 6.534971 6.557358 6.574849 6.59095 6.603681 6.616846 6.629189 6.638729
5.353078 5.372415 5.392537 5.415358 5.437352 5.458378 5.483487 5.507961 5.531498 5.555737 5.579238 5.606164 5.632113 5.661308 5.69026 5.718481 5.746439 5.753616 5.755693 5.755554 5.755429 5.755579 5.762294 5.789865 5.815065 5.843606 5.869881 5.898017 5.925633 5.94904 5.974411 5.996274 6.020544 6.045068 6.066742 6.087901 6.105541 6.126784 6.145695 6.165586 6.191939 6.219445 6.248024 6.271234 6.296329 6.320524 6.343544 6.367022 6.39089 6.415269 6.438532 6.462708 6.485271 6.50982 6.532974 6.555111 6.57964 6.596278 6.609133 6.620338 6.631092 6.641184 6.648149
5.365149 5.387151 5.409939 5.432941 5.458032 5.482225 5.507843 5.530881 5.552396 5.576008 5.598072 5.622524 5.651253 5.678989 5.7059 5.730937 5.756315 5.766499 5.767322 5.769938 5.773574 5.7776 5.783251 5.808182 5.835828 5.863587 5.892992 5.920359 5.947937 5.969852 5.9946 6.021478 6.046646 6.073186 6.095636 6.116337 6.133683 6.153035 6.174735 6.193846 6.21649 6.239335 6.262627 6.284475 6.306442 6.328411 6.352862 6.377697 6.400928 6.427222 6.453692 6.479821 6.503555 6.527639 6.552386 6.574791 6.600942 6.620584 6.629795 6.638142 6.644817 6.652987 6.65823
5.375726 5.398082 5.42502 5.451292 5.478558 5.50615 5.530091 5.552366 5.571596 5.592703 5.612897 5.634328 5.659346 5.683328 5.708648 5.733877 5.758795 5.775088 5.779149 5.784659 5.791001 5.798175 5.807131 5.829343 5.857149 5.883536 5.912479 5.939549 5.967198 5.993946 6.020539 6.046322 6.070302 6.097645 6.122411 6.140919 6.158597 6.177003 6.193795 6.208868 6.227983 6.249557 6.271794 6.293247 6.314862 6.336024 6.357932 6.384417 6.411228 6.440056 6.468215 6.49494 6.52228 6.545085 6.570107 6.595405 6.621093 6.644531 6.650681 6.656856 6.662629 6.666368 6.669818
5.383176 5.409794 5.436761 5.465036 5.490398 5.517155 5.537782 5.557409 5.577281 5.597805 5.618262 5.637453 5.662572 5.686883 5.71186 5.736417 5.7612 5.781553 5.788885 5.798164 5.80754 5.817935 5.82957 5.849058 5.877563 5.903239 5.933079 5.960869 5.988443 6.014566 6.039645 6.064802 6.087883 6.11313 6.136189 6.153996 6.170774 6.186191 6.203582 6.220427 6.239466 6.260275 6.280396 6.301529 6.320401 6.341752 6.365102 6.393276 6.422859 6.450366 6.48059 6.509002 6.536992 6.563452 6.589395 6.616121 6.639434 6.662351 6.669073 6.672249 6.676939 6.681357 6.686452
5.38653 5.412771 5.43644 5.462752 5.4889 5.514814 5.539341 5.55938 5.580563 5.599467 5.620737 5.642282 5.665991 5.691206 5.714724 5.739529 5.762087 5.784848 5.797839 5.810263 5.822861 5.835131 5.851875 5.868598 5.895428 5.922669 5.95108 5.977797 6.001886 6.029069 6.052334 6.076103 6.09965 6.123333 6.146884 6.163552 6.18147 6.198311 6.215205 6.232118 6.248651 6.269841 6.288782 6.309584 6.329937 6.349783 6.371891 6.399708 6.430815 6.460896 6.493021 6.527212 6.556726 6.581696 6.603581 6.626629 6.648076 6.667715 6.677076 6.682734 6.689093 6.694986 6.702348
5.383986 5.408298 5.435238 5.461864 5.488936 5.514348 5.539403 5.559475 5.580604 5.603076 5.625179 5.648218 5.670093 5.69435 5.717158 5.741003 5.765255 5.788476 5.805579 5.818609 5.834074 5.84932 5.866988 5.886294 5.911882 5.939901 5.963692 5.990306 6.015823 6.041774 6.065899 6.088297 6.112515 6.13282 6.155099 6.174945 6.19202 6.20984 6.22587 6.243761 6.259981 6.278971 6.2991 6.319559 6.342054 6.361855 6.387077 6.420185 6.453869 6.486571 6.518467 6.550014 6.577363 6.599525 6.618946 6.639073 6.656519 6.67243 6.68363 6.69073 6.699327 6.708278 6.718467
5.384641 5.40831 5.43459 5.460022 5.486016 5.511896 5.538208 5.561522 5.58368 5.606361 5.627565 5.650198 5.673056 5.696481 5.720278 5.742654 5.765661 5.787221 5.806935 5.824256 5.842252 5.862182 5.881573 5.902935 5.925238 5.952057 5.978825 6.004669 6.031796 6.055745 6.079214 6.099568 6.121704 6.144524 6.166047 6.186788 6.203314 6.221524 6.23846 6.257577 6.279967 6.302613 6.326494 6.351263 6.377121 6.399374 6.42376 6.455056 6.487414 6.517557 6.545104 6.57564 6.601584 6.620205 6.636484 6.652383 6.666295 6.677489 6.688857 6.698778 6.709372 6.720642 6.731877
5.385758 5.404417 5.431404 5.457765 5.485002 5.512334 5.539107 5.56337 5.584956 5.607759 5.630623 5.652425 5.674141 5.696707 5.719217 5.740757 5.763816 5.787317 5.808912 5.829069 5.849068 5.87122 5.892967 5.916684 5.94306 5.968903 5.994445 6.018141 6.044371 6.068752 6.091515 6.113803 6.135993 6.157763 6.177793 6.200844 6.222464 6.243889 6.266178 6.29244 6.31679 6.338717 6.363984 6.390667 6.414825 6.439031 6.46511 6.493739 6.518888 6.54653 6.573617 6.602011 6.626835 6.642492 6.657285 6.667024 6.676828 6.685513 6.694026 6.706976 6.7198 6.735234 6.750789
5.387276 5.4067 5.43433 5.462365 5.489874 5.517736 5.543461 5.569524 5.591267 5.612795 5.633715 5.654099 5.674322 5.695435 5.718127 5.741117 5.764075 5.786547 5.808433 5.831144 5.854431 5.879226 5.904926 5.931545 5.958481 5.98288 6.007819 6.031574 6.056346 6.081569 6.105419 6.127718 6.149786 6.173537 6.19667 6.222815 6.246745 6.271119 6.296357 6.322503 6.349736 6.377378 6.404966 6.429927 6.453259 6.478796 6.501475 6.52891 6.55471 6.580903 6.606982 6.62881 6.652293 6.665899 6.676059 6.685038 6.693669 6.703787 6.714311 6.729877 6.743662 6.758897 6.775423
5.395752 5.417261 5.442299 5.471218 5.497036 5.52425 5.551295 5.5766 5.598061 5.616972 5.637449 5.655844 5.674859 5.69533 5.718625 5.741515 5.762434 5.78504 5.807507 5.832359 5.858258 5.88556 5.912213 5.936454 5.961155 5.985259 6.010277 6.035851 6.063516 6.091401 6.115647 6.140938 6.165378 6.190309 6.215698 6.242625 6.269571 6.294142 6.324822 6.354052 6.384234 6.41505 6.441463 6.469154 6.490888 6.51658 6.542806 6.566122 6.588189 6.608202 6.630768 6.648693 6.668099 6.685373 6.695487 6.705646 6.715211 6.728201 6.741059 6.754988 6.76995 6.786654 6.801836
5.404036 5.426326 5.451469 5.478337 5.50623 5.532872 5.560308 5.583206 5.603651 5.622263 5.640924 5.659497 5.677233 5.696551 5.717352 5.740113 5.762519 5.785192 5.807526 5.831344 5.856448 5.880476 5.905995 5.931305 5.956005 5.982504 6.009869 6.038713 6.065896 6.096601 6.127347 6.154699 6.180698 6.206432 6.235356 6.26026 6.288673 6.318749 6.351203 6.384488 6.415443 6.451576 6.47719 6.499542 6.52141 6.542634 6.564857 6.584384 6.604584 6.623739 6.643101 6.662436 6.68174 6.700052 6.712092 6.72509 6.737028 6.752671 6.767006 6.781815 6.796398 6.810233 6.82708
5.412183 5.436344 5.462703 5.48831 5.51481 5.538839 5.564536 5.590968 5.61056 5.627783 5.64411 5.661309 5.678134 5.69749 5.720093 5.742424 5.764692 5.785662 5.806889 5.827688 5.852705 5.877733 5.902535 5.926765 5.950059 5.976576 6.005901 6.037025 6.070249 6.103838 6.139159 6.166073 6.194094 6.220295 6.249708 6.280066 6.310381 6.344724 6.375246 6.407967 6.436715 6.466577 6.494847 6.515721 6.53645 6.556977 6.578188 6.597283 6.617146 6.637053 6.656986 6.676219 6.694494 6.714352 6.728642 6.743 6.757978 6.775695 6.792154 6.807024 6.824052 6.837569 6.850771
5.419728 5.444357 5.470201 5.494216 5.517963 5.541154 5.562602 5.585137 5.60415 5.620457 5.639052 5.659126 5.68064 5.702434 5.724397 5.744652 5.765711 5.785614 5.806108 5.827213 5.850968 5.875279 5.898282 5.921093 5.943868 5.970261 6.003748 6.037888 6.073762 6.108973 6.149156 6.184629 6.216099 6.250126 6.281524 6.310699 6.336214 6.367662 6.39805 6.427083 6.455312 6.48419 6.509601 6.528711 6.549823 6.570591 6.591001 6.611354 6.632541 6.651753 6.669216 6.688887 6.707015 6.727299 6.744545 6.761024 6.778738 6.793532 6.810407 6.825984 6.838045 6.849524 6.860729
5.415131 5.438002 5.459536 5.481218 5.503737 5.525822 5.546337 5.568855 5.591177 5.611345 5.633548 5.656738 5.680389 5.703951 5.727213 5.747869 5.767767 5.787624 5.807186 5.826381 5.847529 5.870894 5.89429 5.916893 5.939517 5.964209 6.000211 6.038761 6.083787 6.133197 6.18549 6.232236 6.261645 6.290892 6.317323 6.34389 6.368532 6.396067 6.423224 6.449518 6.475008 6.498908 6.522709 6.543147 6.56492 6.585121 6.605339 6.625501 6.643431 6.663678 6.682307 6.700829 6.718385 6.736102 6.752905 6.766763 6.781392 6.796686 6.811892 6.82735 6.840091 6.852034 6.863134
5.401876 5.422995 5.44173 5.46283 5.485014 5.507557 5.530563 5.554391 5.577737 5.601223 5.62603 5.650513 5.677187 5.705541 5.731602 5.751246 5.770661 5.789809 5.808019 5.828234 5.850276 5.873316 5.895111 5.915821 5.934691 5.951847 5.991915 6.043979 6.099369 6.157791 6.221147 6.280538 6.30786 6.334787 6.357825 6.379696 6.400832 6.424231 6.449285 6.470425 6.4952 6.516981 6.537869 6.558083 6.578476 6.598199 6.614545 6.63223 6.647872 6.664172 6.68103 6.698029 6.715806 6.732158 6.750258 6.766099 6.78101 6.796283 6.811588 6.826696 6.839674 6.85268 6.865989
5.388766 5.406628 5.423813 5.44473 5.468542 5.491047 5.5154 5.539279 5.562143 5.587378 5.615774 5.644793 5.675814 5.707593 5.736324 5.758693 5.777906 5.798844 5.820122 5.843259 5.864583 5.883135 5.90121 5.916183 5.930871 5.943923 5.983548 6.046135 6.110569 6.180272 6.247826 6.320332 6.35611 6.38041 6.399754 6.417039 6.438302 6.453063 6.473614 6.493636 6.513388 6.531736 6.548314 6.565318 6.579996 6.595778 6.610962 6.624915 6.63864 6.654845 6.672817 6.690045 6.709086 6.729001 6.748882 6.764851 6.780195 6.795428 6.809535 6.825181 6.840087 6.854234 6.868619
5.376243 5.39232 5.408638 5.42754 5.451055 5.473549 5.498662 5.524885 5.551256 5.582024 5.614768 5.648254 5.678828 5.711993 5.743546 5.768559 5.790302 5.813088 5.83619 5.857096 5.879609 5.894271 5.908402 5.92005 5.930426 5.938884 5.968607 6.0392 6.111807 6.192583 6.27592 6.361421 6.4078 6.420402 6.434057 6.444798 6.456942 6.469527 6.485539 6.502619 6.517907 6.534101 6.549255 6.564632 6.579587 6.593328 6.606472 6.618231 6.629463 6.643142 6.663035 6.682645 6.703791 6.725259 6.746791 6.763771 6.778176 6.793645 6.809144 6.824353 6.839956 6.854481 6.868767
