DATA/PredictorVariables/Current/ph.asc
ncols         590
nrows         274
xllcorner     -7.522276026
yllcorner     35.996888128
cellsize      0.01
NODATA_value  -9999
[rows 84 to 111 of 274, columns 126 to 188 of 590]
4.831619 4.841368 4.855553 4.869259 4.882329 4.897746 4.915524 4.934166 4.95647 4.977085 5.002425 5.020928 5.040578 5.062804 5.087465 5.116807 5.145513 5.176388 5.206562 5.232318 5.257905 5.279812 5.302093 5.32553 5.34541 5.36468 5.382386 5.396183 5.407148 5.415153 5.425693 5.464984 5.509237 5.553106 5.588933 5.628703 5.655016 5.655984 5.659442 5.665641 5.675744 5.689258 5.714826 5.747781 5.774251 5.799282 5.821702 5.840178 5.847681 5.855541 5.868052 5.883307 5.901317 5.92024 5.91466 5.903828 5.894781 5.883643 5.873213 5.867514 5.880338 5.896243 5.91071
4.840858 4.856329 4.876089 4.899311 4.917826 4.939129 4.964605 4.983392 5.006768 5.025753 5.041992 5.056868 5.069237 5.088274 5.115548 5.147776 5.179591 5.20818 5.24215 5.27016 5.294171 5.315223 5.33543 5.357237 5.374777 5.386664 5.39397 5.399765 5.406019 5.415188 5.430107 5.465736 5.50195 5.53755 5.571576 5.602957 5.628368 5.637467 5.650077 5.665864 5.684366 5.707295 5.729003 5.751398 5.770659 5.785193 5.796724 5.804144 5.81254 5.830258 5.852158 5.877042 5.900332 5.927304 5.92824 5.915699 5.904081 5.895146 5.887226 5.883499 5.896958 5.91295 5.927545
4.873394 4.900242 4.924417 4.947236 4.968792 4.992103 5.017941 5.037796 5.055478 5.072723 5.082655 5.095808 5.105639 5.115541 5.143078 5.173008 5.209802 5.241698 5.278457 5.310673 5.327146 5.343624 5.354817 5.362016 5.364728 5.366956 5.371811 5.385059 5.401233 5.420475 5.442436 5.47277 5.503952 5.531956 5.557597 5.579814 5.59801 5.615711 5.637868 5.662665 5.688221 5.718767 5.749182 5.76296 5.771166 5.775304 5.776487 5.77739 5.787309 5.815159 5.840979 5.866764 5.889194 5.908428 5.912272 5.904521 5.898605 5.895926 5.895308 5.897305 5.909658 5.927087 5.944944
4.905961 4.941373 4.974063 4.994023 5.01941 5.042724 5.067837 5.091583 5.110189 5.122656 5.127858 5.134104 5.141194 5.143773 5.168111 5.201252 5.235336 5.269534 5.301086 5.335759 5.346047 5.348712 5.347344 5.34281 5.332558 5.325991 5.341514 5.365166 5.39066 5.419743 5.453146 5.485768 5.508975 5.528561 5.545502 5.559958 5.570683 5.590849 5.620811 5.653302 5.687715 5.727186 5.765417 5.775325 5.778278 5.782039 5.788168 5.796753 5.809883 5.831836 5.849745 5.865995 5.877704 5.886373 5.888638 5.888216 5.889548 5.893936 5.899958 5.909772 5.923525 5.942424 5.961751
4.93551 4.97432 5.019659 5.042997 5.069363 5.095445 5.117092 5.143827 5.162896 5.167031 5.167922 5.168929 5.170505 5.169759 5.185364 5.221082 5.253696 5.288879 5.323009 5.357152 5.365341 5.35668 5.3442 5.328083 5.307469 5.284133 5.305616 5.337681 5.374448 5.414965 5.460155 5.499856 5.518853 5.529471 5.539012 5.547207 5.553367 5.572874 5.60972 5.650794 5.688393 5.724324 5.759306 5.777002 5.785863 5.796589 5.808345 5.826297 5.841983 5.855266 5.863804 5.868985 5.870352 5.868371 5.863722 5.867758 5.877244 5.888183 5.901292 5.917958 5.936835 5.956059 5.978932
4.960044 5.007526 5.055711 5.084649 5.105161 5.127744 5.14655 5.168631 5.188058 5.18961 5.190685 5.191715 5.192803 5.193561 5.204902 5.238937 5.271132 5.306452 5.343868 5.37868 5.389807 5.371506 5.347028 5.318347 5.287663 5.249498 5.261974 5.307237 5.356576 5.407225 5.461426 5.509658 5.52725 5.536205 5.545445 5.557515 5.568197 5.585468 5.620064 5.654447 5.689576 5.71951 5.751422 5.775423 5.790641 5.808153 5.825678 5.849181 5.873115 5.883899 5.883773 5.878162 5.868527 5.855723 5.841213 5.844953 5.861974 5.88271 5.907769 5.931377 5.956847 5.976669 5.998326
4.973713 5.019866 5.061105 5.09062 5.110646 5.132762 5.155711 5.178185 5.203675 5.210374 5.212011 5.214108 5.214808 5.217597 5.222847 5.254525 5.290328 5.326594 5.36345 5.396893 5.416944 5.390524 5.354531 5.317285 5.284665 5.25005 5.254659 5.310884 5.368732 5.417053 5.465436 5.511161 5.532057 5.543952 5.555447 5.569487 5.585238 5.602681 5.632918 5.660956 5.690811 5.719416 5.746181 5.771202 5.790989 5.814984 5.842156 5.870838 5.901482 5.918165 5.908166 5.893858 5.877651 5.862037 5.850814 5.856272 5.882079 5.90766 5.935711 5.957931 5.982504 6.004815 6.025537
4.986369 5.024536 5.057996 5.088799 5.113069 5.137455 5.163836 5.188341 5.215977 5.230255 5.232121 5.235925 5.237523 5.240905 5.245404 5.271885 5.30895 5.34239 5.381289 5.418267 5.446434 5.424677 5.394289 5.363852 5.340112 5.315932 5.311214 5.355554 5.400785 5.441512 5.478704 5.512016 5.534176 5.549135 5.565499 5.582916 5.600994 5.617899 5.64252 5.671024 5.696609 5.720944 5.741368 5.763367 5.790483 5.821372 5.855262 5.886387 5.922946 5.954847 5.945318 5.930303 5.916011 5.903592 5.89132 5.89006 5.913958 5.938007 5.964059 5.987359 6.011214 6.032017 6.049662
4.997973 5.031016 5.060438 5.087134 5.113162 5.138981 5.1672 5.197731 5.227495 5.25007 5.253925 5.257075 5.260875 5.265729 5.274711 5.294474 5.334126 5.371312 5.406895 5.441687 5.471679 5.465995 5.44056 5.419071 5.401799 5.385646 5.375257 5.404445 5.440684 5.470221 5.49442 5.51751 5.536168 5.554206 5.573133 5.591958 5.613148 5.635268 5.659359 5.681777 5.701287 5.722149 5.742429 5.762825 5.79245 5.826845 5.864873 5.904059 5.945543 5.985891 5.984612 5.971386 5.956583 5.94501 5.931657 5.923309 5.945128 5.968223 5.993822 6.017113 6.038037 6.062331 6.076668
5.018649 5.042171 5.065042 5.083797 5.111259 5.142321 5.175708 5.20905 5.238929 5.2678 5.278788 5.285322 5.29275 5.303398 5.312892 5.33017 5.364728 5.401242 5.430531 5.463743 5.49614 5.501926 5.483877 5.470901 5.460939 5.449914 5.443916 5.463471 5.48261 5.502428 5.51706 5.529816 5.538382 5.555275 5.575846 5.597503 5.620156 5.643434 5.665079 5.685683 5.70541 5.726132 5.74564 5.763935 5.791416 5.830559 5.875046 5.919891 5.962871 6.012597 6.024185 6.009998 5.995933 5.984573 5.973516 5.961074 5.97805 6.002105 6.023266 6.047067 6.066953 6.090456 6.104449
5.039949 5.057281 5.078528 5.100499 5.129303 5.164258 5.19531 5.228885 5.260427 5.290903 5.305613 5.313825 5.32423 5.338708 5.351249 5.36744 5.397729 5.428838 5.459155 5.488569 5.519441 5.535089 5.526237 5.520799 5.514942 5.5111 5.508469 5.521094 5.529326 5.535166 5.538959 5.537603 5.534097 5.54655 5.56909 5.593465 5.617225 5.643644 5.668795 5.689989 5.709705 5.727741 5.747713 5.766148 5.792062 5.835681 5.882173 5.931885 5.979246 6.033905 6.062444 6.048434 6.038268 6.025854 6.011741 5.998115 6.006451 6.031072 6.050895 6.073486 6.098989 6.121832 6.133686
5.057004 5.080051 5.104149 5.133625 5.15989 5.193403 5.224774 5.254451 5.283351 5.309248 5.329468 5.341957 5.357925 5.372787 5.386249 5.404483 5.432765 5.46118 5.488803 5.515031 5.540804 5.561185 5.560065 5.559033 5.556902 5.557638 5.562214 5.564903 5.563686 5.558981 5.554876 5.544352 5.531112 5.534715 5.559447 5.585937 5.612942 5.641292 5.67205 5.694057 5.713954 5.731554 5.7505 5.769311 5.790158 5.836459 5.885077 5.939504 5.994738 6.048287 6.085717 6.074652 6.060001 6.046193 6.034602 6.025418 6.029994 6.052948 6.076669 6.100907 6.127114 6.15078 6.164268
5.072649 5.101083 5.130083 5.161639 5.193981 5.223529 5.253988 5.278072 5.306003 5.33196 5.353127 5.368858 5.385112 5.403715 5.421615 5.438936 5.457973 5.478973 5.500515 5.522104 5.546535 5.571722 5.578506 5.581715 5.584934 5.590597 5.60153 5.607443 5.601865 5.590099 5.574168 5.554664 5.533057 5.522182 5.547548 5.577771 5.609286 5.639677 5.672417 5.697927 5.71645 5.735878 5.754836 5.77443 5.794779 5.837526 5.891046 5.942563 5.991383 6.032955 6.072773 6.072091 6.062979 6.055805 6.050686 6.048364 6.052996 6.076451 6.101819 6.126758 6.154487 6.180612 6.197151
5.084173 5.117237 5.153904 5.190526 5.227787 5.256202 5.281492 5.306005 5.329355 5.352993 5.370996 5.38668 5.399354 5.410424 5.419717 5.426108 5.435913 5.459622 5.48558 5.512817 5.5417 5.573214 5.591941 5.600331 5.610102 5.622026 5.638509 5.651829 5.642318 5.622529 5.597302 5.569594 5.540238 5.514767 5.536402 5.56992 5.604438 5.637295 5.671471 5.700587 5.720689 5.742476 5.763149 5.787877 5.816051 5.853058 5.899694 5.940405 5.981735 6.021635 6.058112 6.066785 6.063786 6.063029 6.064002 6.068467 6.075684 6.096804 6.124755 6.151266 6.181213 6.20982 6.22972
5.096055 5.135139 5.174117 5.20961 5.24818 5.275893 5.293936 5.31204 5.328621 5.349637 5.371985 5.383891 5.39141 5.397167 5.400664 5.402801 5.409115 5.43632 5.465299 5.498359 5.533446 5.572349 5.602731 5.616122 5.632657 5.649245 5.670756 5.692361 5.687428 5.661272 5.628755 5.595061 5.565044 5.541864 5.564016 5.597925 5.631583 5.657787 5.679393 5.697386 5.718766 5.745465 5.773635 5.804955 5.836351 5.867917 5.907691 5.944066 5.980106 6.012978 6.04226 6.057154 6.061285 6.066855 6.074308 6.083907 6.097232 6.118173 6.147954 6.176967 6.204751 6.235369 6.260965
5.09721 5.12858 5.162084 5.194262 5.222953 5.247605 5.267658 5.289882 5.313288 5.340365 5.369009 5.38218 5.384749 5.386154 5.38554 5.382778 5.382402 5.407469 5.442518 5.48278 5.524791 5.565978 5.607811 5.62917 5.651387 5.673349 5.695115 5.716977 5.722401 5.693837 5.667725 5.647001 5.634696 5.623989 5.631383 5.653944 5.674426 5.686054 5.692545 5.697072 5.717178 5.748902 5.782098 5.81389 5.85153 5.888268 5.923131 5.953409 5.98001 6.005576 6.028423 6.046922 6.059028 6.071486 6.087538 6.1003 6.113892 6.133944 6.163405 6.195493 6.223162 6.25493 6.289307
5.081081 5.110119 5.139066 5.166666 5.187546 5.212114 5.238887 5.266331 5.296353 5.326988 5.360305 5.382414 5.380684 5.377331 5.372106 5.364672 5.357489 5.377357 5.42169 5.468634 5.518713 5.563391 5.609909 5.637705 5.657731 5.678636 5.696573 5.716059 5.729461 5.716706 5.704765 5.697843 5.699826 5.701634 5.708558 5.721816 5.72198 5.721691 5.713777 5.703059 5.713686 5.748084 5.787107 5.824812 5.866577 5.909627 5.93934 5.967795 5.990494 6.015201 6.042676 6.064833 6.081382 6.09325 6.106911 6.120057 6.131165 6.148088 6.176354 6.208987 6.242261 6.276225 6.311797
5.067588 5.09342 5.115173 5.137818 5.157475 5.178607 5.208789 5.238274 5.273521 5.311183 5.350856 5.38255 5.378947 5.372218 5.366609 5.36336 5.363522 5.387576 5.438447 5.482561 5.528592 5.574786 5.616553 5.644518 5.662081 5.680602 5.698632 5.715869 5.732084 5.734128 5.736038 5.745761 5.757587 5.773567 5.786652 5.792756 5.779144 5.761949 5.742255 5.71789 5.712186 5.750773 5.795403 5.84436 5.890327 5.940038 5.97437 5.999003 6.023167 6.046827 6.072771 6.092743 6.107792 6.12043 6.131455 6.140845 6.148403 6.159742 6.190232 6.225061 6.26053 6.29543 6.333086
5.055003 5.076256 5.096254 5.113586 5.129509 5.144436 5.172799 5.211026 5.252702 5.294755 5.332653 5.368982 5.375965 5.377425 5.382604 5.390178 5.403611 5.425198 5.467087 5.50923 5.55067 5.58861 5.620944 5.649633 5.668121 5.684969 5.701327 5.716102 5.731008 5.744334 5.760417 5.783975 5.806855 5.83809 5.866406 5.854348 5.826611 5.79861 5.775383 5.751934 5.739931 5.780242 5.827785 5.876132 5.919011 5.966606 6.010961 6.034468 6.057032 6.079317 6.101143 6.122156 6.136981 6.146552 6.154684 6.162322 6.168049 6.17611 6.203229 6.237927 6.275884 6.311267 6.350714
5.048738 5.066185 5.084091 5.101001 5.116677 5.130572 5.154779 5.196865 5.235648 5.274717 5.310807 5.348236 5.367826 5.379026 5.395456 5.413511 5.438764 5.466624 5.501551 5.538294 5.569646 5.602365 5.632015 5.658413 5.674837 5.688607 5.703396 5.717666 5.732454 5.751068 5.77701 5.80372 5.827874 5.851383 5.872458 5.865966 5.841788 5.821472 5.803646 5.786746 5.776502 5.809981 5.855431 5.903386 5.951449 6.00283 6.047013 6.068051 6.090105 6.111587 6.132667 6.152078 6.165664 6.176119 6.180051 6.184042 6.187479 6.191344 6.212453 6.246813 6.284587 6.320245 6.35616
5.077631 5.090374 5.105932 5.119498 5.12873 5.135715 5.14772 5.183546 5.220599 5.25635 5.292395 5.326682 5.35376 5.375227 5.402221 5.432446 5.466839 5.506631 5.537259 5.569471 5.597161 5.622545 5.646689 5.667499 5.686875 5.702409 5.720362 5.736171 5.749423 5.766517 5.78741 5.810098 5.830162 5.848485 5.864268 5.868495 5.852071 5.838084 5.827591 5.818572 5.812605 5.838799 5.886984 5.935308 5.983739 6.028991 6.078569 6.105122 6.126041 6.144918 6.160172 6.17626 6.187732 6.191665 6.193957 6.196687 6.20133 6.205304 6.219266 6.253907 6.28885 6.32526 6.35627
5.121439 5.129016 5.137943 5.142989 5.144189 5.144403 5.144444 5.173912 5.209064 5.24086 5.272678 5.303826 5.334068 5.367991 5.405982 5.448281 5.488272 5.535514 5.574997 5.600079 5.625578 5.646924 5.67366 5.698092 5.716905 5.731543 5.744985 5.760788 5.772186 5.785756 5.802941 5.819077 5.834304 5.846318 5.858197 5.865119 5.857469 5.851812 5.84859 5.847273 5.848263 5.870838 5.918404 5.963285 6.015163 6.059878 6.106153 6.134416 6.147586 6.161922 6.172176 6.182353 6.191481 6.196086 6.200578 6.205 6.210965 6.21786 6.229574 6.262145 6.2934 6.327535 6.360774
5.165181 5.170491 5.170994 5.170261 5.164169 5.156923 5.146962 5.165115 5.196488 5.22573 5.257235 5.288166 5.319325 5.361779 5.404938 5.453191 5.504988 5.556324 5.603199 5.627037 5.652257 5.676117 5.701434 5.729018 5.747471 5.762302 5.77471 5.785701 5.796054 5.805779 5.819249 5.82953 5.839639 5.848562 5.85515 5.859764 5.859843 5.862453 5.867473 5.874844 5.887202 5.903028 5.948476 5.992266 6.037547 6.083435 6.124882 6.156146 6.166426 6.175124 6.18272 6.18913 6.194761 6.19932 6.205701 6.21321 6.221157 6.229585 6.238904 6.26649 6.299757 6.33287 6.365675
5.205645 5.216821 5.211251 5.200303 5.187939 5.176897 5.167714 5.176489 5.21499 5.247776 5.275262 5.301099 5.321534 5.360681 5.411952 5.46523 5.519015 5.568655 5.621679 5.654386 5.679634 5.70512 5.73136 5.7589 5.780142 5.791708 5.803748 5.812009 5.820992 5.829574 5.836832 5.843937 5.850128 5.856853 5.861691 5.867321 5.877084 5.88774 5.899114 5.909814 5.927721 5.943497 5.981234 6.025266 6.065825 6.106874 6.142409 6.174793 6.185928 6.190859 6.194689 6.197807 6.199279 6.202122 6.210489 6.219644 6.229177 6.239977 6.250469 6.275427 6.307324 6.337739 6.368343
5.240633 5.253458 5.247281 5.237102 5.234451 5.232657 5.232385 5.241017 5.266406 5.291792 5.307055 5.323121 5.333965 5.362889 5.41754 5.467987 5.525274 5.583614 5.644477 5.68144 5.705354 5.733019 5.760044 5.786891 5.812486 5.823843 5.831981 5.83743 5.84414 5.853647 5.861588 5.867921 5.874862 5.881884 5.886915 5.892253 5.902013 5.915159 5.931401 5.9482 5.966743 5.985382 6.016723 6.056649 6.093152 6.129569 6.164916 6.19833 6.206944 6.207773 6.208451 6.20794 6.206327 6.206992 6.218176 6.233726 6.24478 6.256752 6.267841 6.285618 6.315654 6.341525 6.369549
5.248673 5.269508 5.276433 5.27549 5.279531 5.288404 5.296447 5.314425 5.328358 5.338476 5.345372 5.35009 5.350641 5.359759 5.416852 5.475232 5.536102 5.598026 5.656883 5.706013 5.73079 5.757381 5.781705 5.805026 5.827507 5.838229 5.845912 5.854471 5.865866 5.877265 5.887615 5.895423 5.901922 5.907811 5.912724 5.917876 5.927344 5.942342 5.960915 5.981582 6.004757 6.02694 6.052008 6.090539 6.124451 6.157138 6.188363 6.216885 6.228203 6.226643 6.227274 6.230004 6.232144 6.239887 6.249585 6.263046 6.272706 6.281223 6.290306 6.299103 6.323613 6.348906 6.372865
5.247043 5.278582 5.299654 5.308765 5.322436 5.340631 5.356825 5.379409 5.392731 5.3919 5.389869 5.384639 5.373192 5.366456 5.418065 5.483643 5.54324 5.608372 5.666291 5.717118 5.742328 5.7646 5.787334 5.807125 5.829108 5.845095 5.856415 5.868882 5.881914 5.897674 5.913865 5.924035 5.930014 5.93347 5.939324 5.943407 5.950251 5.968142 5.990355 6.016429 6.037696 6.061719 6.086799 6.117579 6.145011 6.169406 6.196728 6.222428 6.239373 6.24306 6.248028 6.257688 6.265503 6.27611 6.289154 6.296243 6.302269 6.306683 6.311633 6.316397 6.335463 6.357512 6.377606
5.243351 5.283692 5.317104 5.337665 5.360564 5.385669 5.413581 5.446192 5.455188 5.441902 5.42802 5.41424 5.401929 5.396179 5.438537 5.500771 5.558219 5.615913 5.674507 5.724196 5.751467 5.770657 5.791422 5.811772 5.831345 5.850105 5.863913 5.881347 5.898779 5.917804 5.937974 5.950655 5.957922 5.960986 5.965033 5.969509 5.973095 5.990222 6.010585 6.03363 6.054456 6.074506 6.094846 6.118567 6.145146 6.171047 6.197361 6.225031 6.246829 6.257708 6.268387 6.281248 6.295758 6.312044 6.327357 6.330502 6.332976 6.335791 6.336941 6.336005 6.347295 6.366748 6.384573
