DATA/PredictorVariables/Current/ph.asc
ncols         590
nrows         274
xllcorner     -7.522276026
yllcorner     35.996888128
cellsize      0.01
NODATA_value  -9999
[rows 168 to 195 of 274, columns 126 to 188 of 590]
-9999 -9999 -9999 -9999 -9999 -9999 -9999 -9999 -9999 -9999 -9999 -9999 -9999 -9999 -9999 -9999 -9999 -9999 -9999 -9999 -9999 -9999 -9999 -9999 -9999 -9999 -9999 -9999 -9999 -9999 -9999 -9999 -9999 -9999 -9999 -9999 -9999 -9999 -9999 -9999 -9999 -9999 6.411707 6.424684 6.437975 6.449012 6.456254 6.463236 6.473476 6.487674 6.497664 6.519215 6.537045 6.548992 6.554501 6.556485 6.569584 6.593246 6.618599 6.643891 6.668814 6.695499 6.703833
-9999 -9999 -9999 -9999 -9999 -9999 -9999 -9999 -9999 -9999 -9999 -9999 -9999 -9999 -9999 -9999 -9999 -9999 -9999 -9999 -9999 -9999 -9999 -9999 -9999 -9999 -9999 -9999 -9999 -9999 -9999 -9999 -9999 -9999 -9999 -9999 -9999 -9999 -9999 -9999 -9999 -9999 6.431743 6.451257 6.474357 6.482816 6.486933 6.489366 6.489209 6.486867 6.48185 6.478911 6.480688 6.481781 6.482137 6.478549 6.488313 6.517337 6.548056 6.574283 6.606664 6.639322 6.661967
-9999 -9999 -9999 -9999 -9999 -9999 -9999 -9999 -9999 -9999 -9999 -9999 -9999 -9999 -9999 -9999 -9999 -9999 -9999 -9999 -9999 -9999 -9999 -9999 -9999 -9999 -9999 -9999 -9999 -9999 -9999 -9999 -9999 -9999 -9999 -9999 -9999 -9999 -9999 -9999 -9999 -9999 6.443715 6.445961 6.462757 6.454061 6.441906 6.432625 6.423521 6.420521 6.416695 6.410108 6.40954 6.408288 6.403173 6.39658 6.406746 6.434652 6.47126 6.503383 6.542145 6.583313 6.616649
-9999 -9999 -9999 -9999 -9999 -9999 -9999 -9999 -9999 -9999 -9999 -9999 -9999 -9999 -9999 -9999 -9999 -9999 -9999 -9999 -9999 -9999 -9999 -9999 -9999 -9999 -9999 -9999 -9999 -9999 6.26818 6.283636 6.295587 -9999 -9999 -9999 -9999 6.31766 6.326791 6.323155 -9999 6.320618 6.346501 6.362523 6.366468 6.36755 6.384873 6.365958 6.356663 6.353328 6.346642 6.342239 6.340487 6.33453 6.331316 6.318749 6.319631 6.354764 6.39116 6.432382 6.477648 6.524611 6.566514
-9999 -9999 -9999 -9999 -9999 -9999 -9999 -9999 -9999 -9999 -9999 -9999 -9999 -9999 -9999 -9999 -9999 -9999 -9999 -9999 -9999 -9999 -9999 -9999 -9999 -9999 -9999 -9999 -9999 -9999 6.270399 6.275293 6.277085 6.264229 -9999 6.23884 6.252135 6.258109 6.263117 6.277933 -9999 6.271987 6.273046 6.281329 6.293518 6.29949 6.289394 6.287981 6.287191 6.285485 6.282843 6.274034 6.270626 6.263124 6.252944 6.24977 6.251466 6.292739 6.342185 6.392089 6.437881 6.476886 6.505801
-9999 -9999 -9999 -9999 -9999 -9999 -9999 -9999 -9999 -9999 -9999 -9999 -9999 -9999 -9999 -9999 -9999 -9999 -9999 -9999 -9999 -9999 -9999 -9999 -9999 -9999 -9999 6.191038 6.232912 6.235874 6.236456 6.233208 6.224649 6.213118 6.193099 6.188755 6.187878 6.185547 6.165183 -9999 -9999 -9999 6.190992 6.203224 6.215477 6.22584 6.221462 6.216424 6.217137 6.217031 6.220558 6.226921 6.231277 6.239495 6.255091 6.270825 6.288659 6.323815 6.365737 6.396702 6.423699 6.444946 6.457474
-9999 -9999 -9999 -9999 -9999 -9999 -9999 -9999 -9999 -9999 -9999 -9999 -9999 -9999 -9999 -9999 -9999 -9999 -9999 -9999 -9999 -9999 -9999 -9999 -9999 -9999 6.161866 6.188004 6.2165 6.219024 6.20777 6.191727 6.172777 6.152533 6.125921 6.118264 6.113392 6.108512 6.096797 6.083677 6.057286 6.076159 6.112835 6.12642 6.141984 6.15421 6.164806 6.175624 6.189604 6.206463 6.226872 6.24667 6.263037 6.282413 6.305337 6.324334 6.350542 6.376861 6.399737 6.41325 6.420569 6.420567 6.415123
-9999 -9999 -9999 -9999 -9999 -9999 -9999 -9999 -9999 -9999 -9999 -9999 -9999 -9999 -9999 -9999 -9999 -9999 -9999 -9999 -9999 -9999 -9999 -9999 -9999 -9999 -9999 6.190329 6.214511 6.209577 6.186159 6.159675 6.127839 6.094697 6.054425 6.043292 6.038462 6.034807 6.026698 6.027065 6.03459 6.0541 6.074272 6.096062 6.117362 6.137056 6.156033 6.175281 6.196408 6.219991 6.245884 6.270658 6.295879 6.320848 6.349243 6.378261 6.412659 6.442519 6.443798 6.437633 6.425775 6.407159 6.38325
-9999 -9999 -9999 -9999 -9999 -9999 -9999 -9999 -9999 -9999 -9999 -9999 -9999 -9999 -9999 -9999 -9999 -9999 -9999 -9999 -9999 -9999 -9999 -9999 -9999 -9999 -9999 6.19049 6.208336 6.205451 6.169267 6.131333 6.090277 6.047458 6.001924 5.991765 5.997402 6.003109 6.01027 6.018381 6.028674 6.047937 6.068984 6.089104 6.108816 6.126947 6.147488 6.171806 6.198905 6.227632 6.259514 6.293272 6.327489 6.359304 6.39313 6.428942 6.467874 6.507433 6.496223 6.471387 6.440933 6.40923 6.377442
-9999 -9999 -9999 -9999 -9999 -9999 -9999 -9999 -9999 -9999 -9999 -9999 -9999 -9999 -9999 -9999 -9999 -9999 -9999 -9999 6.087945 6.098877 6.098966 6.134152 -9999 -9999 -9999 6.195578 6.207813 6.206015 6.161177 6.122925 6.081468 6.038714 5.998557 5.978863 5.986927 5.995259 6.005203 6.015956 6.027966 6.045385 6.064362 6.08241 6.099402 6.115468 6.134657 6.16485 6.199196 6.234878 6.273177 6.313353 6.353373 6.393108 6.429007 6.465518 6.495347 6.522296 6.509439 6.477975 6.450698 6.426691 6.406283
-9999 -9999 -9999 -9999 -9999 -9999 -9999 -9999 -9999 -9999 -9999 -9999 -9999 -9999 -9999 -9999 -9999 6.067147 6.093467 6.099431 6.110691 6.121315 6.141352 6.149995 6.15865 -9999 -9999 6.194093 6.198304 6.202174 6.169855 6.127821 6.085391 6.041808 5.996199 5.9676 5.975904 5.98691 5.999372 6.012457 6.025908 6.041626 6.058735 6.075316 6.091039 6.106728 6.123723 6.1573 6.197228 6.241272 6.285804 6.336239 6.379377 6.411815 6.438074 6.461446 6.479958 6.495057 6.490942 6.469731 6.453677 6.441063 6.432765
-9999 -9999 -9999 -9999 -9999 -9999 -9999 -9999 -9999 -9999 -9999 -9999 -9999 -9999 -9999 -9999 -9999 6.06122 6.09865 6.112356 6.123323 6.13407 6.144776 6.155295 6.164775 6.171975 6.184905 6.191114 6.197812 6.203498 6.187624 6.128873 6.085087 6.040135 5.993748 5.957771 5.963201 5.976968 5.991299 6.006553 6.023031 6.04064 6.057239 6.073328 6.088893 6.10344 6.117522 6.152429 6.196731 6.247053 6.297836 6.352002 6.409221 6.433928 6.449185 6.460961 6.467926 6.471572 6.467605 6.459273 6.453032 6.451401 6.453079
-9999 -9999 -9999 -9999 -9999 -9999 -9999 -9999 -9999 -9999 -9999 -9999 -9999 -9999 -9999 -9999 6.038574 6.068775 6.103836 6.120226 6.130443 6.141046 6.150092 6.159784 6.1682 6.175907 6.183692 6.190245 6.196503 6.201802 6.180422 6.133031 6.088171 6.042733 5.995347 5.949942 5.950283 5.968238 5.987663 6.008568 6.032758 6.055553 6.070778 6.085386 6.09621 6.106836 6.115214 6.139302 6.194717 6.252101 6.311487 6.374717 6.438028 6.461604 6.465012 6.46517 6.460791 6.452924 6.442263 6.44062 6.446688 6.456051 6.469059
-9999 -9999 -9999 -9999 -9999 -9999 -9999 -9999 -9999 -9999 -9999 -9999 -9999 -9999 -9999 6.013314 6.037416 6.075096 6.109024 6.128066 6.136826 6.146201 6.155687 6.164423 6.173131 6.179526 6.185147 6.190263 6.194724 6.197577 6.181194 6.133045 6.081036 6.033517 5.98938 5.949908 5.946668 5.969811 5.994363 6.021184 6.046926 6.075232 6.08833 6.098266 6.106117 6.112073 6.116829 6.133778 6.19197 6.256192 6.322416 6.389155 6.460188 6.494508 6.487403 6.475895 6.460042 6.442474 6.426094 6.433399 6.451833 6.470558 6.488469
-9999 -9999 -9999 -9999 -9999 -9999 -9999 -9999 -9999 -9999 -9999 -9999 -9999 -9999 -9999 6.01443 6.039157 6.077742 6.113471 6.135741 6.144949 6.153782 6.161992 6.169747 6.176984 6.180704 6.179121 6.173951 6.160841 6.145875 6.122506 6.080443 6.036592 6.002106 5.972185 5.94588 5.943191 5.969716 5.997206 6.027697 6.059622 6.092519 6.110228 6.115304 6.118235 6.119771 6.12007 6.126449 6.182889 6.251543 6.325724 6.397779 6.471531 6.520099 6.505424 6.48877 6.474711 6.463097 6.456834 6.465343 6.479691 6.496302 6.511132
-9999 -9999 -9999 -9999 -9999 -9999 -9999 -9999 5.914426 5.915583 5.935334 -9999 -9999 -9999 -9999 6.042732 6.056833 6.094297 6.119788 6.142083 6.149878 6.156328 6.161959 6.167559 6.172793 6.170147 6.155107 6.135496 6.107896 6.079141 6.046258 6.009053 5.986713 5.964165 5.950717 5.93799 5.937415 5.966863 6.000807 6.035398 6.071778 6.109566 6.132483 6.133254 6.132701 6.131046 6.135916 6.137868 6.190354 6.264878 6.336061 6.403586 6.465014 6.512884 6.507261 6.499073 6.492847 6.490624 6.492168 6.498047 6.511308 6.525342 6.537951
-9999 -9999 -9999 -9999 6.06812 6.05442 5.973857 5.946271 5.927375 5.937919 5.951956 5.960595 -9999 -9999 6.024104 6.041601 6.067414 6.09194 6.116218 6.137492 6.145276 6.151007 6.156655 6.162228 6.167214 6.163038 6.134591 6.098944 6.063066 6.018358 5.976989 5.938832 5.928331 5.922395 5.918394 5.921782 5.931835 5.964087 6.00169 6.041855 6.084744 6.127482 6.166152 6.17101 6.175669 6.181404 6.194223 6.202526 6.239365 6.304563 6.359417 6.411643 6.457906 6.497036 6.505858 6.505697 6.50798 6.514589 6.522868 6.533463 6.544008 6.554182 6.56442
-9999 -9999 -9999 5.955083 5.990222 5.974463 5.95185 5.947529 5.953135 5.964193 5.974243 5.981921 -9999 -9999 6.027637 6.047561 6.069333 6.091311 6.112383 6.132059 6.140821 6.146292 6.151681 6.156526 6.161714 6.159451 6.123931 6.075923 6.024261 5.968237 5.902573 5.861257 5.865062 5.87627 5.890765 5.911676 5.937863 5.975526 6.024418 6.068662 6.115719 6.163276 6.210167 6.224296 6.232631 6.247461 6.258366 6.270346 6.292032 6.342938 6.384188 6.422389 6.456499 6.48532 6.500189 6.508386 6.519028 6.5334 6.55044 6.567485 6.577113 6.579525 6.581186
-9999 -9999 5.915968 5.919175 5.923746 5.944176 5.948946 5.958193 5.967969 5.977127 5.988514 5.998032 -9999 -9999 -9999 6.054228 6.07095 6.094784 6.110804 6.127078 6.136344 6.141227 6.14645 6.150846 6.155806 6.157284 6.115181 6.056191 5.994936 5.933645 5.87486 5.836839 5.859078 5.885425 5.916414 5.942656 5.970922 6.007001 6.05768 6.105654 6.154049 6.206409 6.254043 6.276118 6.285794 6.30689 6.319438 6.335011 6.355984 6.390692 6.419325 6.443552 6.46369 6.479031 6.491916 6.507886 6.524812 6.539791 6.55395 6.566117 6.568069 6.563412 6.560732
-9999 -9999 5.922151 5.925972 5.954863 5.956319 5.963641 5.972571 5.981319 5.991672 6.002167 6.011512 -9999 -9999 6.051568 -9999 -9999 6.095937 6.110315 6.121716 6.131551 6.136395 6.140232 6.143663 6.147614 6.150665 6.117759 6.061654 6.009071 5.958986 5.916369 5.875516 5.889667 5.91819 5.949585 5.978364 6.008644 6.04451 6.092801 6.142113 6.189271 6.243915 6.290529 6.324802 6.343412 6.362239 6.380331 6.399243 6.418384 6.438412 6.45045 6.460549 6.470224 6.481195 6.495462 6.508843 6.520348 6.529959 6.53717 6.542384 6.540943 6.538383 6.535844
-9999 -9999 -9999 -9999 5.961889 5.967787 5.980527 5.98805 5.995376 6.005344 6.016353 6.024202 -9999 6.055282 6.063034 6.07526 6.086918 -9999 6.108813 6.113344 6.118731 6.122252 6.125083 6.128451 6.132155 6.136651 6.121335 6.075881 6.030846 5.989486 5.951619 5.915493 5.924062 5.95494 5.984247 6.013773 6.041693 6.078385 6.121809 6.17243 6.226812 6.278107 6.32885 6.368002 6.384672 6.398688 6.408453 6.415536 6.4185 6.426827 6.437185 6.450972 6.466331 6.485033 6.504658 6.515038 6.520042 6.522574 6.522956 6.521341 6.516584 6.512802 6.511168
-9999 -9999 5.972829 5.975413 -9999 -9999 5.997749 6.003721 6.010639 6.0184 6.028408 6.038045 -9999 6.061119 6.068016 6.075236 6.081759 -9999 -9999 6.101017 6.101408 6.103653 6.105893 6.110986 6.116159 6.121231 6.116676 6.081605 6.044924 6.013173 5.982799 5.954955 5.953415 5.987193 6.015275 6.045532 6.078996 6.11035 6.15405 6.20293 6.250351 6.295468 6.337373 6.371512 6.380599 6.386454 6.390003 6.393543 6.393335 6.399422 6.417891 6.437905 6.460779 6.486367 6.513462 6.523622 6.522168 6.518002 6.512181 6.502248 6.492227 6.488422 6.486156
-9999 5.964612 5.974078 5.990884 5.999721 6.008623 -9999 6.015798 6.020444 6.025977 6.034326 6.041453 -9999 6.059841 6.064277 6.069472 6.073394 -9999 6.073071 6.075523 6.077607 6.084208 6.088 6.093805 6.099904 6.104859 6.107887 6.084472 6.057715 6.034523 6.013155 5.994413 5.992265 6.022335 6.053119 6.083201 6.114309 6.143509 6.179185 6.221758 6.261419 6.296566 6.331443 6.362245 6.372173 6.373907 6.374396 6.37203 6.369763 6.371572 6.395644 6.421894 6.451957 6.484069 6.516699 6.536122 6.527904 6.516701 6.503844 6.489733 6.475176 6.470754 6.469004
-9999 5.967096 5.978706 5.993611 6.002903 6.006366 -9999 6.018593 6.023883 6.031114 6.038207 6.042587 -9999 6.057508 6.060558 6.064442 6.066332 6.066052 6.065998 6.065496 6.063824 6.063089 6.069708 6.075771 6.08327 6.088811 6.098259 6.090198 6.074936 6.062304 6.051485 6.043036 6.043996 6.070258 6.09804 6.125659 6.153872 6.175368 6.204134 6.236837 6.271449 6.301996 6.330385 6.356332 6.36576 6.36355 6.360096 6.353878 6.348143 6.343263 6.368124 6.399961 6.436457 6.473886 6.511257 6.533246 6.520888 6.506994 6.494054 6.483857 6.475623 6.469633 6.462501
-9999 -9999 5.979696 5.989779 5.998641 6.002823 6.010468 6.017879 6.02712 6.036058 6.042115 -9999 6.053218 6.054513 6.058542 6.060648 6.060323 6.05809 6.055516 6.050512 6.045961 6.037271 6.043248 6.052802 6.06425 6.080621 6.100918 6.109204 6.102763 6.097768 6.094444 6.094813 6.101804 6.117322 6.143056 6.166436 6.190823 6.211487 6.233739 6.262203 6.28792 6.311631 6.333185 6.352456 6.360924 6.354869 6.348185 6.340416 6.332961 6.325985 6.345984 6.382095 6.416855 6.449874 6.478414 6.502203 6.497694 6.49016 6.482468 6.478022 6.475373 6.471355 6.4586
-9999 5.970664 5.978237 5.986003 5.993286 5.999525 6.010151 6.019122 6.028723 6.039133 6.046184 6.052889 6.053818 6.055299 6.056146 6.056062 6.053459 6.045095 6.034756 6.022618 6.00604 5.990638 6.000701 6.021048 6.042884 6.070733 6.102093 6.12603 6.128849 6.12932 6.134499 6.141884 6.153478 6.169562 6.191548 6.213943 6.232056 6.24911 6.265762 6.287975 6.305315 6.322089 6.33636 6.35005 6.360197 6.354811 6.348192 6.341168 6.333987 6.326602 6.33698 6.367831 6.397065 6.424407 6.445788 6.468524 6.472782 6.469512 6.467666 6.468931 6.471996 6.473458 6.457398
-9999 5.973729 5.979908 5.985113 5.989258 5.997254 6.007479 6.018537 6.029749 6.041065 6.047076 6.050694 6.050745 6.049874 6.048492 6.047357 6.041477 6.026293 6.009371 5.990231 5.967831 5.944042 5.95201 5.983444 6.013494 6.051865 6.094038 6.135736 6.14959 6.158716 6.17122 6.187702 6.20445 6.222588 6.238783 6.255692 6.266404 6.27631 6.284056 6.294707 6.308108 6.321741 6.335307 6.349643 6.362561 6.358874 6.351933 6.344471 6.336894 6.32955 6.33058 6.352931 6.376763 6.398303 6.417033 6.435389 6.444543 6.447056 6.450726 6.457705 6.466484 6.472798 6.453912
5.97715 5.9804 5.983331 5.985751 5.987449 5.994359 6.005195 6.015764 6.02578 6.035133 6.043271 6.044499 6.043417 6.041573 6.039936 6.038066 6.032382 6.011841 5.987421 5.962209 5.931434 5.901642 5.898738 5.938486 5.982464 6.032197 6.086235 6.140882 6.1674 6.182605 6.198342 6.216153 6.230947 6.243876 6.251725 6.259267 6.266791 6.274298 6.281556 6.291436 6.305447 6.320044 6.33427 6.349151 6.36393 6.363752 6.356442 6.348804 6.340839 6.333013 6.328191 6.343545 6.361851 6.377357 6.391197 6.403816 6.412703 6.416602 6.424096 6.427071 6.433714 6.431359 6.412769
