DATA/PredictorVariables/Current/prec_oto.asc
ncols         590
nrows         274
xllcorner     -7.522276026
yllcorner     35.996888128
cellsize      0.01
NODATA_value  -9999
[rows 90 to 119 of 274, columns 0 to 68 of 590]
-9999 -9999 -9999 -9999 -9999 -9999 -9999 -9999 -9999 -9999 -9999 -9999 -9999 -9999 -9999 -9999 -9999 -9999 -9999 -9999 -9999 188.9286 189.625 190.4583 194.6333 195.5455 196.9091 198.3333 200.5833 202.6667 204.2273 208.9565 212.4783 216.7917 222 227.4091 237.087 248.7391 256.125 258.3667 255.6087 264.0435 267.3182 271.25 268.6333 267.25 258.3333 256.4286 243.6087 232.6333 230.6667 228.28 229.4762 231.5909 232.9 240.5 244.8462 247.7143 242.25 240 241.8333 253.2143 257.4286 258.3 254.6786 247.0417 243.7 244.9048 245.65
-9999 -9999 -9999 -9999 -9999 -9999 -9999 -9999 -9999 -9999 -9999 -9999 -9999 -9999 -9999 -9999 -9999 -9999 -9999 -9999 191 193.8333 197.2414 195.5 194.0476 196.3793 197.9583 200.6552 200.55 202.6364 206.5 209.4167 212.931 218.2 225.5455 232.5556 237.2917 245.3793 254.75 248.9091 250.3704 247.6667 250.4 250.25 245.6087 249.28 247.7083 242.2333 236.0476 229.1739 222.1667 222.4167 225.1667 223.8636 230.9565 235.3913 238.75 238.3 236.6667 232.7083 235.619 241.7391 243.6 247.6667 245.1538 241.9524 240.4286 239.3 235.3333
-9999 -9999 -9999 -9999 -9999 -9999 -9999 -9999 -9999 -9999 -9999 -9999 -9999 -9999 -9999 -9999 -9999 -9999 197.1429 196.625 198.1667 198.0476 199.8696 201.2667 200 199.75 200.0952 200.25 200 203.375 206.48 210.6 212.5417 215.8276 217.2083 222.3077 226.95 237.5833 232.0345 231.2083 234.6154 239.1 239.5833 240.7143 238.4583 240.3704 238.95 233.7391 228.1071 223.75 219.75 220.3 219.9565 218.7407 226.25 229.7241 230.6 229.8696 234.2 232.4583 230.5667 237.5714 242.913 240.4783 237.5 235.6 238.3913 239.0417 231.3333
-9999 -9999 -9999 -9999 -9999 -9999 -9999 -9999 -9999 -9999 -9999 -9999 -9999 -9999 -9999 -9999 200 200.5833 200.6087 202.5833 204.125 205.6333 204 202.8261 202.4167 200 198.9667 199.9524 203.375 204.2609 205.2083 207.4333 210.381 213.0417 216.5652 219.9167 227.1667 233.4286 227.48 225.3182 223 225.1379 229.9091 228.76 229.1905 228.76 227.1724 225.6956 223.12 219.35 216.9615 217.8929 216.9167 217.36 220.15 223.5417 227.6786 225.75 228.037 227.15 226.7083 232.5185 234.9167 236.931 237.55 235.1739 231.8077 227.0833 226.4
-9999 -9999 -9999 -9999 -9999 -9999 -9999 -9999 -9999 -9999 -9999 -9999 -9999 -9999 -9999 199 201.6111 203.8621 207.0833 208.0714 209.1 210.2609 209.0357 205.3333 201.6071 199.8 201.1304 202.5714 201.2917 203.2143 206.25 208.4167 212.3704 213.4167 212.4286 213.25 215.875 215.5 214.7917 215.3571 214.95 217.125 218.7692 220.0833 221.2414 220.6 220.8 219.6667 218.36 218.1379 215.45 214.48 216.3913 219.32 224.0345 225.3636 223.96 223.619 225.1923 223.8214 226.087 231.2 232.8 234.08 235.8214 233.7917 231.0385 223.6 216.5833
-9999 -9999 -9999 -9999 -9999 -9999 -9999 -9999 -9999 -9999 -9999 -9999 -9999 -9999 202 204.2143 204.7917 207.2083 210.8095 213.16 211.069 209.9565 207 205.75 205 204.0345 201.1739 199.8 201.6 202.3846 205.2857 209.3913 210.12 208.75 208.9615 207.0357 207.5417 208.52 208.35 206.7308 207.7037 210.1667 211 213 212.6296 212.5769 213.25 214.5 213.9 212.7308 212.6154 212.3333 215.1852 217.75 221.44 221.96 220.2 220.7143 218.8 219.08 224.5833 228.92 231.2069 232.7619 234.2 232.3182 228.5385 222.2857 215.913
-9999 -9999 -9999 -9999 -9999 -9999 -9999 -9999 -9999 -9999 -9999 194 -9999 202.5 204.4 209.087 212.56 212.6667 214.4333 213.9 210 208.4167 209.1667 209.8333 206.15 203.2083 200.3333 201.28 202.7931 205.9 207.24 205.7391 205.08 204.4828 203.95 205.24 205.6522 206.8846 204.5357 202.3333 202.36 202.913 205.3333 205.7778 205.2857 206.64 208.6364 210.7407 212.4444 212.7273 215.44 212 217.7857 220.0385 221 218.88 215.4 215.0714 213.56 212.2917 217.3462 223.5 228 232 232.48 229.6667 229.5 222.72 213.0417
-9999 -9999 -9999 -9999 -9999 -9999 -9999 -9999 -9999 -9999 194.25 197.7778 201.1111 201.8636 205.7931 210.6667 215.2222 216.45 215.9565 213.6071 210.875 210.7407 210.4 207.6 202.7778 201.4167 202.5926 202.05 204.0769 204.8846 205 201.7778 204.55 203.7692 203.3846 204.4 203.4231 205.35 202 200.48 199.4 201.9615 202.2 201.7037 200.5 204.8462 204.3462 206.5 211 212.5417 211.5556 206.2963 209 213.96 210.6956 206.6071 204.8462 205.619 203.24 203.9091 210.6429 218.1538 225.1304 230.52 229.8 223.9655 223.4 216.48 204.56
-9999 -9999 -9999 -9999 -9999 -9999 -9999 -9999 -9999 -9999 197.4286 198.625 203.0667 207.8261 208.5 213.2273 215.92 215.5172 215.1304 213.44 210.3333 210.2692 208.4643 206.1364 203.72 202 201.3077 201.6071 201.3182 201.96 201.4762 199.8519 203.1111 200 200.32 199.0476 198.6429 200.1538 199.1304 195.56 197 199.5172 198.92 196.3044 197.44 197.85 199.6552 201.7083 203.8462 204.375 206.5 198.8929 201.625 206.2222 206.0833 198.05 197.7037 199.0417 195.2963 197.32 204.15 211.64 218.4583 218.7857 214.5769 217.5 212.12 200.3636 195.931
-9999 -9999 -9999 -9999 -9999 -9999 -9999 -9999 -9999 -9999 197.087 203.5 205.0435 209.9231 213.5833 215.1379 217.3 215.5 212.96 211.25 210.5862 210.55 210.2 206.16 205.28 203.8571 201.5 198.5769 197.7083 197.5 195.9259 195.75 195.28 194.875 195.6667 197.5385 198.8 199.96 197.4583 193.4286 194.7692 195.55 194.48 196.8696 197.2759 200.48 202.5238 205.92 204.9545 203.6667 198.9583 196.7391 194.7917 198.5238 193.3333 191.8333 191.375 190.5417 192 198.5517 203.9583 208.2963 206.8261 203.45 202.3333 203.7083 198.8571 192 188.8
-9999 -9999 -9999 -9999 -9999 -9999 -9999 -9999 -9999 191.6667 197.3913 202.931 208.3333 211.6538 215.5 216.125 216.6786 216.5 213.3077 210.65 211.3462 210.8148 208.9583 203.48 202.35 200.1481 196.3846 193.0833 190.92 191.65 191.5 190.84 189 191.9583 194.05 195.7586 196.375 197.7308 196.125 192.5 192.2857 193.9583 194.8148 195.75 197.85 203.4444 210.4583 214 202.4167 196.35 197.8462 195.375 191.2069 190.2083 191.45 191.28 195.5833 197.9333 200.7083 200.3182 201.125 198.0455 194.4333 191.125 190.64 189.0435 191.6 192.3 189.625
-9999 -9999 -9999 -9999 -9999 -9999 -9999 -9999 -9999 190.6316 197.4545 203.5417 210.0909 213.32 215.1379 213.7273 213.96 214.6364 212.4231 209.6786 210 208.76 204.3182 199.1111 195.6667 192.4286 189.24 187 182.4286 184.5769 188.9524 183.16 183.8182 185.2414 186.92 188.619 189.4 192.3182 193.4333 191.5833 193.087 199.0833 204.6667 204.3333 204.4167 201.76 200.087 198.8 196.5 193 194.7778 197.5455 193.35 185.1379 186.5833 183.7586 186.4286 191.2 194.0741 192.4167 193.8 192.8636 189.619 193.2917 191.6667 193.3333 199.0833 194.9545 186.4348
-9999 -9999 -9999 -9999 -9999 -9999 -9999 -9999 183.6667 188.6364 195.1111 203 207.2759 209.45 211.875 210.7692 209.7083 209.75 207.85 207.12 206.92 204.8 198.4444 192.1 187.6667 184.0417 183.0385 178.8846 175.3 175.4815 177.0417 179.7778 183.2 181.9 182.6538 182.7917 184.8965 188.3478 189.05 188.3077 191.25 197.1333 201.6087 203.0476 199.25 191.9167 193.8333 194.125 189.6818 188.913 186.7826 185.5667 183.8333 186.25 184.6364 189.5455 193.5 194.625 194.0741 190.5714 192.45 190.2667 186.8333 187.2333 185.35 187.9048 193.6296 195.4583 190.8333
-9999 -9999 -9999 -9999 -9999 -9999 -9999 -9999 180.2941 184.9167 190.6923 196.35 200.48 205.6786 206.4167 206.44 205.4 202.8148 201.3704 202.4583 199.4 195.45 188.9286 181.8846 179.6956 175.72 172.35 168.8667 168.75 169 169.875 169.7 168.6667 173.7917 176.4615 178.1304 181.85 184.2333 185.375 188.7778 191.5 192.9 193.8965 193.2083 187.7667 184.55 183.9048 184.1481 184.5 185.2333 182.9524 181.5 182.56 180.2917 182.1667 185.4545 188.087 192.2727 193.875 190.6667 187.7917 186.3333 186.619 186.2273 187.7 190.4583 191.8148 188.25 187.0476
-9999 -9999 -9999 -9999 -9999 -9999 -9999 -9999 177.6316 185 190.6667 197.4 202.4286 207.48 204.3478 201.2692 197.4643 194.85 195.28 193.7826 187.3333 181 175.65 173.84 169.2174 166.5 166.2308 167.4 166.12 164.3044 161.7241 161.72 163.3333 165.875 170.3913 175.4333 177.75 180.2273 182.9565 183.7391 185.7333 186.2917 186.0833 187.3182 187.4091 187.2667 185 185.037 182.15 181.2273 179.1379 180.75 179.3571 179.65 184.8636 184.2593 185.9583 190.2333 191.7 190.5217 188.68 187.625 190.1667 194.0455 197.5833 198.1818 197.875 190.8667 183.625
-9999 -9999 -9999 -9999 -9999 -9999 -9999 168.6667 171.2917 177.7143 184.55 189.8333 190.8519 192.6667 192.2593 189.8 185.3462 184.12 185.96 179.8077 175.25 170.1786 169.7083 169.5556 167.5417 165.55 166.25 166.3333 167.1429 165.4783 163.45 162.6429 162.4583 163 167.5 172.1905 177.0385 179.2083 181.4667 185 186.8636 189 187.9167 188 188.9091 187.0435 185.1304 181.2917 182.6 178.3044 172.52 172.7 175.52 179.8965 180.25 178.5385 183.2 186.5833 188.1786 188 188.0741 191 196.8696 200.7407 203.9583 204.8621 204.55 198.4 189.2174
-9999 -9999 -9999 -9999 -9999 -9999 -9999 165 169.95 173.1538 174.4286 177.9565 180.52 179.6 178.1481 177.3333 170.8261 168.6 165.1429 161.6786 163.1154 163.0455 165.2 164.2857 160.1333 160 160.7391 160.5833 162.2381 161.9333 158.125 157.36 158.5 161.0952 163.2333 169.7917 174.2963 177.5714 181.5 183.5862 185.4583 186.3929 186.85 184.9091 182.8929 181.375 180.5517 179.25 174.2609 171.0385 166.0833 164.2 166.55 170.04 170 173.52 181.3793 183.3182 187.64 187.8095 188.8462 194.0714 199.125 205.36 209.05 210.9259 211 203.3333 196.6667
-9999 -9999 -9999 -9999 -9999 -9999 -9999 160.3846 163.25 165.85 169.96 171.5217 170.92 169.4483 166.7 163.4 157.7083 156 156.8846 156.7 154.76 152.5833 153.6429 155.36 155.9 157 157.1667 160.4 158.4348 156.4762 152.84 152.4167 152.6333 154.3478 157.3913 161.3182 165.9167 169.9667 174 177.4583 180.9048 183.88 183.6552 181.5417 179.68 179.45 176 170.5 166 164.3077 160.7 155.375 155 158.5833 162.5 171.55 175.32 176.6 180.68 186.0714 191.35 202.2 211.3044 214.0769 219.1786 218.1905 218 208.381 199.2143
-9999 -9999 -9999 -9999 -9999 -9999 151.5 156.1875 162.25 167.037 168.625 166.5185 163.1 158.7692 154.0769 152.8 152.76 152.7 154.7931 153.9167 154.5926 153.3478 152.85 150.6897 149.125 149.6296 151.5 151.6 149.7931 149 148.3448 148 149.1429 151.8214 156.125 160.2 163.4 167.5217 171.52 175.9167 178.7 179.85 179.1667 177.375 175.04 171.7586 170 161.2 152.3333 151.8462 151.1429 148.3913 147.28 153.5 161.75 166.6923 169.0417 169.64 175.4 185.1852 195.48 205.96 213.4231 220.65 222.5 226.9167 223.3333 213.5769 204.4
-9999 -9999 -9999 -9999 -9999 149 152.7619 156.931 159.6087 161.88 159.381 155.8519 152.1481 149.0909 148.76 151.1818 152.8214 151.3846 148.4286 146.64 145.5909 145.1667 144.7083 144.5909 147.6667 148.2273 149.5667 150.0417 151.0417 150.7727 150.0909 148.9333 146.9167 148.6154 152.95 158.1739 164.5517 169.4583 172.5185 175.4 176.625 174.6296 173.25 171.6296 169.15 163.375 158.5 155.68 147.7143 142.6 144.08 143.2917 142.4231 149.6071 156.95 159.16 161.7391 167.0714 177.3846 185.6364 195.08 204.619 211.5862 218.04 219.84 218.9583 216.4 205.4483 196.875
-9999 -9999 -9999 -9999 -9999 150.0833 152.35 156.875 153.88 153.64 155.5714 156.5 149 148.5 149.5385 149.8462 144.85 142.0385 141.8333 141.0714 141.1667 142.8 144.2963 147.625 149.9333 152.5455 153.5714 154.2308 156.6667 155.1667 153.2727 149.5217 146.2917 147.6667 152.8333 160.0455 163.88 168.9048 172 174.8965 175.3913 172.36 167.9 166.5556 161.6667 157.2083 152.04 151.2 149.7407 145.8077 141.68 140.32 139.25 146.6786 153.6667 155.5 159.4 167.35 177.4231 185.9167 192.7143 197.04 201.75 204.8 200.8261 200.2333 197.75 191.7727 185.8333
-9999 -9999 -9999 -9999 148.3333 151.6667 155.1429 154.6667 151.2692 146.45 147.037 147.3462 147.3333 144.56 145.45 144.4333 143.5833 144.12 144.8333 144.95 145.4333 145.125 146.6538 148.3182 150.95 155.1 158.375 159.2857 161.05 159.7143 153.9655 147.9583 146.3214 146.65 149.7391 154.1111 158.875 164.3448 169.7 172.36 173.9167 173.44 172.1724 170.45 163.48 157.2609 151 147.2222 143.8095 142.32 141.7727 141.2069 140.68 143.3636 150.24 153.5238 160.1667 166.5 174.8846 178.4783 182.15 186.4828 189.875 184.7241 178.4545 176.15 172.1481 168.7917 169.3667
-9999 -9999 -9999 -9999 150.56 152.9545 151.36 147.7273 147.5 146.8929 148.2381 147.36 146.3913 147.8214 146.6538 145.45 149.44 148.4783 147.9667 149.0417 149.6667 150 151.9565 153 154.2917 159.1739 163.4545 165.2917 164.2667 159.3333 152.92 152.6 147.7917 148.0345 151.125 157.12 161.65 167.0385 171.2222 174.5 176.4231 175.35 175.4074 172.72 169.6538 165.88 161.4 157.2593 151.3333 147.3704 143.52 145.55 143.8846 145.5417 147.2069 155.3333 161.35 170.92 177.4783 180.8 181.0833 183.6956 183.0435 174.2381 165.0333 161.375 158.7037 160.8095 155.1
-9999 -9999 148.3846 150 151.3478 146.8519 148.2083 147.6071 151.25 151.9615 151.24 152.7308 153.44 153.8 147.7407 147.6667 145.7143 144.6087 151.45 157.5 158.4583 155.5 153.1905 154.1905 157.5926 162.6667 165.4333 166.75 166.5652 155.84 148.4583 153.3 155.7619 151.4 153.7826 157.3846 164.6429 170.8571 175.6 180.0909 177.8519 176.037 176.0909 172.24 168.7143 166.5517 162.96 160.8333 159.3333 154.45 152.6 154.1667 153.3333 150.4091 148.2 156.3929 163.6667 170.2667 173.7619 178.6667 179.6923 179.625 178.2333 175 169.8696 162.1818 163.0833 155 150.875
-9999 -9999 146 148.4643 148.6667 150.48 149.75 148.7692 150.1852 153.0435 154.8 156.55 157.4483 156.64 153.5 153.625 152.2381 149.1 146.125 148.44 149.0909 150.619 151.6667 154.3333 157.963 160.65 164.8636 165.8276 164.75 159.2593 152.65 151.7083 150.1852 150.4167 153.7037 157.65 167.4231 171.04 173.9615 178.6154 183.05 183.7308 180.75 174.5714 172.92 168.65 165.12 162.4583 160.6 155.9583 151.7619 150.125 151.5652 152.6667 151.0417 160.88 168.4545 173.5714 174.9667 177.1667 177.7857 174.2 172.5714 168.1429 162.0833 158.4333 162.45 155.7391 161.25
-9999 -9999 149.5 152.7083 154.8261 155.36 158.7586 156.3333 158.68 156.3044 156.037 158.5556 159.7 160.08 159.1667 158.6897 159.9583 160.5714 152.9167 151.4167 150.2667 153.087 153.1739 153.8696 156.2083 160.8 163.6522 164.24 163.0476 160.1538 156.1071 152.913 152.4 152.15 157.1071 162.0385 165.9565 173 177.35 175.9333 177.7917 178.12 174.2917 170.85 169.6897 169.2917 166.3929 163.2273 163.3 159.8571 157.3333 152.6333 150.3333 150.4545 149 157.0417 165.7667 172.7826 175.6667 178 178.7083 177.4 173.9167 169.6154 162.35 155.8333 156.3929 152.25 159.8929
-9999 152.7692 153.4286 156.3333 159.9286 159.4 161.12 162.6538 163.32 162.4615 160.45 160.4286 163.125 163 163.8261 162.9 165.2414 166.4583 164.1379 163.4762 155.0952 153.75 158.7083 158.2069 158.75 160.8696 161.8077 164.0417 164.7586 162.35 157.32 156.9167 158.5385 159.4643 161.05 164.08 168.1739 171.0357 170.2692 171.6 170.12 172.913 171.2 168.0833 166.0435 165.6522 167.0909 165.4333 162.1667 158.7308 158.6667 156.6667 153.3333 150.6667 151.4138 158.65 163.9545 169 172.4583 175.1 176 176.625 175.0435 173.48 168.3103 159.4545 159.28 159.4 165.4074
150.8333 150 157.36 168.05 168.3077 171.0714 168.3478 169.72 166.5238 166.9286 167 166.2727 169.76 175 172.5 168.9583 170.9565 174 173.9545 165.1667 158.8333 156.76 159.2857 161.6956 160.8276 165 168.6923 167 169.44 169.9259 166.9167 166.1538 168 168.8519 170.56 170.0769 168.36 169.2 171.2143 171.75 170.3214 168.4783 168.65 167.0741 163.2083 163.7333 165.5 166.2273 167.9167 166.5 160.0333 158.7826 154.7083 150.8571 151.625 156.6897 160.7917 167.1538 171.4 173.1667 176.8519 176.625 172.6071 172.6 169.16 161.8333 162.96 170.3103 174.9
154.8 156.16 157.0833 165.0667 170.3 175.4 177.4167 174.8077 173.4815 173.65 172.7692 170.7083 173.3214 172.5 173.85 175.1154 174.0833 172.4333 173.0455 168.9545 163 163.7083 162.9667 165.1364 165.8 168.9091 173.64 176.5172 179 180.08 180.3636 179.5357 179.3462 179.7727 177.36 176.7143 173.7333 173.7083 173.0833 173.6087 171.381 168.0333 164.2083 164.1111 163.5238 164.35 164.8667 165.25 165.3448 162.9 161.087 160.32 156.5 150.1667 156.8095 164.4 166.2273 166.6 171.1379 175.3478 177.8 176.2 172.25 175.3462 169.5833 170.7692 175.6 183.5357 188.5
-9999 153.4375 159.4 162.48 164.5185 170.1667 175.5769 177.95 175.0357 171.72 173.68 172.5 168.8 174.1379 177.7083 175.8571 173.381 170.35 171.3667 170.5833 170.8571 171.35 171.8261 173.037 173.375 173.9286 176.9 183.48 190.8 192.6923 192.8846 192.5 192.3462 190.4167 188.3929 185.08 179.4 175.72 174.875 174.2333 175.7826 173.5 167.913 163.6667 164.4333 165 163.2083 163.8095 165.3913 164.3448 161.5 159.2593 157.55 152.4167 161.6296 167.9167 171.7143 174.15 176.56 179.1667 178.6154 175.6786 172.75 173.68 176.2727 186.2143 188.8846 192.8636 199.84
