DATA/PredictorVariables/Current/prec_oto.asc
ncols         590
nrows         274
xllcorner     -7.522276026
yllcorner     35.996888128
cellsize      0.01
NODATA_value  -9999
[rows 150 to 179 of 274, columns 138 to 206 of 590]
168.9091 170.8333 -9999 -9999 -9999 -9999 -9999 -9999 -9999 -9999 -9999 -9999 177.7778 178.4167 178.6207 180.44 179.4783 179.08 179 178.7308 178.125 178.3 179.6667 179.1923 176.3044 176.4 176.4 176.6667 177.2667 178.2083 178.7586 179.3182 179.85 181.2 180.8095 180.1333 179.5833 177.6333 175.25 173.4091 171.913 170.6 170.2143 170.0833 170.5 170.625 170.9259 170.2727 169 168.44 167.1818 165.7333 163.75 162.3333 160.2609 158.7143 157.0833 156.6 156.4815 155.4583 154.5 154.2917 154.2857 154.2174 154.3 154.56 155.1 155.7931 156.4167
-9999 -9999 -9999 -9999 -9999 -9999 -9999 -9999 -9999 -9999 175.8 176.5882 176.9231 177.0909 176.95 177.7692 178.125 177.8 177.4583 177.6429 177.5714 177.381 175.2105 174.2083 175.9 176.7917 176.9667 175.7 176.913 178.2273 179.9545 180.5667 181 182.1333 182.5652 182.56 181.8 180.4762 178 175.3333 172.9667 171.3333 170.4074 170.35 170.8696 171 170.7917 170.4333 169.5 168.5333 167 165.12 162.9 161.4 159.6207 158.7083 156.9 156 155.3214 154.45 155.1818 155.2174 154.5909 154.5333 154.75 154.9333 154.9583 155.68 156
-9999 -9999 -9999 -9999 -9999 -9999 -9999 -9999 -9999 -9999 175 175 175.1667 175.6667 174.9167 175.5862 176.4 176.2174 176.0909 175.875 175.6522 175.8 173.4615 173.1 174.32 175.45 175.9583 175.7143 177 178.3 180.4545 181.76 182.4 183.75 184.3077 184.125 183.6667 182.375 180.5769 177.5 174.36 172.2727 170.9615 170.3571 170.0417 170.1333 169.65 169.64 170.05 167.68 166.1154 164.2917 162.0667 160.375 158.5 157.65 157.44 156.4762 156.4231 155.5714 155.875 155.7667 155 155.08 155.1 154.5417 155.2083 155.875 156
-9999 -9999 -9999 -9999 -9999 -9999 -9999 -9999 -9999 -9999 173.3333 173.2 173.7 173.36 172.875 173.1667 174.0357 174 174.2632 173.6667 172 172 172.6538 172.3462 172.9583 173.5 174.3636 175.8 176.95 179 181.0833 182.5556 183.2593 184.7083 185.28 185.4 185.12 184.0435 182.3103 179.72 176.6 173.8889 172.05 170.68 170.3 169.5172 169.375 169.6296 169 167.2174 164.72 162.85 160.8 158.6087 157.4483 156.28 156.2 155.8929 155.9 156 156.15 156.4815 155.9167 155.2963 155.4444 155.1667 155.7778 156 156
-9999 -9999 -9999 -9999 -9999 -9999 -9999 -9999 -9999 -9999 -9999 -9999 172 171.3529 171.2 170 171.8462 173 -9999 -9999 171 170.32 168.9091 169.36 170.9 172.2963 173.3333 174.9655 176.96 178.2083 179.84 181.6 183.36 185.2609 185.9667 186 185.9286 185.2609 183.6 181.28 178.05 175.0667 172.875 171.6667 170.8333 170.2727 169.2083 168.45 167.3077 165.5 163.0333 160.5 158.6897 157.3182 156.85 155.68 155.6 155.6333 155.25 155.6333 155.5833 155.84 156.2609 155.6 155.84 155.9545 155.9667 156.25 156.2414
-9999 -9999 -9999 -9999 -9999 -9999 -9999 -9999 -9999 -9999 -9999 -9999 -9999 -9999 -9999 -9999 -9999 -9999 -9999 -9999 -9999 166.1818 166.9583 168.0667 169.25 170.6923 171.7727 173.8 175.64 177.4583 178.5667 180.25 182.3667 183.7143 184.6364 185.3044 185.2381 184.6667 183.5 181 178.5417 175.4583 173.1429 171.8 170.9286 170.0833 168.4667 167.125 165.5862 163.6 160.6956 158.5455 157.2273 156.3667 155.7083 154.5 154.2083 154.68 154.85 154.8095 155.4 155.5417 155.9 156.3333 155.3 155.8182 156 156.5238 156.95
-9999 -9999 -9999 -9999 -9999 -9999 -9999 -9999 -9999 -9999 -9999 -9999 -9999 -9999 -9999 -9999 -9999 -9999 -9999 -9999 163 163.8696 164.85 166.4091 167.5217 167.9167 169.6 171.2917 173 174.25 175.9583 178.8095 181 182.8333 184.7273 184.9615 185 184.36 183 180.6956 177.3846 175.3333 173.0667 171.625 170.4444 168.9 167.32 166.05 164.1154 161.6071 159.375 157.3 155.8182 152.28 152.95 154.44 154 154 154.3 155.0417 155.6207 156.5 156.64 156.65 155.7917 155.7407 155.9167 156.5 156.7917
-9999 -9999 -9999 -9999 -9999 -9999 -9999 -9999 -9999 -9999 -9999 -9999 -9999 -9999 -9999 -9999 -9999 -9999 -9999 -9999 161.1875 161.7917 163.0333 164.2917 164.8276 165.6471 167.36 169.1579 170.2273 170.7778 172.7917 174.7333 176.9091 179.32 181.25 181.6923 181.375 180.8077 178.9643 177.0417 175.1538 173.1 172.2 170.4762 169.7586 168.12 166.48 164.8965 162.85 160.68 158.1 156.5556 155.125 153.75 154.2308 154.5833 154.1538 154 154 154.55 155.8333 156.2917 156.5185 156.3333 156.4348 156.48 155.95 156.92 157.1818
-9999 -9999 -9999 -9999 -9999 -9999 -9999 -9999 -9999 -9999 -9999 -9999 -9999 -9999 -9999 -9999 -9999 -9999 -9999 -9999 160 160.3333 161.3 162.4 162.1818 163.3529 165.2105 166.2 165.25 167.04 168.05 169 172.8 170.1111 166.4375 169.7273 170.52 170.75 171.16 170.3478 169.9333 169.5833 168.8929 168.24 167.5 166.56 165.2 163.4138 161.75 159.8 157.5 156.4 155.8696 155.75 155.12 155.1304 154.1667 154 154.1 154.8333 155.9048 156.1667 156.4 156.2308 156.5417 156.7 157.125 157.2414 157.913
-9999 -9999 -9999 -9999 -9999 -9999 -9999 -9999 -9999 -9999 -9999 -9999 -9999 -9999 -9999 -9999 -9999 -9999 -9999 -9999 -9999 -9999 -9999 -9999 -9999 -9999 -9999 162.6471 163.3333 163.8333 164.0833 163.875 160.5 160.45 159.52 159.125 160.4 161.3333 163.2667 163.9524 165.2727 166.8261 165.9 166.7 166.875 166.0667 164.5417 163.5769 161.15 158.8571 157.32 156.2917 155.4333 155 155 155 154.8333 154.619 154.25 155.3103 155.8333 156.0667 156.2083 156.8621 157.35 157.1304 157.2273 157.619 158.4
-9999 -9999 -9999 -9999 -9999 -9999 -9999 -9999 -9999 -9999 -9999 -9999 -9999 -9999 -9999 -9999 -9999 -9999 -9999 -9999 -9999 -9999 -9999 -9999 -9999 -9999 -9999 161 161.4286 160.95 161.8 -9999 158.2 156.625 156.4333 156.7 156.2083 157 158.7619 161 161.9167 163.3667 164.375 165.76 165.15 165.7083 164.1739 163.9167 163 160.3333 158.0345 156.85 155.68 155.1 155.4583 155 155 154.9667 154.9583 155.5385 155.25 156.2 156.75 157.8077 159.1071 158.9167 158.6 159.9565 158.88
-9999 -9999 -9999 -9999 -9999 -9999 -9999 -9999 -9999 -9999 -9999 -9999 -9999 -9999 -9999 -9999 -9999 -9999 -9999 -9999 -9999 -9999 -9999 -9999 -9999 -9999 -9999 -9999 -9999 -9999 -9999 158 157.12 156.5 156.84 156.3704 156 156.9667 158.3478 159.96 162.25 160.8 162.375 163.8846 165.6071 164.4583 162.4286 162.05 160.32 159.4 158.3103 157.625 156.4615 156.4286 155.7391 155 155.05 155.04 155.8696 156 156.2 156.12 157.2069 157.45 157.92 158.5 159.6154 160.2083 160.1379
-9999 -9999 -9999 -9999 -9999 -9999 -9999 -9999 -9999 -9999 -9999 -9999 -9999 -9999 -9999 -9999 -9999 -9999 -9999 -9999 -9999 -9999 -9999 -9999 -9999 -9999 -9999 -9999 -9999 -9999 -9999 157.2 157.36 156.069 156.0909 155.85 156.65 158 158.0833 157.9655 158 158.52 161.08 162.75 161.52 160.5714 160.6333 161.9167 160 159.16 158.619 156.76 156.75 157.7692 156.7083 155.9333 156 156.0714 156.8261 158.45 157.92 156.4 156.7586 157.125 158.1 159.5 160.5926 159.6818 160.1
-9999 -9999 -9999 -9999 -9999 -9999 -9999 -9999 -9999 -9999 -9999 -9999 -9999 -9999 -9999 -9999 -9999 -9999 -9999 -9999 -9999 -9999 -9999 -9999 -9999 -9999 -9999 -9999 -9999 155.8889 156.0667 156.32 156.65 157.3704 157 155.4 156.3333 155.9615 155.5217 157.3 157.32 157.5909 159.3667 160.5833 159.3667 160.3044 161.7727 161.1739 161.05 159.5357 158.875 158.0333 157.9583 157.7241 157.5 156.7727 156.8696 156.9545 159.4333 161.2083 159.2333 158.3333 157.5769 157 157.7273 157.5652 157.9583 157.7 158.5
-9999 -9999 -9999 -9999 -9999 -9999 -9999 -9999 -9999 -9999 -9999 -9999 -9999 -9999 -9999 -9999 -9999 -9999 -9999 -9999 -9999 -9999 -9999 -9999 -9999 -9999 -9999 -9999 -9999 155 155.4545 155.6333 156.5417 157.2963 155.5 155.25 155.0625 155.7083 156.1 156.4583 156.7333 155.8636 157.04 156.9 158.0952 159.069 159.9167 160.9 161.1667 159.7778 159.9 160 160.5 159.28 158.6207 158.7083 159.2 159.3182 159.92 159.7 159.6 159.3913 159.8 160.0345 161.0833 166.2333 172.95 160.96 157.4
-9999 -9999 -9999 -9999 -9999 -9999 -9999 -9999 -9999 -9999 -9999 -9999 -9999 -9999 -9999 -9999 -9999 -9999 -9999 -9999 -9999 -9999 -9999 -9999 -9999 -9999 -9999 -9999 -9999 -9999 154.0714 154.4348 155.1818 155.6667 154 154.1818 154.5263 152.7 153.04 152.6 153.9167 154.8148 155.6667 155.2 154.8333 156.92 159.95 159.88 158.7273 159.3571 160.1923 161.3333 160.5333 160.1 160.12 160.95 162.5926 163.6667 162 160.5769 160.375 160.6667 161.65 167.68 169.25 170.6552 169.75 162.1429 158.9615
-9999 -9999 -9999 -9999 -9999 -9999 -9999 -9999 -9999 -9999 -9999 -9999 -9999 -9999 -9999 -9999 -9999 -9999 -9999 -9999 -9999 -9999 -9999 -9999 -9999 -9999 -9999 -9999 -9999 -9999 -9999 153.5556 153.5238 153.25 -9999 150.4 150 149.7083 150.7692 151.2857 152.3913 153.8 154 153.36 154.7917 156.8667 158.125 158.8077 159.0769 162.25 162.52 163.2 163.5862 163.2083 162.9333 163.625 163.92 164.2609 164.35 162.84 162.5 162.1667 162.75 163.1 163.875 165.5652 164.7391 162 159.96
-9999 -9999 -9999 -9999 -9999 -9999 -9999 -9999 -9999 -9999 -9999 -9999 -9999 -9999 -9999 -9999 -9999 -9999 -9999 -9999 -9999 -9999 -9999 -9999 -9999 -9999 -9999 -9999 -9999 -9999 -9999 152.1538 152.6923 152.625 150.4286 150.8077 150.0588 147.9231 150.4 151.6154 152.8333 153.1333 152.2083 151.8571 154.3636 156 158.24 160.4286 160.8667 161.25 162.3 164.9583 165.8 165.8095 165.6667 166.125 165.1667 166.1333 166.7083 166.6 166.1818 164.36 163.65 164.7143 165.037 167.0417 165.0667 163.875 162.0667
-9999 -9999 -9999 -9999 -9999 -9999 -9999 -9999 -9999 -9999 -9999 -9999 -9999 -9999 -9999 -9999 -9999 -9999 -9999 -9999 -9999 -9999 -9999 -9999 -9999 -9999 -9999 -9999 -9999 -9999 151.5 152.2727 152.2727 152.6 150 150.4815 149.5789 147.375 149.25 149.931 149.95 149.9091 149.7826 152.2727 156.2667 155.9167 157.9 160.6087 160.28 160.85 161.9565 165.36 167.0833 167.3667 167.4167 167.5333 166.9 167.48 168.2 167.92 170.3077 170.5833 165.7 166.4583 170.6667 169.3 170.6 170.55 166.8929
-9999 -9999 -9999 -9999 -9999 -9999 -9999 -9999 -9999 -9999 -9999 -9999 -9999 -9999 -9999 -9999 -9999 -9999 -9999 -9999 -9999 -9999 -9999 -9999 -9999 -9999 -9999 -9999 -9999 -9999 151.5 152.2857 152.4583 151.8965 149.8333 151 148.95 148.2083 149.381 150.375 150.3333 149.875 150.1 152.8636 154.6 155.5 158.88 160.2917 160.6 162.3103 164.125 165 167.5 168.12 168.1 167.6552 168.0833 168.6296 170.5926 171 170.56 170.75 165.4 166.7273 167.8 166.1667 168.3929 165.8462 162.6667
-9999 -9999 -9999 -9999 -9999 -9999 -9999 -9999 -9999 -9999 -9999 -9999 -9999 -9999 -9999 -9999 -9999 -9999 -9999 -9999 -9999 -9999 -9999 -9999 -9999 -9999 -9999 -9999 -9999 -9999 151.8333 151.95 151.8462 151.4545 149.4737 149.4231 150.1429 149.8333 150.4667 149.25 151.68 152.85 151.7037 151.8333 153.4444 155.2593 157.875 159.6154 161.75 163.8 164 166.0333 167.5833 168.1035 167.64 167.5714 169.8 168.3 168.9231 168.2083 166.8 166.2917 165.1 164.7727 165.3333 164.4583 165.55 162.2143 162.75
-9999 -9999 -9999 -9999 -9999 -9999 -9999 -9999 -9999 -9999 -9999 -9999 -9999 -9999 -9999 -9999 -9999 -9999 150 149.9375 149.4 -9999 -9999 -9999 -9999 148.5714 149.4348 149.5 -9999 152 153 154.3333 154.36 153 149.9286 149.6875 150.52 152.3 152.4286 149.8333 151.6207 154.36 153 153.8333 154.65 156.28 158.913 160.6333 162.5417 163.5667 165.6087 167.0455 168.3478 167.4 167.2857 170.4583 173.4 175.125 177.2414 175.25 172.375 170.1905 168.1905 166.8667 165.9167 171.8 173.25 165 169.45
-9999 -9999 -9999 -9999 -9999 -9999 -9999 -9999 -9999 -9999 -9999 -9999 -9999 -9999 -9999 -9999 -9999 -9999 154.3 153.3333 152.65 152.1111 -9999 150 149.8462 149.88 150.2308 150 -9999 153.1429 154.7037 157.3 156.88 156.3889 154.1538 153.087 151.7667 153.125 153.8333 153.0435 154.05 156.0385 157.1667 157.1 157.4583 158.7 161.5238 161.375 163.381 165.5714 165.7931 166.5 167.1333 168 169 170.5 175.8 182.5 189.8846 193.3571 181.9167 173.4333 172.6522 172.56 171.55 169.52 170.2273 167.9286 170.5385
-9999 -9999 -9999 -9999 -9999 -9999 -9999 -9999 -9999 -9999 -9999 -9999 -9999 -9999 -9999 163 161 159.8889 157.9545 157.9259 157.05 154.4167 153.2353 152.3077 152.3333 152.2963 152.8667 -9999 -9999 -9999 156.9667 159.3333 160.1 158.6667 160.28 161.2857 156.45 156.0741 158 158.0333 157.5833 157.9655 160.3 162.48 162.6 162.1667 163.2857 164.0833 164.7 164.0833 166.12 166.5 166.72 168.5 170.9643 173.7308 177.44 184.3103 195.25 201.48 195.8 186.3462 178.375 177.9333 182.3333 176.6296 175.68 174.65 174.76
-9999 -9999 -9999 -9999 -9999 -9999 -9999 -9999 -9999 -9999 -9999 -9999 -9999 -9999 164 163.6818 163.2 161.4286 160.5455 160.7333 159.6667 157.7143 156.25 155.8 155.08 155.1 155.6333 156.2308 158.3333 160 159.72 161.75 162.5 164.8846 165.2917 166 162.9583 164.1071 166.6 167 163.65 164.2222 164.8462 166.64 165.7241 164.5909 166.52 167.5 167.24 167.875 164.5333 166.25 166.1852 167.68 170.65 174.56 175.8 177.1724 181.5 193.4667 197.2083 190.1786 182.4762 184.55 182.04 181.8571 181.0667 177.7917 177.2
-9999 -9999 -9999 -9999 -9999 -9999 -9999 -9999 -9999 -9999 -9999 -9999 -9999 -9999 -9999 167 166.0417 164.0714 163.5417 162.619 163.2083 160.25 160.2667 159.5833 158.3333 158 158.76 159.4 160.4348 162.44 163.875 164.9667 166.6667 170.5185 171.45 170.96 170.55 172.2414 175.04 172.2308 171.2857 170.5238 170.4 169.6 168.037 168.1667 170.4333 172.9583 169.6071 168.8636 170.6 169.08 165.2857 168.4667 169.9583 170.4 173.5833 175.0769 177.05 179.3636 184.7826 193.7083 193.4 184.5417 177.9333 177.0435 176 174.9 173.68
-9999 -9999 -9999 -9999 -9999 -9999 -9999 -9999 -9999 -9999 -9999 -9999 -9999 -9999 -9999 166.1053 165.8333 165.65 165 164.875 164.5333 163.2083 163.24 162.65 162.0417 161.8 161.64 162.0345 163.2917 165.1481 168.5 169.92 170.381 174.0667 176.2083 176.6667 176.963 180.1 178.92 175.5 174.3214 173.7917 174.9 174.6667 172.4286 170.35 170.9048 172.5 171.6522 171.6 171.4583 170.6 166.1739 168.88 170.95 170.875 173.6956 177.36 181.8965 185.125 186.9333 185.15 188.56 180.5 176.5 176.875 176.1111 175.9259 172.7083
-9999 -9999 -9999 -9999 -9999 -9999 -9999 -9999 180.8 178.0588 176 174 -9999 -9999 -9999 166 166 166 165.55 165.7 165.5417 164.88 164.32 163.9655 163.7083 163.6154 164.85 165.92 166.3636 168.5667 171.125 173.2857 173.8 177.35 179.6 179.8 180.3793 179.4583 177.3667 175.9583 177.963 178.2 178.7391 178.9545 176.7083 177.4333 171.25 172.0333 174.0476 173.84 172.25 169.2 173.32 170.4231 170.75 172.4167 175.7857 180.15 180.56 184.15 180.5517 178.4583 180.9655 179.44 175.56 182.0833 179.65 180.84 170.4762
-9999 -9999 -9999 -9999 -9999 185.8 186.25 185.0667 183.0435 181 177.1053 174.2857 171 -9999 -9999 166 164.6667 165.8 166 165.3214 165.2083 164.6923 164.2 163.88 163.4545 164.2667 165.5417 166.6552 168.7826 170.4762 173.1667 174.75 178 179.7917 180.0667 178.4167 178.4231 178 178.4583 180.4348 183 179.7241 183.8333 180.0333 182.55 176.08 175.55 175.4643 175.1667 179.3929 173.2692 172.4583 171.68 174.2 172.92 173.5714 174.7333 175.5417 182 184 178.4348 177.2174 173.25 179.24 179.0417 180.9 178.5417 173.7 174.4348
-9999 -9999 -9999 -9999 -9999 186.5556 188.4138 188 185.8333 182.375 179.5 175.4 170.45 168.6667 166 166.3214 166.2222 165.5 165 165.4091 165.6818 165.8 166 165.7241 165.4783 165.2727 165.9565 167.25 169.2333 171.375 173.6 176.2917 178.04 180.15 181.56 180.5652 179.6923 181.6429 182.75 183.8214 183.7 183.52 184.85 179.4828 180.3333 175.7586 175.4 176.3044 179.0833 179.85 176.76 177.8696 173.8 174.0417 175.8333 176.4783 177.0417 177.1429 180.0476 179.2963 177.6667 176.3667 175.875 186.0333 181.65 182.48 180.85 176.1667 175.2692
