DATA/PredictorVariables/Current/prec_oto.asc
ncols         590
nrows         274
xllcorner     -7.522276026
yllcorner     35.996888128
cellsize      0.01
NODATA_value  -9999
[rows 150 to 179 of 274, columns 414 to 482 of 590]
191.24 192.1 195.4 191.1667 192.2692 196.8214 196.2083 197.5333 191.9167 176.7333 164.6667 156.3 146.7083 141.9583 136.9 133.125 132.7333 133.9583 132.9333 128.875 126.4167 126.6667 126.4583 124.2667 124.2917 124.3333 124.25 124.1 123.125 121.5833 123.3333 120.3333 117 117.4583 117.2 116.7917 116.25 115.7667 115.6667 116.1 114.7083 113.7333 111.75 110.2083 108.9333 105.7917 103.3333 103.2917 103.8333 104.0833 103.6667 106.875 106.375 100.9231 100.4167 101.0333 104.2353 104.7059 108.3333 115.125 115.2333 118.625 119.8966 117.0417 116.5667 116.75 115.7917 114.3667 113.5
198.4333 199.4583 197.4 191.95 194.5 205.68 210.9 201.64 194.4 184.56 177.5 169.44 157.9 150.8 145.56 141.95 141.12 145.8 148.8 139.4 134.6 133.04 132.55 132.32 129.05 128.4 127.8 130.4 130.8 126.95 125.76 120.95 119.24 119.3 119.04 118.45 117.7 117.64 120.55 118.4 116.5 115.08 112.85 111.25 109.52 107.45 103.76 101.6 101.6 101.75 101.56 101.8 101.2 99.13333 96 97 97.71429 100.2 104.45 103 103.72 108.4 114.28 112.2 106.08 109.85 106.2174 109.1364 113.3
196.1667 196.4583 197.4333 202.625 210.1667 208.3 207 202.0667 199.1667 199.3 191.5417 181.6333 168.375 158.1667 156.5 154.5417 149.6333 152.625 156.6 149.9167 143.4167 139.7667 140.2083 138.8 137.6667 133 133.0417 133.9167 134.8667 135.25 131.3667 127.9167 125.2 122.5417 122.0333 121.125 122.8333 124.7333 122.5833 120.3 117.25 115.4333 112.75 111.2083 109 106.7083 103.0333 100.5833 99.2 98.83334 99.23333 99.16666 95.54166 94.73333 94.6087 96.06667 98.25 97.93333 93.16666 92.41666 93.26667 98.58334 101.0667 102.625 95.73333 92.95834 91.16666 95.29166 102.2083
193.64 190.5 192.36 198.05 204.8 200.4 199.35 202.4 207 208.28 203.75 187.5909 173.7826 166.3 167 167.75 161.72 162.05 167.28 163.25 155.2 149.28 146.85 144.84 144.9 141.44 137.75 139.1 142.04 139.85 138.36 132.85 132.08 131.3 127.28 129.3 129.2 127.76 124.7 122.36 119.45 116.76 114.65 111.85 109.88 107 103.6 99.15 98.24 97.4 96.24 95.2 94.95 93.21053 93.25 91.64 89.15 86.72 83.8 82.45 84 89.3 90.72 91.15 94.84 82.45 82.56 89.25 86.45
209.0667 203.1667 200.9333 197.4583 199.8333 201.9333 203.125 208.3333 212.7083 212.2333 210.3333 200.0833 183.8 173 178.2333 179.875 178.8333 176.4583 169.7333 161.4583 155.75 152.2333 150.3333 150 149.375 150.6667 141.125 140.2083 142.9 142.2083 143.1333 142.875 137 137.5 136.6333 138.2083 134.0417 130.4667 128.25 125.1667 122.375 120 117.0417 114.25 111.0667 107.625 104.2667 99.83334 96.83334 95.79166 93.76667 92.95834 92.25 91.6 89.91666 88.6 83.5 78.93333 77.04166 76.08334 77.06667 78.375 80.03333 80.375 81.96667 75 76.8 78 70.08334
215 215.4 206.96 209.55 213.25 216.72 216.8 217 216.9 218.6 216.55 203.35 189.2 183.4 186.4 190.65 183.28 175.4 168.4 165 161.35 159.52 156.1 156 155.7143 157.1 157 151.0417 148.5333 146.75 147.6667 148.4583 147.5333 147.3333 141.7 140.8333 138.5833 135.4667 132.4583 129.9333 127.25 125.2333 121.7917 116.9583 112.6333 108.7083 105.3 102 99.33334 98.20834 96.33334 94.73913 93.2 90.88 89.25 87.8 82.65 75.96 73.2 71.78261 72.36364 71.9 73.2 72.5 70.28 68.15 70.76 67.1 61.15
202.9 203.5417 210.1786 210.2692 212.6667 213.3333 213.5 212.2333 218.75 223.1667 218.4583 209.125 197.5333 196 200.5667 195.7083 188 186.0417 181.0333 176.125 169.4583 163.9333 165 164.6667 162.2609 163.64 165.7 165.4 156.28 153.65 152.88 155.85 159.68 158.15 148.6 148.4 145.7 143.64 137.85 135.4 134.2 132.04 124.95 120.85 118.6 113 108.4 105 101.4 98.85 96.72 95.2381 93.25 91.56667 88.70834 85.96667 81.95834 76.4 72.29166 70.13333 68.91666 68.41666 69.16666 69.04166 66.33334 62.54167 64.1 60.58333 55.125
183.96 185.35 188.7 189.6 192.9 194.12 197 200.84 205.4 209.8 216.3 218.4 210 209.5 214.0345 207.75 202.2333 193.5417 184.5667 177.1667 173.4583 173.6667 177 171.6 170.0417 169.3333 174.1667 175.8333 173.6333 165.7083 164.0333 165.4167 171.8333 173.875 159.5333 157.625 159.4583 151.7333 146.875 144 144.25 139.9 129.5417 126.875 127.5333 123.4167 117.5 110.1667 103.2667 102.4167 100.9 99.29166 96.54166 91.76667 89.04166 85.4 80.29166 74.83334 71.41666 69.96667 68.66666 67.41666 65.96296 66.65 63.96 60 59.68 57.4 51.85
202.3333 204.6667 203.4167 204.0667 206.375 205.0667 212.1667 216.8333 210.4167 214.2333 215.5417 218.6667 225.5333 227.2917 228.7692 217.65 204.04 193.5 185.8261 183.4545 178.95 185.96 180.6 180.08 179.7 178.32 187.15 194.8 184.64 178.15 173.16 169.8 175.88 182.15 172.68 167.75 174.65 162.04 161.75 158.08 155.5 146.72 137.35 134.3913 135.1364 132.55 120.92 112.4 112.12 112.65 110.92 106.9 105.6 96.08 89.95 85.08 79.15 74.08 71.05 69.08 67.7 66.3 64.42857 64.08334 64.53333 59.5 58.2 56.75 52.88462
200.68 205.6 210.25 212.2 216.7 220.64 227.35 232.2333 226.5 231.2 230 225.75 236.2 244.4167 232.8 221 209.6 197.4583 198.2083 190 188.5417 197.6667 188.5 189.5 192.75 193.1 204.2083 200 188.8333 188.5 184.8333 176.2917 184.0333 190.25 183.0667 176.4167 183.4167 175.3667 179.0833 178.7333 167.25 154.9667 145.5 147.8667 153.4167 149.1667 130 123.375 125.5333 125 120.0333 116.4583 111.8333 104.9 95.625 86.53333 79.83334 75.43333 73.5 72.33334 69.95834 69.54166 68.76667 63.75 63.5 59.54167 57.96667 57.33333 58.1
186.2 186.75 190.9167 193.6 206.7917 222.3667 232 233.92 240.65 247.48 246.15 242.1 252.76 255.7 237.28 220.75 211.96 210.45 204.9 199.96 202.3 214.96 201.9 205 203.35 203.84 211.4 201.3 198.28 198.2 192.96 186.65 189.64 200.3 194.8 188.9 193.85 192.28 185.4 191.36 180.25 166.04 162.4 161.84 161.25 157.65 139.96 136.75 144.52 136.85 129.4 121.7 113.65 104.92 103.55 93.76 88.65 82.44 77 77.68 78.7 78.5 73.6 68.8 64.84 61.85 61.6 60.95 62.44
197 210.2917 206.125 198.4 203.125 216.7 225.7083 231.9 236.1667 251.625 262.7333 261.2917 271.8667 271.9583 257.1333 243.7083 235.5333 222.0833 212.2917 209.4333 214.0833 218.4 208.6667 214.5667 206.5833 209.6 217 209.4167 210.9667 202.75 194.4 193.7083 204.9 209.9583 208.3 203.0417 201.9167 203.1333 195 197.4667 187.0833 175.6 173.5833 177.5 168.75 161.375 149.6667 148.1667 149.1 147 138.1667 128.2917 123.5 113.2 101 93.5 88.875 84.23333 84.83334 88.36667 91.04166 91.54166 85.2 85.04166 74.73333 68.83334 75.83334 72.25 70.66666
212.8462 222.75 228.6 210.2 199.3 219.76 238.95 249.48 252.55 253.4 268.44 274.8 274.88 274.9 267.48 257.8 245.04 231.2 224.55 222.24 227.05 226.4 222 224.64 218.7 216 224.55 219.95 214.24 207 207.04 201.55 205.36 214.25 216.92 210 212.6 214.6 210.65 204.96 194.4 192.6 189.15 190.48 179.6 175.7 167.44 168.05 163.4 162.1 150.48 144.6 132.6 117.28 106.3 97.6 90.8 94.32 97.2 96.08 94.55 93.85 91.8 91.5 81.68 72.8 79.88 81.9 78.28
239.875 234.9333 240.0417 217.7 215.2917 210.1 230.3333 252.2667 268.2083 274.1667 272.3333 267.6667 269.2333 276.9167 264.8333 260.5 257.0333 245.7917 240.5417 238.5 241.9583 237.9 239.2083 238.9667 234.8333 231.9667 235.3333 237.0417 230.2333 226.9583 223.7667 219.7083 222.2 223.6667 224.7667 216.8333 209.875 221.0333 227.25 222.2667 215.375 210.7 208.0833 206.6 197.75 193.2083 186.6667 189.1667 183.0667 183.4167 172.6667 156.125 137.0345 131.56 121.25 113.9333 103.5 108.4667 112.7083 113.7 106.0833 100.0833 92.16666 84.16666 79.6 73.83334 74.13333 81.25 83.23333
260.5 256.28 248.35 227.36 235.75 217.6 224.4 242.52 255.4 268.95 268.12 256.4 265.6 271.1 260.08 256 261.28 259.4 261 260.2 255.45 247.88 250.5 246.2 241.05 240.4 248.95 245.35 230.12 229.5 240.48 240.45 233.84 233.5 218.4 208.85 206.75 219.16 229.85 227.84 225 211.16 209.7 207.92 208.7 216.25 213.56 214 211.96 209.85 199.8 180.45 166.72 154.3 142.1 139.24 131.3 127.48 127.25 123.6 118.35 110.3043 98.18182 88 80.64 75.9 76.96 81.35 90.48
280.125 275.9 256.0417 246.6667 249.4583 227.5667 229.2917 239.4333 253.5833 270.75 265.6333 251.625 251.4 254.0417 248.5 247.1667 255.7667 260.5833 259.0833 255.4 246.125 240.2 245.5 236.3333 229.9167 230.9 243.625 235.1667 222.3 219.375 229.0333 236.8333 224.8667 218.25 224.3 211.6667 201.0833 212.6 218 212.7667 218.5 207.0333 196.1667 195.4 203.8333 212.2917 210.3 210.25 210.0333 206.8333 198.4333 198.6667 196.7333 186.75 173.9583 167.0667 157.5 148.3333 141.0833 133.4667 123.7917 113.1333 102.1667 93.25 85.3 84.875 92.36667 95.91666 98.63333
291.5 294.6 269.3 271.72 248.6 245.6 244.05 258.04 276.35 269.4 260.64 249.1 238.8 231.1 230.8 245.05 259.28 256.95 252.8 244.92 238.6 237.24 244.2727 232.7333 218.4583 223.5 231.375 227 215.5333 204.375 213.4 225.9583 224.5 209.25 215.2 213.25 199.625 203.7667 207 204.3333 213.6667 203.6 191.0417 188 198.4583 207.625 202.1667 198.0417 201.2667 196.5 187 190.3333 192.9333 192.913 181.1 167.32 153.45 137.6 135.6 134.6 130.85 125.24 115.05 101.3 88.56 82.9 92.48 107.7 111.2
298.7083 311.7333 299.1667 281.4667 269.2083 271.0667 272.0417 273.3214 280.9615 273.4167 263.1667 257.9583 247.2667 230.3333 225.3667 244.5 256.6333 250.5833 246.0417 236.2333 228.625 237.2667 239.2273 231.52 218.45 213.4 223.8 216.05 209.12 198.2 201.52 207.4 217.08 212.95 201.64 210.4 200.3 193.96 195.5 204.36 212.3 198.52 187.45 180.52 191.85 202.3 200.84 188.6 192.6 186.05 177.88 185.1 184.84 183.5238 178.7917 166.0667 150.0833 137.4333 126.1667 123.9667 120.75 117 118.2917 111.375 98.2 91.58334 100.6 108.1667 108.9667
307.65 315.64 299.95 290.32 281.5 281.52 282 292 274.2 267.35 256.2 246.55 238.1154 224.7083 217.6 235.9167 248.1154 240.2143 232.2083 221.6333 217.1667 227.7667 229.1667 225.5 214.9167 206.0333 215.0417 206.5417 201.6333 192.7083 187 194.875 206.3667 209.875 194.0667 199.6667 198.6667 184.5333 187.5833 199 206.0417 201.5667 188 174.6 182.875 194.7083 196.1667 184.1667 178.9 173.125 168.3333 174.4583 174.4 173.875 170.5833 165.6667 155.8333 143.9 134.8333 128.9333 123.0417 113.7333 107 111.5217 111.04 96.55 98 106.35 104.56
306.9167 300 281.5 272.6667 269.75 268.4333 273.2083 283.5833 277.2333 261.2917 247.9 232.5 221.1724 213.5 214.16 234.85 241.9 228.68 222 211.56 209.35 219.68 215.6 211.88 202.3 199.4583 210 199.3 194.52 193.65 181.28 186.25 196.92 201.2 195.28 185.95 191.05 186 180 189.92 197.25 194.32 182.05 168.4 176.2 186.5 186 177.2 162.36 160.8 170.52 177 174.88 171.95 168.65 157.56 150.1 143.72 137.15 131.68 124.65 113.8 102.4 96.7619 106.1667 96.04166 95.6 99.95834 97.56667
275.85 271.52 276.8 261.88 255.9 249.3846 256.25 265.1667 268.5 260.125 248.5667 234.9583 219.2333 202.5417 216.1667 234.0833 238.9583 223.3667 214.625 205.4 201.25 213.8 206.7917 197.4333 190.5833 201.4583 206 199.2917 187.5667 188.5 174.9333 175.2083 186.5333 189.125 190.3667 181 179.0417 183.4 171.7917 182.2667 189.1667 186.1 174.4583 162.7 168.625 174.2917 168.9667 163.75 150.5333 152.6667 163.3 169.7083 163.3667 159.875 156.0833 145.9 140.625 132.2 129.75 124.7667 118.5 109.6333 100 88.86364 94.65517 94.625 86.43333 88.66666 88.03333
251.9167 244.5667 253.9583 247.9333 236.25 232.5172 245.45 254.5 258.76 246.55 235.72 222.75 208.36 200.5 216.84 236.9 230.35 215.8 206.3 200.84 198.95 209.04 198.8 186.04 189 200.6 196.88 190.2 176.56 175.55 168.56 162.75 173.92 175.9 178.52 174.35 169.45 175.2 164.95 176.04 180 175.96 165.8 153.36 158.3 162.75 158.68 159.15 150.12 143.1 161.52 166.75 155.2 151.05 146.8 134.24 126.8 117.56 110.15 105.88 105.45 102.88 99.15 92.04762 92.22727 91.7 85.56522 84.65 83.48
244.8696 224.9667 230.2917 230.1667 217.6667 226.7333 240.375 251.375 250.7333 233.2083 216.1 207.5833 196.6333 202.4167 229.1 238.4583 226.9583 213.2333 198.8333 195.4667 207.4167 204.7333 191.5 179.5 189.75 190.7917 185.6333 180.4583 170.0333 160.5 161.5667 150.7083 159.4 162.25 163.9667 163.75 157.4167 161.5333 155.4167 166.4 169.0833 165 158.4583 146.6 149.4167 153.5417 153.2667 156.6667 154.2667 147.3333 157.4333 156.0833 147.8 140.2083 135.75 120.8667 109.2917 102.5333 97.33334 92.4 93.95834 95.7 96.95834 95.33334 92.7619 88.78261 84.85185 81.375 80.56667
252.0476 227.12 211.4 209.96 213.2 228.2727 241.3478 249 237.4 225.45 211.16 194.95 194.16 212.3 232.04 233.6 224.1 211.08 195.55 194.92 207.1 199.56 184.85 172.68 183.9 179.85 171 164.05 157.76 147.25 145.88 138.3 141.16 144.85 145.28 148.4 146.6 145.2 147.4 156.2 154.15 154.4 150.6 140.88 146.3 147.9 146.6 149 150.8 147.6 150.08 149.9 139.92 131.4 121.7 112.28 103.6 96.52 90.15 85.48 84.2 85.16 93.2 92.88 90.68421 88.5 85.72727 81.22222 78.36364
243.9167 226.4333 211.375 201.3333 219.4583 234.625 245.9 244.5833 224.6333 207.25 203.0333 190.25 196.4667 213.9583 226.2333 223.8333 218.5 209.3333 194.9583 187.3333 193.2083 188.9667 174.7917 164.7333 173.375 168.7083 161.0333 152.625 143.4667 136.9167 131.7333 127.8333 127.9333 129.5417 130.5667 131.25 133.375 132.8333 138.7083 144.2333 142.2083 143.2 141.5417 139.8333 144.5833 143.9167 144.1333 144.75 144.9667 143.4167 143.2333 141 134.7 126.5417 117.04 106.3448 98.45834 89.26667 85.08334 82.16666 80.95834 80.96552 88.04166 93.32143 94.25 93.16666 96.6 95.08334 87.53333
225.65 208.04 194.95 204.96 224.5 237.55 241.12 237.25 225.16 208.7 192.68 187 202.28 218.15 217.2 212.65 211.25 205.6 197.65 184.76 186.95 179.48 166.1 155.44 161.8 160.3 154.28 143.95 135.04 128.3 124.8 120.3 119.12 120.9 121.96 123.4 124.35 124.2 131.8 133.28 133.3 133.36 132.8 140.12 142.3 142.8 143.04 143.95 143.88 144 141.72 138.4 134.04 128.55 117.28 108.1 97.9 90.36 87.8 86.6 85.1 92.24 96.9 102.92 95.3 101.5 110.72 109.3 102.04
212.625 193.3667 189.0833 208.3667 222.9167 229.5 227.5333 226.75 218.5667 206.1667 191.9333 185.2917 203.4 213.4167 208.0385 201.4286 200.5417 198.7333 192.4583 179.3 180.125 176.0333 163.2083 151.7667 148.7917 149.25 143.9667 140.5417 134.3333 126.4583 121.7 120.5417 116.0667 116.625 117.4667 119.375 117 117.8667 125.7083 125.6333 127.5417 128.1667 135.5833 144.5667 148.125 149.0833 146.1 148.4167 149.4667 145.7083 143.7667 144.375 142.6667 133.9583 132.9 118.25 107.375 103.0333 98.125 98.9 101.375 105.9 108.375 109.9333 97.75 105.5833 106.8667 104.6667 108.5667
200.95 183.28 184.9 201.04 213.4 215.8 214.12 213.35 210.32 201 191.64 184.95 199.2 201.9 197.65 191.2 188.45 188.84 181.9 170.96 167.8095 165.9 158.4167 150.9333 143.2917 142.0833 139.9667 136.6667 130.8333 124.5 119.3333 116.125 113.2333 112.2083 115.3333 114.375 113.0833 113.0667 117.9167 119.6 122.7083 127.6 133.0833 144.6333 150.9167 151.4167 153.2 158.0417 158.2333 149.125 153.0333 153 146.1333 144.375 139.7333 127.9091 118.1 120.84 116.2 108.96 112.9 111.88 109.75 103.76 102.75 113.15 115.88 115.65 118.16
197.2083 180.8 175.875 192.3571 204.1923 199.5833 195.3667 196.5 198.7667 194.3333 185.3667 184.0417 193.7 189.9583 186.875 182.6667 177.8333 176.6333 172 166.4667 160 160.8 156.7 150.44 143.55 139.85 137 132.85 127.28 121.5 117.04 114.65 111.6 110 114.32 110.85 111.45 118.04 119.1 119 120.05 123.56 130.6 140.08 146.6 149.05 156.8 163 159.76 158.55 159.52 157.9 157.4 155 147.2 136.9091 125.5 131.6667 131.7917 121.6333 124.375 121.9 122.1667 107.9333 114.8333 114.2857 122.0769 126.1667 126.7667
186.95 172.64 171.85 189 192.12 184 179.16 182.75 186.24 185.05 182.72 188.2381 182.6333 181.3333 179.3333 174.0333 166.9167 163.7667 162.2917 160.0667 158.125 158.8 154.5 149.8333 144.8333 139.1667 136.0667 132.3333 128.4 121.4167 117.9 115.0417 113.9 111.6667 108.9333 107.75 114.75 122.7 122.875 122.6667 119.9167 123.5333 126.8333 134.1667 140.875 147.5417 157.8333 165.9583 164.2333 165.0833 164.4333 175.5 175.1 166.1667 154.6667 147.6667 141.375 139.2333 139.7083 134.9667 131.25 131.6667 120.0833 124.5333 128.8696 120.6 122.7 130.05 132.92
