DATA/PredictorVariables/Current/prec_ver.asc
ncols         590
nrows         274
xllcorner     -7.522276026
yllcorner     35.996888128
cellsize      0.01
NODATA_value  -9999
[rows 66 to 98 of 274, columns 219 to 291 of 590]
37.18182 35.6 35.4 35.95652 38.41667 41.83333 39.1 34.375 32.84 35.21429 34.75 35.76 38.85 37.65 38.72414 35.75 37.39286 36.88462 41.125 44.37037 40.8 40.66667 41.25 42.85 44.5 46.70833 47.04167 47.1 48.25 47.10714 46.9 43.45 44.28 44 42.29167 40.96429 39.54167 39.6 35.125 35.25 33.51852 33.4 35.16 34.5 32.25 33.21429 32.83333 32.48148 32.77778 32.5 32.16667 32.22727 32.75 32.56 32.05 30.56 32.35 33 32.73333 32.875 30.17857 29.88461 29.25 30.60714 30.65 31.75 35 35.8 38.6 38.65217 38.66667 39.26667 39.83333
34.75 35.1 34.54167 35.66667 39.14286 41.35 38.125 33.71429 33.05 33.4 33.66667 35.61538 36.92857 35.375 37.88462 35.75 34.75 36.72 40.45454 39.1 40.875 43.16667 43.93333 43.45833 43.18182 43.56522 46.1 44.8 43.22727 43.33333 42.8 43.16667 44.56667 45.5 46.09091 43.08 42.25 41.625 37.57143 37.47826 35.6 32.33333 34.04 32.93103 31.125 31.48148 31.65 32 34.32 34.05 33.5 33.41667 33.29167 33.2 34.20833 34.96296 35.96296 38.05 40.64 41.05 39.25 37 34.72727 32.16667 31.04167 30.08333 30.6 33.125 36.42857 36.30435 38.6 37.84 37.05
32.5 32.90476 34.58333 35.33333 37.5 37.875 38.125 36.76667 31.875 32.8 35.05 37.45 36.04 34.29167 33.7037 34.48148 36.25 38.8 39.40909 37.45 39 42.45 42.53846 42.95833 42.79167 42.03333 42.08333 41.51724 41.04348 41.35 40.44 40.1 41.13636 41.57692 44.625 45.56667 41.83333 41.16667 43.5 43.52381 40.56 33.65 32.75 32.08 31.86957 31.14815 31.62963 33.29167 36.7 36.54167 35.68182 35.2 35.35 34.76 34.45 34.85714 35.63334 36.375 38.48276 40.44 42.54167 42.6 40.81818 35.42857 32.83333 31.55 31.88 31.4 34.13044 35.56667 35.75 37.26667 36.04167
31.16 32.79167 33.23333 33.47826 35.68182 33.95652 34.8 36.73077 34.95833 31.79167 35.03333 39.25 37 34.7 34.1 37.52 35.8 36.03846 35.61538 37.33333 40.53333 40.95833 42.4 42.125 41.6 41.88 41.15 41 40.2 39.375 39 39.91667 40.25 39.62963 40.4 42.6087 39.90909 42.55 42.31034 43.79167 42.72 39.58621 38.58333 37 36.85714 34.2 32.68 37.75 38.4 39.95652 38.91667 37.46667 36.41667 36.7037 36.66667 35.65217 35.16 35.65 36.1 36.64 39.25 37.51724 39.875 40.91667 35.63334 33.33333 32.2 35.91667 34.19048 36.24 36.9 36.68182 36.30435
30.84 31.4 31.88461 32.125 35.70833 34.23333 32.79167 35.07407 34.31818 31.75 36.52 38.05 35.70833 34.27586 34.29167 35.13334 34.83333 35.13636 38.08 38.5 42.16 43.1 42.16667 40.93333 40.45833 41.28571 42.84615 41.04348 39.08 38.15 38.47619 38.58333 38.65217 39.43333 39.04167 37.83333 37.43333 40.41667 39.61538 40.3 40.9 40.12 41.3 40.53846 41.07407 38.29167 34.2 36.45833 40.28 41.15385 40.9 40.12 39.35 37.45 39.96296 40.16667 36.93333 35.375 35.625 35.8 36.70833 36.75 35.13636 33.8 36.08 32.8 30.6 36.23333 40.66667 37.86666 34.83333 36.66667 36.2
29.5 30.75 30.66667 30.24 34.3 33.12 30.45 29.5 30.4 33.58333 37.82759 32.36 32.80952 34.36 37.45 37.86956 38.625 40.125 41.53333 42.5 43.32 42.89655 40.85 40 40.2 41.5 40.14815 38.375 39.1 39.08333 37.375 38.3 39.04762 39.17391 38.86364 37.25 36.84 36.91667 37.12 39.31034 39.91667 39.86666 40.45833 41.04762 42.04 42.6 36.04 38.6 39.91304 41.83333 41.33333 40.14286 40.15385 39.79167 39.46429 39.55 39.35 37.2 35.3 35.6 35.29167 35.08333 34.23333 32.08333 32.06667 32.04167 30.45833 34.8 39.85 39 37.86364 36.05 35.03846
29.91304 29.59091 30.58333 29.26667 29.04167 30.73077 27.07143 29.95 32 34.05 34 33.42857 39.41667 40.9 42.58333 42.75 42.57143 41.25 42.125 40.71429 40.1 39.83333 41.66667 40.55556 38.22222 39.04167 38.89286 37.65 36.95 36.8 37.9 37.31034 36.83333 37.625 37.73333 38.04167 36.26667 35.45 37.45 38.56 38.2 38.82609 41.26923 42.25 41.13334 40.125 36 38.48276 39.47619 42.12 43.25 40.65 39.92 40 40.43333 40.25 39.16667 36.86666 35.58333 34.89286 33.13636 32.95 32.68 30.9 31.61905 30.76923 29.75 31.8 33.20833 35.5 34.1 33.91667 33.48276
27.75 28.5 28.55 30.88 27.8 29.65 27.48276 29.83333 31.85185 31.14815 30.25 33.81482 36.3 37.61905 39.45833 39.57143 40.06667 38.54167 39.08333 38.63334 38.45833 39.04 41.7 40.2 39.56 39.59091 38.39286 36.69231 36.70833 39.36666 40.125 37.86956 36.13044 35.7 37.32 37.35 35.04167 36.06667 37.54167 36.26667 37.54167 40.29167 41.80769 43.3 41.08 38.65 36.25 38.82759 39.875 41.78571 44.34615 41.45833 41 40.72727 40.38095 40.95833 40.95 38.44 36.61905 35.625 33.7 31.95833 30.53333 29.54167 30.04167 30.53572 29.9 30.52 30.4 29.65 29.36 28.90909 29.57692
25.4 25.36667 28 28.54167 25.93333 27.33333 28.38461 30.8 33.2 30.64 31 33.17241 34.56 35.58333 36.7 36.08696 36.72727 37.26087 37.05 37.96 37.58333 37.68 39.31034 38.79167 39.5 39.90909 38 36.8 37.7 38.36 40.91304 39.58333 38.86666 36.20833 36.58621 36.04 34.95 38.04 39.75 35.54546 36.56522 39.5 42.96667 43.04167 42.72 39.82759 37.04167 37.38462 37.45 39.15 40.88 41.15 42.78571 44.125 43.625 43.1 42.25 41.51724 40.20833 39.8 36.8 34.5 33.31818 31.43478 30.31818 29.86667 29.58333 29.25 29.4 28.5 28.1 28 28.05
28.75 27.81818 25.17391 24.7 26.44 30.25 29.92 30.93103 31.54167 30.66667 29.23809 32 32.72 33.55 35.03704 33.04167 33.875 34.6 34.04167 35.17241 35.57143 36.85 36.56 36.8 37.95833 36.55556 35.5 33.66667 37.04167 36.53846 38.16 38.25 39.56 38.55 35 34.7 37.79167 38.93333 38.83333 38.16667 35.63334 34.95 39.8 43.4 41.7 39.56 36.33333 39 40.25926 41.375 41.23333 42.83333 43.86956 45.04167 42.55 43.24 41.4 40.71429 38.76667 38.45833 36.8 34.83333 33.83333 33.93333 34.18182 33.28 31.4 28.7 28.12 28.3 28.44444 27.42308 27.83333
28.83333 28.79167 28.43333 25.25 26.93103 27.71428 29.7 30.88 30.15 29.64 30.33333 32.54167 31.6 33.16667 34.16667 35.08333 37.65 37.92 37.9 38 38.2 37.54167 37.23333 36.875 37.73913 38.88 37.75 35.64 33.25 34.56522 37.83333 36.29167 35.89286 36.23077 33.16667 34.6 35.35 36.45454 37.86956 37.35 33.66667 35.54167 40.16667 43.16667 42.04167 39.23333 36.85 40.45 41.84 42.2 44.68 45.41667 46.25 44.73333 41.66667 38 39.44 38.6087 38.04 35.5 35.22727 35.17391 33.8 32.86207 35.33333 34.84 34.58621 33.125 29.83333 29.75 28.19048 27 27.05
27.84 26.7 26.36 25.55 26.47826 27.16667 31.04167 30.93333 28.79167 29.63636 32.4 30.45 33.66667 36.54546 37.70833 37.86666 38.16667 37.81482 37.81482 38.25 38.24 37.6 37.09524 37.76923 38.45833 39.26667 38.58333 37.95833 38.1 33.85714 34.92 36.35 34.5 32.84 34.625 36.23333 35.04167 32.29167 32.03333 33.125 33.91667 37.42857 40.85 41.44 39.75 36.66667 37.51852 40.20833 41.76667 42.5 43.84615 44.83333 45.45 42.36 39.05 37.85 37.62963 36.375 36.56667 35.20833 36.70833 37 35.45833 31.92308 32.6 33.3 32 31.6 32 28.04 27.54167 27.16667 26.95833
32.13334 32.375 32.61538 31.28572 28.28572 26.96 29.5 33.65 34.88889 32.875 29.96667 32.25 36.75 36.72414 36.7 38.04 38.4 39.3 36.89655 37.83333 37.8 38.375 38.79167 39.96429 39.2 39.54167 39.85714 39.05 37.24138 33.625 31.33333 35.96296 34.04167 31.76667 33.9 31.28572 31.375 33 35.46154 38.91667 39.04167 34.86666 36.375 39.36666 36.25 36 38.64 40.5 41.96 42.55 43.375 44.96667 43.79167 39.62069 37.28 37.04167 36.28571 35.65 34.95652 34.72727 36.6 34.2 33.625 32.92 29.55172 29.04167 28.43333 27.91667 28.29167 26.8 26.6 26.96 26.4
31 30.66667 32.45 34.21429 35.25 33.75 29 29.375 31.67857 31.25 32.09091 36.52174 36.52381 34.6 36.125 37.16 37.17241 35.83333 37.23077 38.65 36.6 38.24 39.66667 40.83333 40.29167 38.08333 38.66667 38.20833 37.69231 34.3 31.35 34.12 33.15 30.82759 31.16 30.16667 34.66667 37.875 41.03704 41.45454 39.5 38.6 37.95 36.90909 36.17857 38.16667 39.8 41.75 42.56 43.13793 44.55 44.48 42.3 39.55 37.48 35.86956 35.33333 35.04167 33.95833 33.03333 32.91667 32 30.3 29.45 28.76 28.05 27.28 26.90476 26.29167 26.03333 26 26.42857 26.11539
29.875 29.46667 31.70833 33.55556 33.25 35.3 36.2 34.22727 28.9 30.91667 33.95833 34.5 35.43478 33.83333 34.38095 35.45 35.56 35.21739 36.92857 37.73077 35.16667 37.23333 38.26087 38.09091 37.78261 36.95 37.4 37.04348 33.68 29.82759 31.04167 32.76667 32.54167 33 31.08 31.2 37.8 39 39.95833 40.96667 40.16667 38.5 37.75 36.79167 37.44 38.85 40.92 41.9 42.35 43.66667 44.66667 42.62069 39.04 37.33333 36.13334 35.19048 34.34783 33.90909 33.25 32.64 31.80952 31.26923 29.46428 28.875 28.16667 27.375 27.12 27 26.2 26 26 26 26
28.7 28.2 29.36364 31.04 32.51724 35.16667 36.33333 37.09091 33.25 29.36 30.55 32 32.79167 32.125 32.13334 32.54167 34.06667 34.57143 35.95 36.6 34 35.51852 36.54167 37.16667 36 33.625 35 34.76191 34.55 30.4 30.7 34.91667 36.57692 34.125 29 34.45833 35.81482 37.11538 36.3 36.88 37.25 37.81818 37.625 37.20833 37.7 38.41667 40.52 41.27586 42.41667 42.72 42.3 41.5 37.16 35.45 34.72414 34.125 33.5 33.16667 32.58333 31.83333 31.08696 30.9 29.04 28.3 28 27.9 28 27.46667 26.875 26.31034 26.04 26 26
28.16667 27.46428 28.70833 29.75 31.24 32.7 35.08333 36.25926 37.79167 36.6 31.29167 30.80769 29.3913 31.45 31.64 33.3 34.56 35.82143 33.625 32.76667 33.04167 34.69565 34.72 34.4 32.84 32 32.04348 32.56667 32.45833 29.93333 29.58333 33.41667 33.76 32.25 29.2 34.55 36.28571 35.26667 34.41667 34.16667 34.875 35.45833 35.37931 36.55 37.2 38.7 40.4 40.84615 39.625 37.5 35.96154 35.66667 34.4 34 33.41667 33.04546 32.65 32.28 31.8 31.17391 30.75 30.41667 28.86667 28 28 28 28 28 27.4 27.1 26.96 26.65 26.60714
29.05 29.19048 28.93333 29.75 29.9 32.125 33.78261 34.96 34.15 36 34.55 32.95833 29.23333 29.95833 30.03448 31.84 33.38095 33.36 32.2 31.04167 32.54546 32.70833 32.56667 32.33333 32.17857 30.76923 31 32.52 31.65 29.27273 27.41667 31.375 32.6 30.83333 30 33.64286 33.3913 32.48 32.35 32.47619 33.625 34.47619 35.8 36.75 36.875 37.43333 38.29167 36.48276 33.1 32.75 32.32 32.25 32 31.83333 31.70833 31.56667 31.25 30.86667 30.66667 30.43478 30 30 29.36 28 28 28 28 28.1 28.08333 28.75 27.36667 27.5 28.23077
28.71428 28.3913 28.48 31.8 31.25 31 31.79167 32.8 32.83333 31.83333 31.8 30.95 29.48 33 32.25 30.82143 30.41667 30.36667 30.33333 30.20833 31.17241 31.3 31.32 31 30 29.27586 29.91667 30.23333 28.08333 26.08333 27.2069 29.5 29.28 27.95 30.6 31.66667 32.41667 32.62069 31.4 31.66667 33.23333 33.34783 33.04167 33.28571 32.85 32.88 33.28571 31.07143 30.30769 30.58333 30.56667 30.5 30.55556 30.34783 30.4 30.28 30.1 30 30 29.91667 29.9 29.45833 28.34615 28 28 28 28.1 28 28 29.75 29.32 29.125 29.54167
27.2963 26.83333 27.14286 29.57692 31.20833 32.24138 32.25 31.47826 32.36364 31.2 30.8 28 29.37037 28.96296 29.16667 29.40741 29.3 29.45455 30.13043 30.80952 30.6 29.5 29.38461 28.17857 27.41667 27.34615 28.1 28.09524 26.45833 24.55 27.3 26.91667 27.4 26.17241 29.33333 30.42857 31.7 31.95 30.04 31.2 29.7037 29.5 28.91667 29.16667 28.29167 27.56667 27.73913 27.3 27.32 28.05 29.12 29.35 29.33333 29.5 29.5 29.43333 29.33333 29.33333 29.35714 29.25 29.08 29 28.95 28.48 28.5 29.26667 29.58333 29 28.13333 29.04167 30.6 30.8 30.85
28.10714 27.5 27.05 28.64 30.65 31.46667 31.33333 31.08333 30.8 29.75 29.24 27.2 29.25 30.04 29.34783 29.72414 29.64 29.125 29.53333 30.04348 29.16 28.45 26.5 26.48 27.13043 26.44828 27.24 26.58333 25.36667 24.16667 26.20833 24.33333 24.75 26.68 28.33333 29 29.73077 30.875 28.1 28 27.03846 26.5 26.4 26.56 26.4 26.41667 26.18518 26.16667 26.33333 26.66667 28.48148 29 29 29 29 29 29 29 29 29.875 29.76923 29.71428 29.16667 29.7 30 30.25 30.92 30.85 30.28 29 29.95833 30.36667 30.70833
27.56 29.68966 29.70833 27.6 29.16667 29.95 30.24 30.8 31.12 30.83333 30.16667 28.13333 28.66667 29.6 28.90476 29.85 30 29.95 30 28.66667 27.375 26.5 25.54167 26.5 27 26.95 25.56 24.35 23.57692 23.625 23.95833 23.46667 24.5 26.56667 27.3913 27.35 27.52 27.15 26.32 25.95455 26 26 26 26 26 26 25.88 26 25.92 25.95 27.5 28.9 29 28.96667 28.95833 29 29.06667 29.90476 29.56 29.55 29.85 30.16 29.75 29.53333 29.91667 30.41667 30.36667 30.375 30.63333 30.56522 30.45 29.16 28.9
26.4 28.92 29.45 29.08696 31.11111 30.625 30.56667 30.5 31 29.26087 29.95 30.96 30.5 28.92 29.48148 29.75 29.9 28.75 28.73077 27.73913 27.1 25.48 24.15 24.84615 25.85185 25.58333 24.93333 24.20833 23.11539 24 23.85 24.44 24.95 25.08696 25.5 25.08333 25.5 24.75 24.48148 25 25.4 25.76 25.6 25.36364 25.08 25 24.93333 25.04167 25.03846 25.25 27 28.56 28.8 28.85714 29 29 29.10345 29.54167 29.92 29.72414 30.16667 30.2 30.25 30.5 29.88 30.2 30.16 30.15 30.77273 31.44828 31.95833 29.6 29.66667
27.54167 27.3 28.45833 31.08333 31.8 31.9 31.72 30.8 30.21739 29.1 30.375 30.9 29.58333 30.36364 30.56 30.3 29.88 28.33333 27.875 26.96667 26.91667 25.46667 24.41667 24.04762 24.2 24.75 24.44 23.76191 23 23.56667 24.5 24.56667 24.41667 24.04348 24 23.95 24.16 24 24 24.43333 25 25 25 25 25 25 24.64 24.05 24.25 24.96154 26.33333 29.1 29.33333 29.29167 29.46667 29.79167 29.80769 29.9 29.9 29.8 30.2 30.85185 30.875 31 30.53333 30.16667 30.4 30.75 31.13043 31.6 31.9 30.2 29.95
29.5 28.55 27.96 30.45833 32.6 33 31.20833 30.13333 29.52381 28.52 29.15 29.3 29.71428 30.54167 31.06667 31.41667 30.64 29.5 28.8 27.2 25.95 24.9 24.46428 24.125 23.2 23.70833 23.48 24.25 23.5 23.44 24.05 24 23.33333 23.08333 23 23.04167 23.08 23.13793 23.77273 24.04 24.9 25 25 25 25 25 24.96 24.55172 24.58333 25.06897 26.25 28.8 29.32 29.35 29.36 29.83333 30.16 30.62069 30.08333 30.16667 30.04167 30.08696 30.64 31 30.92 30.5 31.04762 31.18518 31 31.3 30.875 30.32 30.51724
32.74074 30.70833 28.23333 29.3 30.31818 31 31.05 30.27586 30.125 29.25926 29 28.91667 29 29 29.08696 29.27273 29.3 29.06667 28.75 27.89286 26.61539 25.08333 23.96296 23.6 22.83333 22.85714 22.55 23.23333 22.95833 23.89286 24.03846 23.5 22.60714 22.2 22.625 23 23 23 23.5 24.34483 24.6 25 25 25.22727 25.04 25.1 25.3 25.2 25.13636 25 25.76 26.45833 28.2 28.625 28.93333 29.05 29.25 29.72 30.35 30.4 30.63636 30.95833 30.66667 30.875 31.16667 31 31.20833 31.33333 31 31 30.75 30.2 29.36
32.2 32.6 30.42857 28.92 29.20833 30.3 30.58333 30.5 30.95 30.5 29.68 29.63636 29.76667 29.70833 29.54167 29.03333 29 28.32 27.25 25.2 24.52 24.34783 23.56667 23.20833 22.79167 22.1 21.91667 21.96 22.45 23 23.44 22.59091 22 22 22 22.9 23 23.11111 23.9 25.1 25.44 25.6 26 26.45833 26 25.86667 26 25.76667 25.90909 25.5 25.6 26.1 27.76 28 28.04167 28.66667 28.875 29.03333 29.08333 29.36 29.62963 30 29.96 30.65 31.04762 30.79167 30.20833 30.4 30.875 31 31.55172 32.125 31.23333
31.8 31.375 31 30.88 30.3 30.08 30.56522 32.16667 32.46667 32.08333 31.26667 30.90909 32.15 30.72 30.05 29.34615 28.45833 27.36 26.44828 25.08333 24 23.19048 23 22.45833 22 22 22 21.96154 22 22.20833 22.16667 22.04545 22 22 22.2 23 23 23.59259 24.22222 25.5 26.06667 26.04167 26 26 26.45 26.88 26.95 26.5 26 26.375 26.4 26 26.93103 27.8 28.1 28 28 28.36 28.55 28.43478 28.76667 28.95833 29.5 29.79167 29.875 29.9 30.05 30.6 30.7 31.05 31.76 31.05 31.4
30.81818 31 31.20833 31.86667 33.20833 33.62963 33.58333 33.3 33.08 33.3 32.79167 32.48148 32.79167 32.2 31.04167 29.2963 28.13636 27.2 26.52 25.6 24.03704 23.36 23 22.83333 22.16667 22 22 22 22 22 22 22 22.16667 22.7 23 23.06667 23.71428 24 24.08 24 24.84 25.56522 25.75 26 26.16667 26.46667 26.83333 26.90909 26.96 28.1 27.52 26.8 27.23809 27.7 27.33333 27.83333 28.125 27.66667 27.7 28.52381 28.16 28.05 28.7 28.68 28.7 29.03333 29.91667 29.68 29.93103 30.20833 30.16667 30.58333 32
27.70833 30 31.95 33.96 34.65 34.27273 34 34 34 33.91667 33.65217 33.24 32.8 32.6 31 29.75 28.56667 27.75 26.86667 26.04167 25.13636 23.88 23 23 22.9 22.66667 22.63333 22.83333 22.7 22.29167 22.52174 23 22.9 23 23.1 23.69565 24.34483 25.04167 25.66667 25.58333 24.88461 25.52 26.75 26.92 26.9 26.82609 27.48 27.70833 27.96667 28.08333 27.5 27.07692 27.69565 27.36 27.2 27.79167 28.04762 27.15 27.34483 28.5 27.96667 27.75 28.29167 28 28.08333 28 28.45 28.3 28.24 29 29.85185 31.04167 31.95833
29 29.73333 30.08333 31.33333 33.06667 34 34 34 34.5 34.03704 34 34 33.125 32.24 31.34483 30.95 29.72 28.1 27.36364 26.65385 25.91667 24.8 24.29167 23.74074 23.74074 24 23.48 23.1 23.04167 23.13043 22.95833 23.53333 24.08333 24.34483 24.32 24.27273 24.92 25.4 25.84 25.7 25.69565 25.53333 25.625 26.33333 27.125 27.33333 27.59259 27.95 28.2 28.65 28.1 27.81482 27.95833 28.13333 27.91667 27.95833 27.7 27.375 27.53846 27.8 27.6 28.08 28 28.03704 28 28 28.06897 28.125 28.6 29 30.28 30.34783 32.3
29.42857 29.90476 31.33333 32.55 33.25926 34 34.33333 34.62963 34.91667 34.14286 34 34 33.68182 32.1 31.7 31 30.06897 29.12 28.08333 27.2963 26.8 25.88 25.55 24.55 24.33333 24.33333 24.33333 24.25 24.25 24.35714 24.2 23.76 24.95 25.2 25.32143 25.33333 25.1 25 25 25.03448 25 25.12 25.55 25.76191 26.33333 26.73913 27.4 27.20833 27.62963 28.11111 28.75 28.67857 28.6 28.56522 28.45455 28.3 27.88 27.33333 27.75862 28 28.41667 28.9 28.70833 28.35714 28.05 28.05 28 28 28.04 29.13636 29.45833 29.4 30.25
29.73077 30.375 31.2 32.41667 33.44444 34.76191 35.5 35.2 34.38095 34 34 34 33.93333 32.33333 31.6 31 30.55 29.8 29.04545 28.2 27 26.04167 25.9 25.33333 25.04 25 25 25 25 25.16667 25.20833 24 24.07407 24.75 25.7037 26 25.95833 25.28572 25 25 25 25 25 25 25.16667 25.90476 26.52 27.4 27.65 27.76 27.90909 28.4 28.41667 28.54167 28.66667 28 27.83333 27.75 27.8 28.32 28.95 29.08 29 28.96 28.68966 28.29167 27.76667 28 28.03846 28.23077 29.05 29.08 29.7
