DATA/PredictorVariables/Current/prec_ver.asc
ncols         590
nrows         274
xllcorner     -7.522276026
yllcorner     35.996888128
cellsize      0.01
NODATA_value  -9999
[rows 165 to 197 of 274, columns 511 to 583 of 590]
14.69565 15 15 14.72 14 14.21429 14 12.73333 12.08333 12.85185 13 13 13 13.04167 13.93333 14.625 15 15.29167 15.48148 15.22222 15 14.78571 14.1 14 14.05 14 13.8 13.45455 13.04348 12.85 12.84 12.45 11.38461 10.65217 11.05 10.25 11.56 12.32143 11 11.16667 11.95833 12.1 12.33333 13.26667 13.91304 14.90476 16.16667 17.45 15.96 15.75 13.8 14.1 13.88 12.09524 10.73077 9.25 9 -9999 -9999 -9999 -9999 -9999 -9999 -9999 -9999 -9999 -9999 -9999 -9999 -9999 -9999 -9999 -9999
14.23333 14.70833 15 14.36667 14.16667 14.03333 13.5 12.9 12 12.12 12.85 13 13 13.35 13.76 15 15.04 15.4 15.32 15.25 15.4 15.37037 14.625 14.03333 14 14.06667 14 13.93333 13.54167 13.45833 13.03333 13.08333 12.56667 12 11.43333 10.85 10.84 10.6 11.25 11 10.3 10.88 11.25 12.72 13.14286 14.43333 14.54167 15.04167 14.53333 14.58333 14.6 12.91667 13.06667 12.25 9.966666 9.318182 8.8 -9999 -9999 -9999 -9999 -9999 -9999 -9999 -9999 -9999 -9999 -9999 -9999 -9999 -9999 -9999 -9999
13.72 14.05882 14 14.13636 14.05556 14 13.7 13.92 12.72727 12.2 12.25 12.5 13.4 13.45833 14.46667 14.45833 14.36667 15 15 15.20833 15 14.58621 15.04167 14.8 14.5 14.76 15.05 14.48 14.2 14.14286 13.70833 13.4 13.2 11.35 10.84 10.95833 10.1 9.875 9.884615 10.03571 10.08333 10.36667 10.625 11.6 11.04167 12.06667 13.6087 13.82609 13.68182 15.65 14.76 12.15 11.76 10.65 10.16 8.352942 -9999 -9999 -9999 -9999 -9999 -9999 -9999 -9999 -9999 -9999 -9999 -9999 -9999 -9999 -9999 -9999 -9999
12.2381 12.9 13.94118 14.35294 14.66667 14.76667 14.95833 15.26667 15.25 14.7 12.95833 12.42308 12.2381 13.2 13.96 14.15 14.96 15 15.08 14.8 14.64 13.75 13.3 13 13.04167 13.26667 13.54167 13.33333 14.16667 15.1 13.75 13 11.33333 10.70833 10.1 10.54167 9.833333 9.05 9.4 10.15 10 9.48 10.6 11.64 9.95 11.12 10.52381 11.7 13.04167 14.66667 14.2 12.33333 11.3 10.66667 9.481482 8 -9999 -9999 -9999 -9999 -9999 -9999 -9999 -9999 -9999 -9999 -9999 -9999 -9999 -9999 -9999 -9999 -9999
12.9 12.58333 13.2 13.25 13.95 14.24 14.3 14.08 14.9 14.72 14.3 13.71429 13.75 14.25 14.86667 15.04167 15.23333 15.45833 15.9 15.75 15.56667 14.5 13.75 13.16667 12.95833 12.6 12.90909 13.4 13.35 13.96 14.15 13.85714 13.25 12.65 12.28 12.15 11.04 8.666667 9.066667 11.125 11.88889 9.185185 9.541667 10.4 9.041667 9 10.20833 11.73333 11.91304 12.25 13.61905 13.5 12.44 10.52632 9.666667 -9999 -9999 -9999 -9999 -9999 -9999 -9999 -9999 -9999 -9999 -9999 -9999 -9999 -9999 -9999 -9999 -9999 -9999
12.5 12.66667 13.1 13.66667 14.04167 14.13333 14.58333 14.56667 15.54167 15.66667 15.45833 15.26667 16.54167 17.38461 17.70833 18.45 19.04 18.7 18.28 17.95 19.16 18.5 16.625 13.85714 13.35 13.08 12.40909 12.53333 12.20833 12.03333 11.875 11.13333 10.70833 10.70833 10.46667 10.41667 8.866667 8.166667 9.233334 9.619047 9.8 8.75 9.3 9.4 8.55 8.8 9.55 10 10.38095 11.53333 12.66667 12.88 11.06897 9.142858 -9999 -9999 -9999 -9999 -9999 -9999 -9999 -9999 -9999 -9999 -9999 -9999 -9999 -9999 -9999 -9999 -9999 -9999 -9999
12.56 13.5 14.24 14.7 15.6087 15.59091 15.7 16.92 18.15 17.76 17.75 17.4 19.3 20.48 20.70833 21.625 20.86667 20.5 19.9 18.875 19.5 18.08333 15.2 14.875 14.70833 14 13.58333 13.06667 13.04348 12.2 12.1 10.8 10.2 10 9.75 9 8.16 7.55 7.72 7.782609 7.9 7.291667 7.821429 8.961538 9.291667 11.13333 11.41667 10.66667 10.29167 10.63333 10.36364 10.6 9.9 9.1 -9999 -9999 -9999 -9999 -9999 -9999 -9999 -9999 -9999 -9999 -9999 -9999 -9999 -9999 -9999 -9999 -9999 -9999 -9999
14.63333 16.125 16.6 16.5 17.86667 18.41667 17.70833 18.7 20.91667 20.66667 21.16667 21.43333 22.5 22.13333 21.79167 21.70833 20.62069 19.45 19 18.3 17.28 16.4 15.8 15.05 15.08696 14.40909 13.95 13.32 12.95238 12.2 11.91667 10.73333 10.08333 9.833333 9.208333 9 8.566667 7.75 7.3 7.083333 7.066667 7.047619 7.72 9 9.5 11.08 10.95 10.76 10.05 10.76 10.72727 10.83333 10.42105 9.6 -9999 -9999 -9999 -9999 -9999 -9999 -9999 -9999 -9999 -9999 -9999 -9999 -9999 -9999 -9999 -9999 -9999 -9999 -9999
18.13333 18.875 19.55172 18.95 20.08 21.9 21.5 21.32 22.95 24.24 24.65 24.24 22.65 21 20.3 21.75 20.90909 20.5 19.76667 18.70833 17.86667 17.20833 17.16667 15.95833 14.93333 14.5 14.04167 13.33333 12.58333 11.96667 11.79167 10.88 10 10 9.6 9.047619 8.708333 8.15 7.76 7.6 7.04 7.086957 8.066667 8.875 9.066667 9.833333 10.29167 10.36667 10.875 11.66667 11 10.53333 9 -9999 -9999 -9999 -9999 -9999 -9999 -9999 -9999 -9999 -9999 -9999 -9999 -9999 -9999 -9999 -9999 -9999 -9999 -9999 -9999
21 23.15 24.34615 23.33333 24.23333 25.04167 24.27586 23.72 24.16667 24.7 24.04167 24.1 21.20833 19.76667 19.45833 21.66667 21.45833 21.58333 20.53333 19.27273 18.44 18.3 16.52 15.7 13.88 12.95 12.26087 11.81818 11.15 11 11.25 10.06667 9.708333 9.9 10 9.266666 9.291667 9.166667 8.833333 8.5 8.2 8 8.1 9.047619 9.08 9.75 11 10.91667 10.85 11.12 10.55 9.5 -9999 -9999 -9999 -9999 -9999 -9999 -9999 -9999 -9999 -9999 -9999 -9999 -9999 -9999 -9999 -9999 -9999 -9999 -9999 -9999 -9999
23.13333 23.375 23.86667 25.20833 24 25.29167 23.36 22.85 23.75 23.76 20.85 20.88 22.15 20.68 19.05 19.52 21.45 21.13043 19.95455 17.04545 17.33333 17.66667 16.53333 15.08333 13.63333 13 12 11.16667 11 10.83333 9.416667 9 9 9 8.95 9.32 10 10 9.909091 9.95 10 9.75 9.12 8.521739 9.133333 10.04167 10.03333 10.125 9.666667 9.633333 9.25 8.5 -9999 -9999 -9999 -9999 -9999 -9999 -9999 -9999 -9999 -9999 -9999 -9999 -9999 -9999 -9999 -9999 -9999 -9999 -9999 -9999 -9999
20.08 19.75 21.08 20.85 21 23.05 21.73333 22.41667 22.52 21.24138 18.16667 17.93333 20.08333 20.56667 18.375 17.6 18.20833 17.63333 18.875 16.83333 15.16667 15.08333 15.2 14.15 13.16 12.3 11.44 11 11 10.5 9.65 9 9 9 9 9 9.125 9.766666 10.04167 10.125 10.06667 9.541667 8.033334 8 8.166667 8.523809 8.84 8.8 8.708333 8.571428 7.95 7.714286 -9999 -9999 -9999 -9999 -9999 -9999 -9999 -9999 -9999 -9999 -9999 -9999 -9999 -9999 -9999 -9999 -9999 -9999 -9999 -9999 -9999
17.5 16.79167 17.53333 19 20.5 21.95833 19.63333 21.625 21.48276 21.6 20.4 17.04 16.3 16.96 15.7 14.64 16.35 15.28 15.1 14.45455 13.17391 12.95 13.63333 13.04167 12.36667 11.41667 11 11 10.7 10.08333 10 9.8 9.75 9.433333 9.125 9 9 9.08 9.8 9.833333 9.714286 8.6 8 8 7.64 7.217391 6.966667 7 7 6 5.88 5.636364 -9999 -9999 -9999 -9999 -9999 -9999 -9999 -9999 -9999 -9999 -9999 -9999 -9999 -9999 -9999 -9999 -9999 -9999 -9999 -9999 -9999
15.22727 15.35 16.64 18.6 19.84 19.6 18.36 19.1 18.76923 19.375 19 16.56667 14.45833 13.5 14.33333 13.43333 13.41667 13.03333 13.125 13.33333 12.58333 12.25 12.13333 11.875 11.11111 11 11 10.65 10.04 10 10 10 10 10 10 9.571428 9.208333 9.066667 9 9 8.625 8.56 8 7.75 7.066667 6.333333 5.966667 5.95 6 6 6.04 5.571429 -9999 -9999 -9999 -9999 -9999 -9999 -9999 -9999 -9999 -9999 -9999 -9999 -9999 -9999 -9999 -9999 -9999 -9999 -9999 -9999 -9999
14.83333 14.83333 14.8 15.375 16.63333 16.58333 17.3 17.08333 16.93333 14.91667 15.13793 14.33333 13.5 12.68 12.9 12.64 12.45 12.32 12.15 12 12 11.90476 11.625 11.1 11 10.75 10.2 10 10 10 10 10 10 10 10 10 9.458333 9 9 8.96 8.25 7.92 7.4 7.25 7.08 6 5.64 5.2 5.727273 5.818182 6.476191 -9999 -9999 -9999 -9999 -9999 -9999 -9999 -9999 -9999 -9999 -9999 -9999 -9999 -9999 -9999 -9999 -9999 -9999 -9999 -9999 -9999 -9999
14.05 14.25 14.12 14.2 14.76 14.8 15 15.1 15.36 13.15 12.56 12.61905 12.45833 12.06667 11.04167 11.3 11.95833 11.8 11.625 11.66667 11.25 11.03333 11 11 10.76667 10.04167 10 10 10 10 10 10 10 10 10 10 10 9.407408 9.5 9.633333 9.458333 7.933333 6.291667 6.925926 6.555555 5.583333 5.5 -9999 -9999 -9999 -9999 -9999 -9999 -9999 -9999 -9999 -9999 -9999 -9999 -9999 -9999 -9999 -9999 -9999 -9999 -9999 -9999 -9999 -9999 -9999 -9999 -9999 -9999
14 13.96552 14.04 14.125 14.2 14.29167 14.2 13.33333 12.06667 11.5 10.8 11.45833 11.62963 11.62963 10.43478 10.04 10.2 10.44 10.6 10.84 11 11 10.7 10.52381 10.20833 10 10 10 10 10 10 10.04167 10.43333 10.125 10 10 10.25 10.1 9.625 10 9.35 8.52 7.8 7.04 6.55 6 -9999 -9999 -9999 -9999 -9999 -9999 -9999 -9999 -9999 -9999 -9999 -9999 -9999 -9999 -9999 -9999 -9999 -9999 -9999 -9999 -9999 -9999 -9999 -9999 -9999 -9999 -9999
13.2 13.84 14 14 14 13.8 13.16 11.25 10.76 10.45 9.88 10 10.6 10.9 10.28571 9.666667 9.583333 9.533334 9.208333 9.366667 9.416667 9.5 9.708333 9.966666 10 10 10 10 10 10 10.24 10.95 11 10.15 10 10 10 10.2 9.4 8.888889 7.791667 8.533334 8.916667 7.7 7.434783 5.714286 -9999 -9999 -9999 -9999 -9999 -9999 -9999 -9999 -9999 -9999 -9999 -9999 -9999 -9999 -9999 -9999 -9999 -9999 -9999 -9999 -9999 -9999 -9999 -9999 -9999 -9999 -9999
13 13.13333 13.45833 13.46154 13.25 12.95833 11.9 10.625 9.733334 9.333333 8.9 9 9.066667 9 8.884615 8.428572 8.541667 8.888889 8.95 9 9 9 9 9.12 9.7 9.954545 10 10 10 10.54167 10.96667 10.83333 10.6 11 10.83333 10.58333 9.592592 9.259259 9.5 8.066667 7.208333 7.107143 7.529412 6.142857 6.909091 -9999 -9999 -9999 -9999 -9999 -9999 -9999 -9999 -9999 -9999 -9999 -9999 -9999 -9999 -9999 -9999 -9999 -9999 -9999 -9999 -9999 -9999 -9999 -9999 -9999 -9999 -9999 -9999
13 13 13 13 12.65 12.1 10.44 9.45 8.64 8.5 8.08 8.1 7.96 8.05 8 7.3 7 7.357143 8 8.1 8.083333 8.133333 8.166667 8.366667 8.875 9.466666 10 10.20833 10.83333 10.79167 10.26667 10 10.04 10.3 10.2 10.2 9.92 9.55 8.5 7.24 6.55 6.346154 5 -9999 -9999 -9999 -9999 -9999 -9999 -9999 -9999 -9999 -9999 -9999 -9999 -9999 -9999 -9999 -9999 -9999 -9999 -9999 -9999 -9999 -9999 -9999 -9999 -9999 -9999 -9999 -9999 -9999 -9999
12.25 11.92 11.6 11.65517 11.375 9.958333 9.2 8.458333 7.7 7 6.966667 6.875 6.6 7.125 7 6.375 6.384615 6.607143 7 7.551724 7.95 8 8 8 8.95 9.56 10.4 11 10.54545 10 10 10 10 10.125 10.33333 10.125 10.03333 8.833333 7.551724 6.84 6.083333 5 -9999 -9999 -9999 -9999 -9999 -9999 -9999 -9999 -9999 -9999 -9999 -9999 -9999 -9999 -9999 -9999 -9999 -9999 -9999 -9999 -9999 -9999 -9999 -9999 -9999 -9999 -9999 -9999 -9999 -9999 -9999
11.08333 11 11 10.63333 9.333333 8.172414 7.363636 6.45 6.08 5.4 5.4 5.2 5.72 5.65 5.92 6 6 6 6 6.076923 7.055555 7.5 8 8.266666 9.041667 9.833333 9.375 9.166667 9.041667 8.625 8.9 9.541667 9.633333 9.318182 9.2 9.8 8.72 8.75 7.16 6.75 6.428571 6 -9999 -9999 -9999 -9999 -9999 -9999 -9999 -9999 -9999 -9999 -9999 -9999 -9999 -9999 -9999 -9999 -9999 -9999 -9999 -9999 -9999 -9999 -9999 -9999 -9999 -9999 -9999 -9999 -9999 -9999 -9999
11 10.88 10.3 9.24 8.3 7.4 6.304348 4.791667 4.2 4.125 4.466667 4.75 4.966667 5 5.266667 5.208333 5.133333 5.666667 6 6 6 7.566667 8 8.72 8.65 8.28 8 8 8 8 9 8.05 8.96 9.681818 9.2 9.791667 7.633333 7.416667 6.766667 6.625 6.26087 7 -9999 -9999 -9999 -9999 -9999 -9999 -9999 -9999 -9999 -9999 -9999 -9999 -9999 -9999 -9999 -9999 -9999 -9999 -9999 -9999 -9999 -9999 -9999 -9999 -9999 -9999 -9999 -9999 -9999 -9999 -9999
10.25 9.9 9.041667 8.533334 7.8 6.678571 5 3.964286 3.423077 3.181818 3.2 3.2 3.72 4.75 4.76 5 5 5.55 5.92 6 6 7.08 8 7.966667 8 7.933333 8 8 8 8 8.875 9.807693 10.17857 10.25 9.166667 8.565217 7.4 6.7 6.08 6.3 6.76 6.428571 -9999 -9999 -9999 -9999 -9999 -9999 -9999 -9999 -9999 -9999 -9999 -9999 -9999 -9999 -9999 -9999 -9999 -9999 -9999 -9999 -9999 -9999 -9999 -9999 -9999 -9999 -9999 -9999 -9999 -9999 -9999
10 9.636364 9 8.5 -9999 5.6 4.181818 3.6 3 3 3 3 3 3.166667 3.1 4.208333 5 5 5.166667 5.583333 6 6.611111 7.125 7.2 7.208333 7.44 7.6 7.56 8.45 8.88 9.4 9.72 10.5 11.05 10.68 10.09524 7.433333 6.208333 6.5 6.416667 6.6 -9999 -9999 -9999 -9999 -9999 -9999 -9999 -9999 -9999 -9999 -9999 -9999 -9999 -9999 -9999 -9999 -9999 -9999 -9999 -9999 -9999 -9999 -9999 -9999 -9999 -9999 -9999 -9999 -9999 -9999 -9999 -9999
-9999 -9999 -9999 -9999 -9999 -9999 -9999 -9999 -9999 3 3 3 3 3 3 4.1 5 5 5 5 5.75 6.588235 7.15 7.12 7 7 7.041667 7.866667 8.916667 9.133333 9.5 9.3 10.16667 10.82143 9.5 9.541667 7.266667 6.238095 6.5 -9999 -9999 -9999 -9999 -9999 -9999 -9999 -9999 -9999 -9999 -9999 -9999 -9999 -9999 -9999 -9999 -9999 -9999 -9999 -9999 -9999 -9999 -9999 -9999 -9999 -9999 -9999 -9999 -9999 -9999 -9999 -9999 -9999 -9999
-9999 -9999 -9999 -9999 -9999 -9999 -9999 -9999 -9999 -9999 -9999 3 3 3 3 3 4.137931 4.916667 5 5 5.517241 6.5 7 7 7 7 7.5 8.461538 9 9.64 9.6 8.48 10.15 8.88 6.35 5.809524 5.75 6 -9999 -9999 -9999 -9999 -9999 -9999 -9999 -9999 -9999 -9999 -9999 -9999 -9999 -9999 -9999 -9999 -9999 -9999 -9999 -9999 -9999 -9999 -9999 -9999 -9999 -9999 -9999 -9999 -9999 -9999 -9999 -9999 -9999 -9999 -9999
-9999 -9999 -9999 -9999 -9999 -9999 -9999 -9999 -9999 -9999 -9999 -9999 -9999 3 3 3 3 4.8 5 5 5.88 6.2 7 7 7 7.16 8.15 8.172414 8.166667 9.433333 9.833333 7.6 7.125 6.866667 5.291667 5.083333 -9999 -9999 -9999 -9999 -9999 -9999 -9999 -9999 -9999 -9999 -9999 -9999 -9999 -9999 -9999 -9999 -9999 -9999 -9999 -9999 -9999 -9999 -9999 -9999 -9999 -9999 -9999 -9999 -9999 -9999 -9999 -9999 -9999 -9999 -9999 -9999 -9999
-9999 -9999 -9999 -9999 -9999 -9999 -9999 -9999 -9999 -9999 -9999 -9999 -9999 -9999 3 3 4.6 4.958333 5 5 5.233333 5.791667 7 7 7.2 8.583333 8.666667 8 8 7.740741 7.55 7.16 6.85 6.2 5.8 6 -9999 -9999 -9999 -9999 -9999 -9999 -9999 -9999 -9999 -9999 -9999 -9999 -9999 -9999 -9999 -9999 -9999 -9999 -9999 -9999 -9999 -9999 -9999 -9999 -9999 -9999 -9999 -9999 -9999 -9999 -9999 -9999 -9999 -9999 -9999 -9999 -9999
-9999 -9999 -9999 -9999 -9999 -9999 -9999 -9999 -9999 -9999 -9999 -9999 -9999 -9999 -9999 3 4.44 5 5 5 5 5.95 6.84 7.05 7.72 9 9 8.434783 8 7.214286 7 7.1 7.458333 7.8 6.833333 -9999 -9999 -9999 -9999 -9999 -9999 -9999 -9999 -9999 -9999 -9999 -9999 -9999 -9999 -9999 -9999 -9999 -9999 -9999 -9999 -9999 -9999 -9999 -9999 -9999 -9999 -9999 -9999 -9999 -9999 -9999 -9999 -9999 -9999 -9999 -9999 -9999 -9999
-9999 -9999 -9999 -9999 -9999 -9999 -9999 -9999 -9999 -9999 -9999 -9999 -9999 -9999 -9999 -9999 4.666667 5 5 5 5.033333 6 6.466667 7.625 8.5 8.625 10.73333 9.666667 8.666667 6.733333 6.125 7.206897 9.75 9.28 6.85 6 -9999 -9999 -9999 -9999 -9999 -9999 -9999 -9999 -9999 -9999 -9999 -9999 -9999 -9999 -9999 -9999 -9999 -9999 -9999 -9999 -9999 -9999 -9999 -9999 -9999 -9999 -9999 -9999 -9999 -9999 -9999 -9999 -9999 -9999 -9999 -9999 -9999
-9999 -9999 -9999 -9999 -9999 -9999 -9999 -9999 -9999 -9999 -9999 -9999 -9999 -9999 -9999 -9999 -9999 5 5 5 5.346154 6 6.52 8.25 9.08 9.75 10.92 9.7 7.32 6.35 6 6.307693 7.083333 6.363636 6 -9999 -9999 -9999 -9999 -9999 -9999 -9999 -9999 -9999 -9999 -9999 -9999 -9999 -9999 -9999 -9999 -9999 -9999 -9999 -9999 -9999 -9999 -9999 -9999 -9999 -9999 -9999 -9999 -9999 -9999 -9999 -9999 -9999 -9999 -9999 -9999 -9999 -9999
-9999 -9999 -9999 -9999 -9999 -9999 -9999 -9999 -9999 -9999 -9999 -9999 -9999 -9999 -9999 -9999 -9999 -9999 -9999 4 5.333333 6.666667 7.7 7.458333 8.566667 9.583333 8.9 7.208333 6.533333 6.458333 5.928571 6.2 6 -9999 -9999 -9999 -9999 -9999 -9999 -9999 -9999 -9999 -9999 -9999 -9999 -9999 -9999 -9999 -9999 -9999 -9999 -9999 -9999 -9999 -9999 -9999 -9999 -9999 -9999 -9999 -9999 -9999 -9999 -9999 -9999 -9999 -9999 -9999 -9999 -9999 -9999 -9999 -9999
