DATA/PredictorVariables/Current/prec_ver.asc
ncols         590
nrows         274
xllcorner     -7.522276026
yllcorner     35.996888128
cellsize      0.01
NODATA_value  -9999
[rows 165 to 197 of 274, columns 292 to 364 of 590]
16.68182 17.16 18 18.96 19.35 20.05 20.92308 21.875 22 22.70833 23.5 23.66667 23 22.95833 23.40909 23.84 23.05 23.92 24.1 26.6 27.6 28.14286 27.29167 27.75 29.23333 30.33333 30.66667 30.08333 30.83333 32.125 33.36 34.8 35.9 37.04 39.45 39.08 36 38.85185 41.70833 42.66667 43 45.25 46.93333 48 48.63334 47.83333 47 46.6087 46.96 46.15 45.85 46.6 45.4 42.68 41 37.72 37.31818 38.96667 40.125 39.375 37.8 35.79167 36.3 37.875 37.9 37.16667 34.56667 32.08333 32.82609 31.52 30 28.12 27.05
17.08333 17.83333 18 18.19231 19.14286 19.75 21.03448 22 22 22.6 23.64 25.25 23 23.88889 24.91667 25 23.66667 24 25 26.5 28.5 28.04348 27.20833 27.9 28.8 29.8 30.2 30.1 30.53572 31.875 33.5 34.78571 36.95833 40.63334 41.375 38.36666 36 38.42857 43.5 44.18182 43.3913 45.15 45.68 47.2 47.24 47.4 47.2 46.95833 46.33333 46.14815 46.58333 45.9 44.08333 42 38.75 36.96667 38.68182 40.17391 39.31818 38.25 36.84 35.45 35.84 37.1 38 37.95 34.96 33.22222 31.75 31.3 29.83333 29.13333 27.58333
17.75 18 18.04348 18.85 19 19.5 20.13333 21.91667 22 22 22.37037 23.2963 23.95833 24.61539 26.65 25.96 24.9 24.8 26.55 27.29167 27.61539 27.95833 28.1 27.45833 28.1 29.125 30.13333 29.83333 30.5 31.85714 33.5 35.6 39.85 43.4 42.55 38.2 36 37.96552 43.6 45.25 45.13334 45.54167 45.46667 46.08333 46.16667 46.375 46.04 45.4 45.15 44.84 44.45 44.16 43.5 41.92 40 38 38.41667 39.79167 39.86666 38.66667 36.56667 36.08333 34.36666 35.58333 36.96667 37.25 35.90909 33.72 31.9 30.96 28.75 29 28.65
18 18.16667 18.7 19 19 19.09091 19.96 21.1 22 22 22.65 24.26923 25.58333 26.33333 26.79167 26.4 25.70833 27.1 27.79167 27.45833 27.4 27.5 27.12 27.7 28.28 30.25 29.34615 28.95833 30.04167 30.7 33.04167 35.43333 38.20833 39.86666 38.29167 36.26667 36.75 38.5 43.8 46.4 46.96 46.8 47.12 46.15 46.41379 45.91667 45.72 45.41379 45.04167 44.16667 43.33333 42.56667 42.20833 41.56667 40.3913 39.18182 40 40 39.88 38.3 37.8 36.4 33.68 33.9 34.76923 36.48148 36.54167 34.36666 31.91667 31.8 31.08333 29.83333 29.95833
18.88 19 18.76 18.25 18.2069 18.58333 19.46667 20.16667 21.75 22.73333 23.625 24.68966 26.1 26.88 26.95 27.68 25.25 27.45 27.33333 27.33333 26.86667 26.33333 26.5 27.25 28.4 29.45833 29.32 28.20833 28.65 30.32 32.3 34.4 36.05 36.76 36.95454 36.25926 37.11111 39.83333 41.96667 45.70833 46.7 46.04167 46.13334 45.95833 46.32 45.33333 45.3 44.76 45.1 44.28 42.4 41.04 40.61905 39.9 38.41667 38.95833 39.33333 39.5 38.63334 37.83333 37.4 34.875 33.63334 33.58333 34.14286 35.52 36.35 34.48 31.6 31.56 31.4 31.6 30.45
20.6 19.25 18.16667 18 18.07692 18 18.8 20 21.8 24.32 25.59091 26.2 27 27.26667 27.33333 27.65385 26.53572 26.33333 26.5 26.1 25.56 25.25 25.4 26.65 28 27.58333 27.75 27.9 28 30.43333 31.95833 34.53333 37.375 40.13334 39.13636 38.1 38.24 38.3 40.48 44.4 46.64 46.55 46.5 45.83333 45 45.23333 46.04167 44.93333 45.29167 45 41.66667 39.76667 39.26087 39.15 39.2 38.6 38.76 37.45 36.2 35.45 35.28 33.95 33.30769 33.11111 34.375 35.13334 35.66667 33.7 31.54167 31.83333 32.75 31.66667 31.95833
22.24 20.3 18.96154 19.91667 20.16 19.06897 19.83333 20.5 23.29167 25.3 26.13636 27.24 27.85 28.17391 29.09091 28.7 28.16 25.54167 24.93333 25.125 24.7 24.29167 24.48276 25.16 25.875 26.75 27.5 28 28.45 30.8 33.3 39.12 44.85714 46.91667 43.83333 41.29167 41.9 40.08333 41.86666 43.91667 44.86666 45.70833 45.56522 45.25 44.7 43.44 43.5 44.64 44.4 44.08 41.9 39.92857 39.76923 39.625 38.3 37.16667 36.63334 35.91667 35.63334 34.54167 33.46667 32.95833 32.19048 33.12 34.2 34.16 34.9 33.52 31.8 31.96 33.25 32.05 31.42308
21.7 21.70833 22.08 22.625 20.9 21.08 21.45 21.76 23.9 25.68966 27.375 28.5 29.07692 29.45833 30.23333 29.375 27.9 26 24.36 23.6 22.96 23.25 23.35 22.76 22.66667 25.16667 27.70833 29.06667 31.08333 35.7 39.16667 43.88462 48.55556 49.95 48.44 45.85 45.12 43.95 43.96 44.05 43.96154 43.84 43.45833 44.26667 43.375 42.6 41.125 43.33333 42.08333 41.6 41.20833 40.05 39.2 38.45 37.8 36.4 35.72 35 35.32 34.2 34.24 32.42857 31.33333 32.56667 33.5 33.9 34.5 33.86666 32.875 31.66667 31.83333 31.54167 30.17241
21.40909 21.88 22.41667 22.13333 20.95833 20.96667 21.875 22.53333 24.29167 26.52 28.38095 29.1 30.08 30.55 31.08 30.19048 29.3 28.91667 27.2 24.54167 22.56 22.51724 22.125 21.06667 22.25 23.48 26.55 29.92 34.6 40.70833 44.04762 48.26087 48.13334 48.70833 48.9 48.58333 47.26667 45.91667 45.16667 45.20833 43.6087 42.76 41.45 41 41 40.44 39.25 41.72 41.3 38.84 38.53571 38.83333 38.16667 38.08333 37.83333 37.29167 36.5 35.83333 35.16667 34.58333 33.85714 31.92 31.35 31.96 32.95 33.6 34.35 34.96 33.65 32.05 29.57143 29.70833 29.36667
22.20833 22.39286 22.4 22.12 22 21.92 22.65 24.07407 24.95833 27.04167 28.33333 30.20833 31.26667 31.70833 31.1 30.65217 31.36 30.35 28.36364 25.30435 22.9 21.84 21.72727 21.16667 21.875 23.43333 25.83333 30.36667 35.5 41.79167 46.46667 47.71429 48 49.55 49.52 49.4 48.52 46.6 46.45454 46.2963 43.75 41.96667 40.58333 38.36666 37.79167 37.13334 36.95833 38.4 38.125 37.80952 37.96 38.5 38.6 38 37.6 37 36.48 36.3 35.13044 34.46667 33.25 31.16667 30.54167 30.83333 32.41667 33.13334 33.45833 34.17241 34.08 32.29167 29.66667 29 28.96
23.82609 24.13333 24.08333 24.8 25.5 25.63333 26.5 27.26087 29.56 29.8 30.32 33.8 35.8 35.5 33.68966 32.25 29.89286 27.84615 26.5 24.4 23.20833 22.86667 23.86364 25.48 25.7 26.68 26.85 30.5 36.36 42.04762 43.7 45.25 46.56667 48.45833 50.83333 52.54167 50.35714 47.03846 44.95833 46.15385 45.15 43.92 41.15 38.16 37.1 36.16 36.55 35.73913 35.33333 35.5 37.4 39.45833 40.43333 39.625 38.76667 37.58333 36.34483 35.6 34.90476 34 32.7 29.76 29.4 29.92 30.1 31.64 33 33 32.72414 31.375 29.3 29 29.03333
29.47619 31.48 28.5 28.32 30.2 31.38095 31.22222 30.95833 33.83333 34.58333 32.66667 32.66667 34.2 36.16667 36.08 32.33333 28.15 26.08 25.05 23.4 23.25 26.16667 27.16667 29.5 29.95833 29.76923 31.82143 33.54167 35.36666 35.82609 37.56 40.75 43.4 46.15 46.72 48.65 49.45 48.10714 43.5 41.06667 38.70833 39.5 40.25 37.06667 36 36.25926 35.25926 34.52381 34.24 34.7 35.2 37.3 39.32 39.25 39 37.7 36.34783 35.43333 34.08333 33.63334 32 29.93333 29.29167 29.26667 29.75 30.21428 31.34615 32.04167 31.61539 30.55 29.44 28.75 28.2
28.08333 28.26667 28.33333 29.38461 32.14286 33.58333 33.51852 32.45 32 30.3 30.96 30.3 31.68 31.52 31.08333 27.4 25.33333 26.06667 25.375 26.1 26.83333 28.92 28.85 30.78261 29.13636 29.2 29.08 30.1 30.34483 31.25 32.96667 34.625 39.53333 43.04167 40.68 39.96552 41.625 42.03704 38.85 33.68 31.25 31.52 34 37.84 37.55 37.40909 35.63334 34.20833 34.06667 34.25 35.1 35.83333 37.2 37.625 37.88889 36.66667 35.19048 33.68 32.8 32.16 31 30.28 30.55 28.48 28.2 28.6 29.58621 30.70833 30.63333 29.75 29.26667 28.41667 28.56667
30.1 28.90476 28.33333 30.85 32.56 31.79167 30.86667 29.45833 28.63333 28.375 27.63333 27.5 27.95833 27.56 28 25.4 22.7 23.48 24.75 26.44444 28.83333 28.75 27.46154 27.66667 26.53333 26.54167 26.56667 27.25 27 27.6 27.96 28.85 31.59091 33.3913 33.65 32.84615 33.41667 32.56667 30.20833 27.53333 26.875 27.96667 30.75 34.29167 37.2 39.5 38.96 35.95 34.6 36.95 37.08 36.55 38.16 38.15 37.90909 36.8 34.91667 32.16667 30.66667 30.43333 29.70833 29.96667 29.125 28.77778 28.07407 28.125 28.84615 29.25 29.84 29.15 28.68 28.45 28.36
29.85714 28.70833 26.43333 28.33333 28.76667 28.3 27.92 27.1 24.92 24.65 25 26.66667 28.04167 28 26.41667 24 22.41667 22.8 22.91667 23.96428 25.1 25.6 25.08 24.55 24.6 23.4 24.11111 24.79167 25.1 24.58333 25 25.46154 26.54167 27.36667 27.70833 27.65517 27.35 26.16 24.65 23.12 24 25.63636 27.82609 31.4 35.1 39.91667 40.76667 37.04167 35.66667 36.20833 37.13334 38.33333 40.20833 40.9 40.5 38.08 35.35 32.12 30.65 29.48 29.05 29.24 29.1 28.7 28.23333 28.16667 28.76667 29 28.5 28.58333 28.76667 29.125 28.17241
26.64 26.3 25.84 26.38095 26.13333 25.70833 25.4 25.29167 23.52 24.06897 26.29167 27.28572 27.5 27.8 24.75 22.8 22.7 22.4 22.91667 23.45833 23.76667 23.70833 23.4 22.70833 23 22.25 21.14286 21.05 22.12 22.2 22.75 23.2 23.25 24.04 24.65217 25.96667 26.83333 24.33333 21.125 21.53572 22.65385 23.54167 24.73333 28.625 35.4 43.45 48.8 47.65 45.68 42.3 43.22727 44.43478 44.77273 44.46667 45.5 42.03333 37.375 33.63334 31.25 30.13333 29.41667 29.36 28.93103 28.66667 28.52 29 29.28 29.4 28.8 28.2 28.96 28.8 28.1
24.7 25.08333 25.36667 25.30435 25.12 25.25 24.71428 24.125 23.9 25.04 25.26087 25.33333 25.08333 25.4 25.29167 23.13333 22.79167 23.56 23.32 23.15 22.92 23.4 22.44 22.5 22.56 21.45833 21.7 20.95833 20.95833 21.7 22.04167 22.26667 22.66667 23.03333 22.80952 24.56 24.8 23.76 20.5 20.05 20.36 21.15 22.17241 26.83333 36.6 45.91667 50 49.08333 47.58621 45.84 45.25 44.7 45.09091 48.12 48.5 46.12 42.35 38.08 35.25 32.375 30.33333 29.65 30.13333 29.83333 30.13333 29.95833 33.16667 33.08333 31.56667 30.125 29.28572 28.26923 28.5
24.24 25.2 26.2963 26.41667 24.92 24.89655 24.33333 23.8 23.83333 24.4 24.80952 25.04 23.85 23.56 23.35 22.61905 22.4 22.79167 23.13333 22.70833 22.56667 22.29167 22 22.04167 21.56667 21.7 22.05 20.76 20.55 21.76 22.25 21.88 22.95455 22.93333 22.125 22.7 23 23 22.3 20.45833 19.63333 19.95833 22.07692 27.6 36.16 43.95 47.72 46.7 45.95 47.32 48.04762 48.1 48.45833 49.36666 50.25 48.66667 46.54167 42.03333 37.625 34.5 31.8 31.91667 32.44 33.35 34.72 32.65 34.6 36.15 35.24 33.3 30.7 28.96 30.04348
24.1 24.29167 24.58333 26.125 25.1 24.48 23.7 23.16 23.52381 23.43333 23.5 24.13333 23.66667 23.03846 22.89286 22.125 22.68966 22.45 22.24 22.35 22.2 22 22 21.85714 21.30769 21.39286 21.70833 22 22.66667 23.46667 23.25 21.93333 22.45455 21.72 21.5 21.90476 20.95833 21.65 23.04 22.8 22.10714 21.79167 23.33333 27.75 33.06667 38.79167 42.26923 42.96429 43.875 45.33333 48 49 49 49.04 48.7 47.48 45.5 42.59091 40.6087 38.6 35.03333 35.16667 35.2 37.45833 36.36666 34.41667 37.13334 38.66667 36.73077 34.82143 31.54167 31.2 31.66667
23.52381 23.7037 24.66667 25.46667 24.83333 24.43333 23.41667 23.5 22.91304 22.88 23.1 24 25.04167 23.7 24.96 24.45455 24.3 23.20833 22.26667 23.5 23.9 23.83333 23.62963 23.23077 23.3 23.32 22.8 21.92 23.25 24.56 23.05 21.53333 21.08333 20.18518 20.03704 19.66667 19.56667 20.58333 21.8 23.16667 22.88889 23.6 24.32 26.4 29.04348 31.04545 33.95 37.32 38.52381 38.43333 39.08333 40.33333 41.95833 42.06667 42.29167 38.48276 38.24 35.95833 36.4 37 37.12 36.6 36.6 37.45 36.88 36.2 37.96 38.75 37.5 33.68 32.41667 34.8 32.375
23.125 23.62963 24.4 25.8 25.55 25 24.2 23.32143 22.625 23.03846 22.71428 23.79167 23.66667 23.375 25.46667 26.45455 23.24 21.9 22.72 25.4 25.56522 26.59091 27.30435 26.16667 26.33333 25.5 24.875 23.56667 22.70833 23.9 23.375 21.29167 19.14286 18.8 18.12 18.25 17.56 18.25 19.38461 22.375 22.76667 23.79167 24.1 23.95833 24.70833 24.9 26.91667 29.26667 30.95652 30.68 32 34.48 37 37.76 35.35 34.65 33.32 31.85 32.76667 33.375 33.16667 32.75 32.06667 31.58333 33.4 33.625 33.33333 35.46667 35.45833 34.13334 33.6 34.12 31.7
24.29167 25.3 25.79167 25.66667 25.95833 25.9 24.625 23.86957 22.95833 23.15 22.96 24.9 24.2 25.2 26.4 24.91667 23.03333 23.29167 24.71428 28.07692 28.70833 29.8 29.61905 28.96 27.8 27.84 25.35 24.16 22.85 22.81482 22.08 22.5 20.06667 18.08333 17.26667 16.70833 17.03333 17.91667 19.10345 22.4 23.8 23.65 23.65 23.6 24 23.32 23.7 23.86667 24.79167 26.66667 27.95833 29.5 30.79167 31.34615 30.39286 30.04167 29.56667 27.75 28.52 29 30.2 28.35 28.44 28.05 28.6087 28.31818 29.85 31.84615 34.95833 35.56667 35.5 35.93333 32.70833
25.2 24.8 24.9 24.64 24 23.57143 23.60714 23.625 23.26667 23.45833 23 26.29167 25.6 26.16667 25.8 24.1 22.95652 24.81818 26.4 28.52 29.33333 31.5 31.45833 30.9 29.41667 29.16667 26.58333 24.63333 22.91667 22 20.32 19.05 17.76 16.9 16.92 17.6 17.56 16.33333 17.53333 19.54167 23 24.57143 24.75 24 23.91667 23.03333 20.95833 21.36 22.6 23.72 25.75 26.86957 27.5 29.3 27.92 27.5 25.6 25.58333 25.96667 27 27.03333 26 27.3 26.41667 28 30.4 30.79167 30.10345 29.25 30.56 32.15 31.16 32.1
24.5 23.9 24.33333 24.61539 24.35714 23.79167 22.92308 22.05 22.92 23.45 24.36 25.1 25.33333 26.29167 23.89286 23.19231 23.66667 24.53333 25.45833 26.96667 30.26087 31.24 31.15 30.76 31 29.28 26.65 25.55 25.33333 23.41667 20.06667 18.91667 19.7 18.125 19.7 20.41667 19.36667 17.45 18.72727 18.82609 20.6 22.16 23.7 24.32 22.65 21.51724 20.83333 19.86667 21.58333 22.1 23.375 25 24.93333 24.54167 23.76667 23.54167 23.6 24 25.48 25.7 25.08 24 25.38095 25.58333 26.6 27.92308 26.20833 26 26.08333 28.03333 27.29167 27.06667 31.04167
23.05 24.66667 26 25.3 24.38461 23.875 22.5 21.75 22.53333 24.04167 23.9 23.75 24.53846 25.68182 23.9 22.16 23.95 26.4 27.25 28.32143 30.41667 30.9 29.125 28.4 30.25 30.28 28.48276 27.45833 24.92 22.35 20.24 19.4 20.08 19.2 18.72 18.68182 17.21428 16.73077 17.70833 18.4 19.04167 19.46667 20.54167 22.23333 23.375 23.23077 21.65 19.56 21 21.35 21.92 22.3 21.88 21.9 21.93103 21.83333 22.53333 23.16667 24.36667 25.41667 23.60714 22.15385 23.625 25.66667 27.04167 26.37931 23.1 23.16 25.85 26.88 24.75 25.68 30.9
24.86667 26.04167 25.73333 25.45833 24.13793 22.9 23.48 21.8 21.92 23 23.08696 23.68 24.58333 25 25.16667 22.16667 22.83333 24.4 25.54167 24.92593 25.55 27.84 27.7 27.66667 28.375 28.65 26.92857 25.08333 23.53333 22.08333 20.53333 20.45833 20.36667 20 18.93103 17.04348 17.2 18.12 18.85 19.08 18.45 18.22727 18.6 19.12 20.33333 21.3 21.54167 19.6 19.78572 21.625 21.6 21.41667 21.66667 21.16667 20.96154 21.1 21.72 23.3 23.68 23.95 21.9 20.64 20.9 22.2963 24.91667 24.36667 21.16667 23.23333 23.41667 24.6 23.875 22.59259 25.74074
25.72 26.2 24.28 24.18182 22.96667 21.95833 22 22.45833 23.48148 23.74074 22.70833 23.40741 23.8 24.24 22.9 20.92 20.7 21.26923 21.08333 21.4 21.95833 23.64 26.7931 28.75 27.83333 27.95833 26.81482 24.85 23.64 22.85 20.32 21.3 21.12 20.90476 20.20833 19 18.16667 19.46667 19.66667 19.7 19.41667 18.82609 18.125 18.42857 18.46667 19.30435 19.36364 18.53846 19.16 20.75 22.56 23.2 23.68966 23.20833 21.23333 20.41667 21.13333 21.83333 21.84 21.89655 20.375 20.8 21.5 20.89286 21.1 22.4 20.8 22.4 22.2 23.92 22.05 21.25 25.28
23.8 24.125 22.6 22 21.8 21.25 22.18182 22.56522 24.85 23.96154 22.41667 22.6 23.66667 23.66667 22.875 20.53333 18.66667 19.13793 20.35 21.85714 22.91667 23.25 25.28 27.35 25 24.625 24.56667 24.83333 23.03333 20.83333 21.63333 22.25 21.45833 19.41379 17.3 17.16 16.65 17.4 18 18.16 18.25 17.76923 17.70833 17.48 17.4 18.07692 18 18 18.61539 19.5 20.23333 21.125 21.88461 21.4 20.52 20.5 20 20 19.65 19.4 19.65 21.74074 22.33333 20.2 20.25 20.13333 19.83333 20.93333 22.91667 24.08333 21.56667 21.08333 23.23333
22.96 22.75 21.44828 21.04167 20.96154 21.42857 22.33333 22.16667 23.04167 22.82759 21.65 22.24 21.9 21.8 22.75 22.04 19 17.8125 19.17241 20.25 18.9 20.70833 22.83333 21.95833 22.03448 20.55 20.8 21.35 20.96 20.1 21.15 22.44 19.69565 17.56667 15.95833 16.03333 16.625 16.6 17.16667 18.4 18.33333 18.24138 17.55 17.25 16.47368 16 16 -9999 19 18.18182 18.70588 19.125 20.13333 19.04167 19.21428 19.46154 20.16667 18.13333 17.25 18.66667 20.25 20.35714 20.25 19.8 21.8 20.6 19.45 20.47826 19.95455 20.2 21.2 19.9 20.16667
22 22.5 21.61905 20.70588 20.35 21.92 21.8 22.08 22.5 21.73333 20.08333 20.6 20.95833 21.16667 22.20833 20.84 18.90909 17.25 18.2 17.15 17.32 19 20.24 18.59091 18.83333 18.75 19.23333 20.04167 18.41667 17.3 19.25 17.96667 16.38095 17.92 16.95 16.88 16 16.2 17.55 18.88 18.58333 18.58333 18 17.41667 17.08333 16.25 16.51852 17 -9999 -9999 18.08333 18.5 18.28 16.35 16.6 17.44 17.25 15.56 17.65 19.96296 19.58333 19 18.83333 20.4 20.875 19.36667 19.375 19.83333 17.53333 17.91667 17.63333 19.08333 18.08
20.85 21.06897 21.33333 21 20.44444 21.17241 20.89474 21.43333 20.54545 19.64 20.1 20.16 20.6 21.35 21.8 20.75 19.08696 17.58333 17.16667 16.09524 17.4 18.58333 20.03333 18.54545 16.4 18.25 18.15 17.44 17.3 15.72 17.57143 15.16667 14.79167 15.5 16.33333 15.66667 15.91667 15.83333 16.875 17.56 17.36 18 18.68 18.4 17.84 16.7 17.2 17.47059 -9999 -9999 18 18 17.55556 15.86667 14.91667 14.8 14.33333 15.56667 17.625 18.07143 18.25 17.44 19.3 20.28 19.25 17.85 19.2 18.6 16.72 16.26316 16.3 17.55 17.2
20 20.15385 20.35 20.72 20.25 19.8 20.05556 19.66667 19.04167 19.34483 19.32 18.91667 20.1 20.79167 21.56667 20.65 19.2 -9999 16.55556 16.44444 16.56 17 18.24138 17.52 15.54167 16.96667 16.125 16.33333 16.375 14.6 15.47826 13.56 14.9 15.56 16.1 14.24 15.1 14.80952 14.73077 15.83333 17.43333 19.04167 19.66667 19.45833 18.9 17.70833 17.76667 17.70833 17.1 -9999 -9999 18 16.22222 15.48 14 13.24 12.95 14.22222 15.33333 15.5 16.875 16.96667 19.125 19.73077 18.57143 17.54167 19 18.70833 16.75 16 16 15.77778 15.88889
19.11111 19.26667 19.83333 19.94737 19.95652 19.0625 19.47059 18.5 19.09091 20.15 18.64 18.35 19.52 20.19048 20.76667 19.625 18.23333 17 16.4 16.56522 17.55172 16.2 16.75 16.16 14.6 15.88 14.4 16.16 15.9 13.55172 13.33333 13.7 14.79167 14.26667 15.125 13.04 13.58621 14.875 14.5 14.95 15.92 17.05 17.36 18.5 18.36 18.75 18.48148 17.875 17.30769 -9999 -9999 -9999 -9999 15.61111 14.08333 12.91304 12.95833 13.60714 14 14.72 15.5 16.54167 17.76191 17.95 17.4375 16.78572 18.68 18.81818 17.10345 16.33333 -9999 -9999 -9999
