DATA/PredictorVariables/Current/prec_ver.asc
ncols         590
nrows         274
xllcorner     -7.522276026
yllcorner     35.996888128
cellsize      0.01
NODATA_value  -9999
[rows 132 to 164 of 274, columns 0 to 72 of 590]
-9999 -9999 -9999 -9999 -9999 -9999 17.44444 18.64 20.08333 20.23333 20.7 20.56522 20.08 19.79167 19.16667 18.95 19.24 19.25 18.81482 18.57692 18.7 18.96 18.79167 19.4 19.69565 20.77273 21 20.75 20.23333 20.65217 21 21.45 22 22.10714 21.91667 21.68 21.45 20.93103 20.625 20.88889 20.3913 20.9 20.85714 20.70833 20.3 21 21 20.48 20.79167 20.33333 19.90909 19.52 19 18.76923 18.28572 17.73913 18.24 18.5 18.60714 18.92 19.42308 19.625 20.1 20.14815 20.16667 19.89655 19 18.42857 18.41667 19 19.03333 19.04167 19
-9999 -9999 -9999 -9999 -9999 -9999 -9999 18.25 19.05263 18.33333 19.46667 19.16667 18.40741 18.3 18.16 18.11111 18.44 18.28 17.5 17.28572 17.45833 17.64286 18.04545 19.3 19.5 20 20.1 20 20 20.36 21.08333 21.93333 22.2 22.36 21.6087 21.14815 21 20.76191 20.44 20.68182 20.23333 20.04167 20 20.13636 20.14286 20.36667 20.5 20.46428 19.95 19.30435 18.74074 18.29167 17.68966 16.9 15.84 15.95652 16.7037 17.25926 17.57143 18 18.22727 18.33333 19 19.11539 18.59091 18.35 18.10345 17.83333 18.23333 18.45 18.69565 18.75 19
-9999 -9999 -9999 -9999 -9999 -9999 -9999 -9999 16.76923 18.04348 18.83333 17.27273 17.52 17.62069 17.22727 17.28 17.36364 18.35714 17.80769 17.95455 17.96 18 18.56667 18.79167 18.88461 19 18.82609 19.7931 20.16667 21.44444 22 22 22 22 21.61539 21.2 20.2963 20.25 20.7931 20.43478 21 20.72 20.375 20.06667 20 19.625 19.95238 19.88 18.75862 18.41667 17.48 16.75 15.85185 15.30769 14.88 15.03846 15.3 15.81481 16.58333 17.2069 17.47826 17.57143 17.95833 18 18 17.83333 16.88 17.04762 17 17.34483 17.5 17.82143 18.05
-9999 -9999 -9999 -9999 -9999 -9999 -9999 -9999 16.2 15.85714 15.29167 16.24138 16.05 16.125 16.11539 16.65385 17.69231 17.65 17.42308 17.58333 17.51724 17.3913 17.61905 17.4 17.91667 18 18.31818 20.04 21.19048 21.96154 22 22 21.96 21.47619 21 20.84 20.91667 19.75 20.15 20.6 20.41667 20.37931 20.9 21 20.44444 19.625 19.3 18.95 17.36 17.21739 16.23077 15.78571 15.61905 15 14 15 15 15 15.30435 16.4 17 17 17.3 17.65 17.68182 16.24 16.79167 17 17 17 17 17 16.96428
-9999 -9999 -9999 -9999 -9999 -9999 -9999 -9999 -9999 16.04 16.47619 16.36 15.96429 15.875 16.52 16.9 17 16.96 16.88461 17 17 17 17 17.13793 17.15 17.68182 17.96428 19.20833 20.31034 20.95 21.48 21.33333 20.96296 20.96154 20.45 20 19.70833 18.8 19.66667 20.17391 20.22727 20 20.1 20.58333 20.11539 19.5 18.36 17.77778 17.08333 16.33333 16 15.48148 15 14.91304 -9999 -9999 -9999 15 15 15 15.625 16.86364 17 16.86667 16.41667 16.71428 17 16.95833 16.23077 16.44 16.68966 15.75 16.76
-9999 -9999 -9999 -9999 -9999 -9999 -9999 -9999 15 14.625 15.1 14.85714 15.2 15.72727 16.33333 16.44444 16.23809 16.04 16 16.16667 16.41667 16.73913 17 17 17.16667 17 17.12 17.95 18.88461 20.25926 21 20.72 20.1 20.34483 19.95833 19.25 18.04545 18 18.92857 19.95833 20.1 19.71428 19.70833 19.65217 19.8 19.44828 19.04545 17.4 16.71428 16 15.8 15.08333 15 14.83333 -9999 -9999 -9999 15 15 15 15.04167 16.3 16.95455 17.48 17.75 17.03846 16.53572 16.41667 15.8 15.25 16.11111 15.28 15.73077
-9999 -9999 -9999 -9999 -9999 -9999 -9999 -9999 14.35294 14.8 14.6087 14.44444 14.83333 16 15.85 15.7037 15.25 15.25 15.17391 15.9 15.96296 16 16.93333 17 17.04167 17 17 17.17241 17.57143 18.12 18.72727 19.58621 19.2 19.77273 18.54167 18.13636 18 18 18.23077 19.19048 19.78261 19.07143 18.95833 18.67857 19.1 19.32 19 17.53846 16.55556 16 16 15.47826 14.96154 14.5 -9999 -9999 -9999 15 15 15 15.9 16.91304 17 17.04167 16.8 16.25 15.96 15.59091 15.33333 15.07407 15.09091 16 15.75
-9999 -9999 -9999 -9999 -9999 -9999 -9999 -9999 14.38889 14.66667 14.70833 14.92 15.35 15.57143 14.96154 14.73913 14.92 15 15 15 15.03704 15.7619 16.04545 16.13793 16.79167 16.96428 17 17 16.96 17.30769 17.96154 18.05 18.03846 18.08333 18 17.77273 17.95455 18 18.08333 18.66667 18.56522 18.04 18.05 18 17.88889 17.45833 18.04 17.15 16.55172 16 16 15.69231 15 14.92857 -9999 -9999 -9999 15 14.95238 14.92 15.82759 16.04167 16.16 16 16 16 16 16 15.95 15.23077 15.125 15.58621 15.12
-9999 -9999 -9999 -9999 -9999 -9999 -9999 -9999 14 14.04167 14.83333 16.04 15.82759 15.1 13.84 13.375 14.24138 14 14.09524 14.375 15 14.83333 14.43478 14.32 15.2 15.30769 16.14286 16.65217 16.88 16.4 16.86667 17.25 17.30769 17.56522 17.35 17 17 17.06897 17 17.56522 17.30769 17.76 17.93103 17.7 16.96 15.52174 16.03572 16.61539 16.04545 15.375 15.2 15.33333 15.45833 15 -9999 -9999 -9999 14 14.9 14.52941 15.4 15.69565 15.92308 16 16 16 16 15.8 15.79167 15.92308 15.66667 15.15 15.42857
-9999 -9999 -9999 -9999 -9999 -9999 -9999 -9999 13.66667 13.95833 14.14815 14.75 14.74074 13.84 12.96154 13.04167 13.35 13.5 13.875 14.53333 14.9 14.04348 13.72 14 14.16667 14.9 15 15.08696 15.32143 15.23077 15.25 15.48 16.625 17.13333 16.73333 15.88 15.7619 15.6087 15.48276 16.20833 16.84615 17 16.62963 15.76 15.34615 15 15 15.11539 15 15.1 15.21739 15.05263 15 15 -9999 -9999 -9999 15 15 15 15 15 15.15 16 16 15.66667 15.41667 15 15 15 15.14286 16 15.88889
-9999 -9999 -9999 -9999 -9999 -9999 -9999 -9999 13.26667 13.38095 13.73077 13.53571 13.36364 12.6 12.19048 12.5 13.5 13.72 14.04545 14.22727 13.96667 13.08333 13.59259 14 14 14.07692 14.16 14.92308 15.8 15.60714 15.16667 15.31034 15.13333 15.64286 15.57143 15.52381 15.13333 15.13636 15.96 15.90476 15.48148 15.25926 14.72727 14.8 14.85 14.93333 15 15 15 15.05882 15.58621 15.58333 15.5 15.64286 -9999 -9999 -9999 15.5 15.68182 15.96 16.1 15 15 15.83333 15.54167 15 15 -9999 -9999 -9999 -9999 -9999 -9999
-9999 -9999 -9999 -9999 -9999 -9999 -9999 -9999 13 13.72414 13.25 12.57692 12.625 12.37037 12.30769 12.1 12.42308 12.95833 13 13.13636 13 13 13.04 13.65517 14 14 14.33333 15 15 14.91667 14.6087 14.66667 14.1 14 15 14.72727 14.66667 14.81481 15.33333 15.24138 14.15 14 14 14 14.07692 14.15 14.36 14.85 15.17857 15.58333 15.81818 16 16 16 -9999 -9999 -9999 16.83333 17.125 17.48148 17.16 16 -9999 16 16 -9999 -9999 -9999 -9999 -9999 -9999 16.33333 16.375
-9999 -9999 -9999 -9999 -9999 -9999 -9999 -9999 -9999 13.42857 13.07407 12.95833 13 13 13 12.95833 12.75 12.09524 12 12.10345 12.08333 13 13 13.84 14 14.07407 14.96154 14.8 14.36 13.45833 13.33333 12.86957 12.43478 12.54545 -9999 12.57143 13.08333 13.32 13.6 13.48148 13 13.19231 13.33333 13.8 14 14.04167 14.2 14.83333 -9999 15.61905 16 16 16.46667 16.90909 -9999 -9999 -9999 -9999 18 18 17.89286 16.54167 -9999 -9999 -9999 -9999 -9999 -9999 -9999 -9999 16 16.68 17.03572
-9999 -9999 -9999 -9999 -9999 -9999 -9999 -9999 -9999 13 13.21739 13.31818 13.07143 13 13 13 12.91304 12.1 12 12.04 12.55 13 13.42857 14 14 14.5 14.96552 13.79167 13 13 12.3 12.48276 12.20833 12 12 12 12.58823 12.84 12.92857 12.375 12.73684 12.90909 13 13.375 14 14 14 14 -9999 15.45455 16 -9999 17 17 -9999 -9999 -9999 -9999 -9999 18 17.95652 17 -9999 -9999 -9999 -9999 -9999 -9999 16 16.17647 16.46428 16.90476 17.32
-9999 -9999 -9999 -9999 -9999 -9999 -9999 -9999 -9999 14 14.15 14.07692 14 13.55556 13.08333 13 13 12.86364 12.88 13.20833 13.4 13.95238 14.44 14.81818 14.21429 14.38461 14.14286 13 13 12.9 12.20833 12 12 12 12 -9999 12 12 12.04762 12 11.74074 12.25 12.6 12.76923 13.25 13.93333 13.875 14.875 15 -9999 -9999 -9999 17 -9999 -9999 -9999 -9999 -9999 -9999 18 17.86667 16 -9999 -9999 -9999 15 15.27273 16 16 16 16.04 16.88 17.11539
-9999 -9999 -9999 -9999 -9999 -9999 -9999 -9999 -9999 14.86667 14.95 15 14.72 14.24 14.3913 14.1 14.33333 14.29167 14.46429 15 15.32 15.80769 15.52 14.92593 14.15 13.88889 13.41667 13 13 12.54545 12 12 12 12 12 -9999 12 12.07692 11.78261 11.36 11.4 11.86667 12 12 12 12.33333 12.9 14.22222 -9999 15.23077 16 16 16 -9999 -9999 -9999 -9999 -9999 -9999 -9999 -9999 -9999 -9999 -9999 14 15.10526 15.56 16 16 16.33333 16.66667 17 17.05
-9999 -9999 -9999 -9999 -9999 -9999 -9999 -9999 -9999 15.11111 15.32143 15.05 15.28 16.25 16.36667 16.20833 15.86957 16.31818 16.95455 16.2 16.75 16.84 16.25 15.48276 14.44 13.56 13.6087 13 12.73333 12.125 12 12 11.34783 11.36 11.7 -9999 11.8 11.15 11.04762 11 11 11.5 11.52174 11.69565 12 12 12 -9999 14 15 15.61905 16 16 -9999 -9999 -9999 -9999 -9999 -9999 -9999 -9999 -9999 -9999 14 14.375 14.88889 15.68 16.17857 16.65 16.8 16.91304 17 17.52
-9999 -9999 -9999 -9999 -9999 -9999 -9999 -9999 -9999 -9999 15.8 16.70833 17.14286 17.13636 17.28572 18.07407 18.70833 19.06667 19.5 20 19 18.69231 17.89286 16.9 15.5 14.21739 13.9 13.25 12.86957 12 12 12 11.91667 11.12 11.25 11.75 10.75 10.75 10.91304 10.45 10.17857 10.16667 10.23333 10.28571 11.20833 11.86957 12 12.63636 13.1 14.52941 15 15.44444 -9999 -9999 -9999 -9999 -9999 -9999 -9999 -9999 -9999 -9999 14 14.48148 15 15 15.3 15.89286 16.48 16.62963 16.70833 16.95 17.46154
-9999 -9999 -9999 -9999 -9999 -9999 -9999 -9999 -9999 -9999 -9999 17.31818 17.9 18.4 19.05263 19.76471 20.16667 20.5 20.375 20 20 19.94444 19.28572 18 16.07692 14.86957 14.04762 13.62963 12.95833 12.1 12 12 12 11.96 12 12 -9999 10.44444 10 10 10 10 10 10 10 10.75 11.95 12.08696 12.70833 13.82609 14 -9999 -9999 -9999 -9999 -9999 -9999 -9999 -9999 -9999 -9999 14.125 14.36842 14.56 14.83333 15 15 15 15.32 15.61905 15.96667 15.95833 16.5
-9999 -9999 -9999 -9999 -9999 -9999 -9999 -9999 -9999 -9999 -9999 18.66667 -9999 -9999 -9999 -9999 -9999 -9999 -9999 -9999 -9999 20 20 19 17.28572 15.9 14.375 13.85185 13.05 12.52174 12 12 12 12 -9999 -9999 10 10 10 10 10 10 10 10 10 10.07407 10.66667 11.41667 11.64 13.14286 -9999 -9999 -9999 -9999 -9999 -9999 -9999 -9999 -9999 -9999 14.16667 14.52 14.96296 15 15 15 14.96296 14.95833 14.68966 14.79167 15 15.08696 15.91304
-9999 -9999 -9999 -9999 -9999 -9999 -9999 -9999 -9999 -9999 -9999 -9999 -9999 -9999 -9999 -9999 -9999 -9999 -9999 -9999 -9999 -9999 -9999 19 18.125 16.55556 15.16667 13.75 13.85 13 12.35714 12 12 -9999 -9999 -9999 -9999 -9999 -9999 -9999 -9999 -9999 -9999 -9999 10 10 10 10.28571 10.95833 11.33333 -9999 -9999 -9999 -9999 -9999 -9999 -9999 -9999 -9999 14 14.13793 14.6875 15 14.14286 14.8125 14.5 14.43478 14.26087 14.05 14.72414 15 15.23333 16
-9999 -9999 -9999 -9999 -9999 -9999 -9999 -9999 -9999 -9999 -9999 -9999 -9999 -9999 -9999 -9999 -9999 -9999 -9999 -9999 -9999 -9999 -9999 -9999 -9999 -9999 -9999 -9999 -9999 -9999 -9999 -9999 -9999 -9999 -9999 -9999 -9999 -9999 -9999 -9999 -9999 -9999 -9999 -9999 -9999 -9999 -9999 -9999 -9999 -9999 -9999 -9999 -9999 -9999 -9999 -9999 -9999 -9999 -9999 -9999 -9999 -9999 14 14 14 14 14 14.5 14.95833 15 15.04762 15.78261 16.25
-9999 -9999 -9999 -9999 -9999 -9999 -9999 -9999 -9999 -9999 -9999 -9999 -9999 -9999 -9999 -9999 -9999 -9999 -9999 -9999 -9999 -9999 -9999 -9999 -9999 -9999 -9999 -9999 -9999 -9999 -9999 -9999 -9999 -9999 -9999 -9999 -9999 -9999 -9999 -9999 -9999 -9999 -9999 -9999 -9999 -9999 -9999 -9999 -9999 -9999 -9999 -9999 -9999 -9999 -9999 -9999 -9999 -9999 -9999 -9999 -9999 12.5 13.66667 14 14 14 14 14.31818 15 15 15.36667 16 16.56
-9999 -9999 -9999 -9999 -9999 -9999 -9999 -9999 -9999 -9999 -9999 -9999 -9999 -9999 -9999 -9999 -9999 -9999 -9999 -9999 -9999 -9999 -9999 -9999 -9999 -9999 -9999 -9999 -9999 -9999 -9999 -9999 -9999 -9999 -9999 -9999 -9999 -9999 -9999 -9999 -9999 -9999 -9999 -9999 -9999 -9999 -9999 -9999 -9999 -9999 -9999 -9999 -9999 -9999 -9999 -9999 -9999 -9999 -9999 -9999 -9999 12 12.52381 13.45455 13.95652 14 14 14 15 15 15.2 16 16.53846
-9999 -9999 -9999 -9999 -9999 -9999 -9999 -9999 -9999 -9999 -9999 -9999 -9999 -9999 -9999 -9999 -9999 -9999 -9999 -9999 -9999 -9999 -9999 -9999 -9999 -9999 -9999 -9999 -9999 -9999 -9999 -9999 -9999 -9999 -9999 -9999 -9999 -9999 -9999 -9999 -9999 -9999 -9999 -9999 -9999 -9999 -9999 -9999 -9999 -9999 -9999 -9999 -9999 -9999 -9999 -9999 -9999 -9999 -9999 -9999 -9999 -9999 12 12.64286 13.2 13.95455 14 14.05 14.30769 15 15.08333 16 16.5
-9999 -9999 -9999 -9999 -9999 -9999 -9999 -9999 -9999 -9999 -9999 -9999 -9999 -9999 -9999 -9999 -9999 -9999 -9999 -9999 -9999 -9999 -9999 -9999 -9999 -9999 -9999 -9999 -9999 -9999 -9999 -9999 -9999 -9999 -9999 -9999 -9999 -9999 -9999 -9999 -9999 -9999 -9999 -9999 -9999 -9999 -9999 -9999 -9999 -9999 -9999 -9999 -9999 -9999 -9999 -9999 -9999 -9999 -9999 -9999 -9999 -9999 -9999 -9999 13 13.32143 13.875 14 14 14.92 15.04545 15.96552 16.44
-9999 -9999 -9999 -9999 -9999 -9999 -9999 -9999 -9999 -9999 -9999 -9999 -9999 -9999 -9999 -9999 -9999 -9999 -9999 -9999 -9999 -9999 -9999 -9999 -9999 -9999 -9999 -9999 -9999 -9999 -9999 -9999 -9999 -9999 -9999 -9999 -9999 -9999 -9999 -9999 -9999 -9999 -9999 -9999 -9999 -9999 -9999 -9999 -9999 -9999 -9999 -9999 -9999 -9999 -9999 -9999 -9999 -9999 -9999 -9999 -9999 -9999 -9999 -9999 13 13 13.53333 14 14.2 15 15.15385 16 16.36
-9999 -9999 -9999 -9999 -9999 -9999 -9999 -9999 -9999 -9999 -9999 -9999 -9999 -9999 -9999 -9999 -9999 -9999 -9999 -9999 -9999 -9999 -9999 -9999 -9999 -9999 -9999 -9999 -9999 -9999 -9999 -9999 -9999 -9999 -9999 -9999 -9999 -9999 -9999 -9999 -9999 -9999 -9999 -9999 -9999 -9999 -9999 -9999 -9999 -9999 -9999 -9999 -9999 -9999 -9999 -9999 -9999 -9999 -9999 -9999 -9999 -9999 -9999 -9999 -9999 -9999 -9999 14 14.05 14.95 15 15.83333 16.10345
-9999 -9999 -9999 -9999 -9999 -9999 -9999 -9999 -9999 -9999 -9999 -9999 -9999 -9999 -9999 -9999 -9999 -9999 -9999 -9999 -9999 -9999 -9999 -9999 -9999 -9999 -9999 -9999 -9999 -9999 -9999 -9999 -9999 -9999 -9999 -9999 -9999 -9999 -9999 -9999 -9999 -9999 -9999 -9999 -9999 -9999 -9999 -9999 -9999 -9999 -9999 -9999 -9999 -9999 -9999 -9999 -9999 -9999 -9999 -9999 -9999 -9999 -9999 -9999 -9999 -9999 -9999 -9999 -9999 14.33333 15 15.3913 16
-9999 -9999 -9999 -9999 -9999 -9999 -9999 -9999 -9999 -9999 -9999 -9999 -9999 -9999 -9999 -9999 -9999 -9999 -9999 -9999 -9999 -9999 -9999 -9999 -9999 -9999 -9999 -9999 -9999 -9999 -9999 -9999 -9999 -9999 -9999 -9999 -9999 -9999 -9999 -9999 -9999 -9999 -9999 -9999 -9999 -9999 -9999 -9999 -9999 -9999 -9999 -9999 -9999 -9999 -9999 -9999 -9999 -9999 -9999 -9999 -9999 -9999 -9999 -9999 -9999 -9999 -9999 -9999 -9999 -9999 -9999 15 15.6
-9999 -9999 -9999 -9999 -9999 -9999 -9999 -9999 -9999 -9999 -9999 -9999 -9999 -9999 -9999 -9999 -9999 -9999 -9999 -9999 -9999 -9999 -9999 -9999 -9999 -9999 -9999 -9999 -9999 -9999 -9999 -9999 -9999 -9999 -9999 -9999 -9999 -9999 -9999 -9999 -9999 -9999 -9999 -9999 -9999 -9999 -9999 -9999 -9999 -9999 -9999 -9999 -9999 -9999 -9999 -9999 -9999 -9999 -9999 -9999 -9999 -9999 -9999 -9999 -9999 -9999 -9999 -9999 -9999 -9999 -9999 -9999 -9999
-9999 -9999 -9999 -9999 -9999 -9999 -9999 -9999 -9999 -9999 -9999 -9999 -9999 -9999 -9999 -9999 -9999 -9999 -9999 -9999 -9999 -9999 -9999 -9999 -9999 -9999 -9999 -9999 -9999 -9999 -9999 -9999 -9999 -9999 -9999 -9999 -9999 -9999 -9999 -9999 -9999 -9999 -9999 -9999 -9999 -9999 -9999 -9999 -9999 -9999 -9999 -9999 -9999 -9999 -9999 -9999 -9999 -9999 -9999 -9999 -9999 -9999 -9999 -9999 -9999 -9999 -9999 -9999 -9999 -9999 -9999 -9999 -9999
-9999 -9999 -9999 -9999 -9999 -9999 -9999 -9999 -9999 -9999 -9999 -9999 -9999 -9999 -9999 -9999 -9999 -9999 -9999 -9999 -9999 -9999 -9999 -9999 -9999 -9999 -9999 -9999 -9999 -9999 -9999 -9999 -9999 -9999 -9999 -9999 -9999 -9999 -9999 -9999 -9999 -9999 -9999 -9999 -9999 -9999 -9999 -9999 -9999 -9999 -9999 -9999 -9999 -9999 -9999 -9999 -9999 -9999 -9999 -9999 -9999 -9999 -9999 -9999 -9999 -9999 -9999 -9999 -9999 -9999 -9999 -9999 -9999
