DATA/PredictorVariables/Current/prec_oto.asc
ncols         590
nrows         274
xllcorner     -7.522276026
yllcorner     35.996888128
cellsize      0.01
NODATA_value  -9999
[rows 180 to 209 of 274, columns 483 to 551 of 590]
132.5833 130.8 124.7917 121.7333 119.3333 116.0333 112.2917 105.2667 93.54166 89.20834 87.73333 80.04166 76.3 70.875 70.13333 69.33334 67.4 68.75 69.62963 69.11111 67.33334 65.2 63.54167 61.33333 61 64.88 68.45 72.88 76.8 78.85 79.76 80.65 82.68 83.85 84.84 85.45 86.8 81.55 79.76 79.85714 79.16666 79.9 75.95834 75.8 75.08334 73.93333 72.33334 71.8 70 68.7 68.20834 68 67.83334 67.79166 68.06896 68.15 69.92 70.7 71.6 72.4 71.83334 71.47619 71.05 71.04 71.05 71.44444 73.41666 74.9 74.41666
135.6667 136.2667 130.0455 125.96 125.2 123.44 119.65 110.48 102.05 92.25 88.44 85.65 79.48 78.4 73.68 71.35 70.68 73.5 74.2 72.75 71.2 68.04 64.6 63.54546 -9999 68.90476 73.79166 77.73333 80.75 81.17242 82.6 83.625 83.83334 83.75 83.26667 81.75 79.3 77.79166 75.33334 75.625 76 76.62963 75.21739 73.6 73.2 71.96 70.35 69.4 68.45 68 67.95 67.80952 67.20834 66.85 67.69231 68.54166 70.3 71.58334 72.9 73.58334 74.6 73.33334 71.6 71.48276 73.33334 73 73.75 76 74
136.8 136.16 134.5909 132.9667 125.25 121.1667 120.4167 110.4667 100.3333 96.45834 92.46667 88.33334 90.53333 89.375 76.63333 73.41666 75.46667 82 88.36667 82.66666 79.375 75.83334 71.79166 70.7 73.33334 78.11111 81 83.4138 84.1 84.48 84.95 84.1 83.84 82.7 80.52 76.6 74.88 74 72.88 74.05 74.52 73.9 73.71429 72.06667 70.875 70.3 69.29166 68.46667 67.66666 67.3 66.41666 66.2 66.20834 66.95834 68.06667 69.54166 71 72.8 74.44 76.75 76.68 74.35 72.2 72.25 72.45 73.88 73.55 71.85185 66.875
134.375 132.0667 130.125 130.0667 124.9583 118.3 108.9167 109.6552 103.35 97.66666 94 90.95 92.16 86.9 80.28 76.1 79.64 85.8 90.08 89.95 87.85714 82.08334 79.65 78.76 80.52631 82 85.1875 86.57692 86.16666 86.13333 85 84.11539 82.71429 80.54166 78 75.29166 72.1 71.45834 70.23333 70.875 71.43333 70.70834 70.19231 69.85714 68.58334 68.7037 68 67.08 66.95 66.12 66 66 66 67.13636 68.6087 70.4 72.2 75.16666 77 76.91666 76.03333 77.5 77.1 75.125 72.7037 72.2963 73.25 68.33334 64.08334
130.45 127.64 125.3 125.04 125.3 117.48 104.9 106.8077 106.0417 101.5 100.7917 99.79166 97.33334 94.875 85.2 77.54166 79.76667 85.625 88.43333 86.70834 85.7 84.125 85.54166 83.86667 83.04166 83.88889 85 85.8 86.16666 85.16666 84.04166 82.38461 79.8 77.75 74.52 71.65 69.2 69.15 68.48 68.75 67.84 67.9 67.64 66.95 66.65 66.03571 65.875 65.4 64.54166 64.43333 65 65.33334 65.70834 67.33334 69.33334 72.29166 75.23333 75.83334 74.4 73.09091 73.24 74.3 73.6 74.4 73.72 73.85 69.6 64.48 61.35
121 116.1667 121.25 123.4333 119.0417 112.0667 104 105.6 98.79166 91.73333 94.33334 100.625 100.3448 92.7 85.24 78.4 80.56 81.5 82.28 83.9 85.36 85.6 83.3 82.12 81.8 82.8 83 84.86364 84.15 83 81.25 79.4138 76.95834 73.58334 70.8 67.83334 66.66666 65.75 66.06667 65.66666 65.1 65.83334 65.5 65.04166 64.65385 64.14286 64.5 63.51724 63.6 64 64.125 65.28571 66.55 69 72.2 75.26087 74.04546 71.9 71.4 71.59091 71.76667 72.79166 74.43333 74.20834 74.7 71.95834 66.17242 62.88 59.125
115.55 109.04 112.2 112.88 104.8 101.52 102.8 98.08 88.95 87.76 86.55 89.2 95.96154 95.04166 88.36667 81.33334 82.96667 81.375 78.6 79.08334 78.06667 76.91666 74.5 74.78571 76.875 78.46667 79.92308 83.13333 82.125 79.9 78.04166 75.43333 73.04166 69.31035 66.90909 64.5 64.04 63.05 62.92 62.4 63.08 62.6 62.64 62.65 62.48 62.4 62.4 62.07692 62.44444 62.28571 64.78261 66.26667 68.75 70.76667 69.91666 69.3 69.20834 69.08334 70.1 71.20834 71.73333 71.54546 71.72 73.7 70.52 70.4 64.56 62.4 61.28571
105.875 104.6 105.625 108.8 102.375 96.76667 92.70834 91.1 84.29166 86 87.41666 87.88889 87.74074 88.33334 89.5 84.95834 81.06667 77.47619 73.44 74.45 69.72 66.3 65.08 64.35 67.15 70.76 72.71429 76.2 76.3 75 73.4 71.16 68.55 65.96 63.56522 62.20833 61.2 60.75 61.36666 61.16667 60.93333 61.375 61.66667 60.83333 60.4 60.75 61 61.85714 62.125 62.93333 64.63636 68.2 67.95 66.68 66 67.16 66.8 67.6 69.7 69.05 70.72 72.54546 71.53333 73.70834 66.03333 64.375 61.4 61.91667 59.69565
100.9048 98 100.3 105.04 103.3 95.12 91.65 80.08 77.85 82.52 84.6 83.48 80.25 81.4 83.68 82.4 77.92 73.91304 68.36667 68.33334 65 60.625 57.7 56.91667 57.5 59.73333 62.1 66 68.16666 68.56667 67.70834 66.46667 64.65 62.82143 60.25 59.5 58.76923 58.45454 58.36 58.4 58.84 60.5 59.68 58.75 59.32 60.95 60.88 61.2 60.81818 62.56 64.72727 64.3 64.875 64 64.66666 64.6 64.875 66.36667 69.625 72.15385 73.21429 73.79166 70.96667 69.30434 64.88 60.75 59.68 59.9 61.64
93.43333 95.29166 100.625 100.7 95.45834 86.36667 87.58334 74.6 67.29166 67.13333 70.66666 72.46667 68 72.125 71.2 70.33334 64.86667 64.79166 63.46667 62.66667 61.16667 54.95 53.72 52.95 53.04546 54.76923 -9999 60.8 62.11111 63.54546 64.4 64.5 -9999 60.4 59 57.75 57.88889 57.40909 57.33333 57.375 57.56667 57.70833 57.33333 57.875 58.76667 59.41667 59.83333 59.20833 59.90909 60.55556 61.41667 61.8 61.91667 62.52 63.15 63.36 65.5 67.12 68.85 70.2 74.1 77.15 74.88 73.71429 64.26667 59.79167 60.33333 59.625 60.6
88.64 90.35 91.05 87.56 79.4 77.76 76.95 68.08 64.75 58.56 60.2 60.56 66.85 66.14286 62.83333 57.05 57.2 56.2 57.52 57.8125 56.11111 52 52 52 52 -9999 -9999 -9999 -9999 -9999 -9999 -9999 -9999 -9999 -9999 -9999 -9999 56 56 56.13044 56.23077 56.2 56.28 57.65 57.52 58.1 58.95238 59 58.5 60.29412 62 61.2 61.55 61.96667 62.5 63.36666 64.5 66.73333 69 68.4 72.29166 74.10714 70.73077 70.58334 63.6 59.52381 59.9 -9999 -9999
82.13333 79.875 75.66666 74.46667 73.25 72.3 66.04166 64.36667 60.79167 55.13334 53.125 51.8 54.6087 57.5 57.30769 54.27273 50.57143 50 -9999 -9999 -9999 -9999 -9999 -9999 -9999 -9999 -9999 -9999 -9999 -9999 -9999 -9999 -9999 -9999 -9999 -9999 -9999 -9999 -9999 56 55.72222 55.83333 55.86666 56.04167 56.48276 57.25 56.71429 57.07143 58.17241 59.04167 59.17857 60 60.66667 60.8 61.125 63.92308 64.9 68.44 69.05 64.04 70.85 66.08 58.75 56.76191 55.9 57 -9999 -9999 -9999
72.86667 71.875 69.16666 67.26923 65.1 63.2 59.9 56.36 53.3 51.52 50.15 48.44 47.14286 -9999 -9999 -9999 -9999 -9999 -9999 -9999 -9999 -9999 -9999 -9999 -9999 -9999 -9999 -9999 -9999 -9999 -9999 -9999 -9999 -9999 -9999 -9999 -9999 -9999 -9999 -9999 -9999 55 54.42857 54.6 55 55.4 56 57.15 57.88 57.25 58 59.45 60.6 61.2 61.85 62.44828 63.08333 67.66666 68.875 60.83333 58.29167 57.6 54.20833 53.58333 -9999 -9999 -9999 -9999 -9999
68.68 67.4 65.52 63.70833 61.66667 59.23333 57.08333 54.56667 51.75 49.93333 48.79167 47.38462 -9999 -9999 -9999 -9999 -9999 -9999 -9999 -9999 -9999 -9999 -9999 -9999 -9999 -9999 -9999 -9999 -9999 -9999 -9999 -9999 -9999 -9999 -9999 -9999 -9999 -9999 -9999 -9999 -9999 -9999 54.83333 54.375 54 54.125 54.63334 55.625 56.1 56.45833 57.66667 58.875 61.46667 63.70833 64.54166 62.4 62 61.37037 60.9 58.84 56.3 54.72 53.3 53 -9999 -9999 -9999 -9999 -9999
65.26667 63.5 62 60.70833 58.95833 56.9 54.95833 52.93333 50.47826 48.36 47.58333 -9999 -9999 -9999 -9999 -9999 -9999 -9999 -9999 -9999 -9999 -9999 -9999 -9999 -9999 -9999 -9999 -9999 -9999 -9999 -9999 -9999 -9999 -9999 -9999 -9999 -9999 -9999 -9999 -9999 -9999 -9999 -9999 53.33333 52.92 52.95454 53.56 54.1 54.64 55.55 56.96 58.7 62.16 64.95 65.77273 64.78261 63.4 60.32143 58.33333 59.06667 60.375 61.36666 57.41667 -9999 -9999 -9999 -9999 -9999 -9999
62.6 60.8 59.32 57.7 56.7 55.2 53.6 52.04 50.77778 48.72727 -9999 -9999 -9999 -9999 -9999 -9999 -9999 -9999 -9999 -9999 -9999 -9999 -9999 -9999 -9999 -9999 -9999 -9999 -9999 -9999 -9999 -9999 -9999 -9999 -9999 -9999 -9999 -9999 -9999 -9999 -9999 -9999 -9999 -9999 52.66667 51.69231 52.25 52.04167 52.3 53.58333 55.96667 59.875 64.23333 64.33334 71.03333 68.375 66.16666 58.6 56.375 60.06897 67.4 66.28 57.6 52 -9999 -9999 -9999 -9999 -9999
59.73333 59.04167 57.6 56.45833 55.5 54.4 53.04167 51.67857 -9999 -9999 -9999 -9999 -9999 -9999 -9999 -9999 -9999 -9999 -9999 -9999 -9999 -9999 -9999 -9999 -9999 -9999 -9999 -9999 -9999 -9999 -9999 -9999 -9999 -9999 -9999 -9999 -9999 -9999 -9999 -9999 -9999 -9999 -9999 -9999 -9999 51 50 51 51.11538 52.7 56.56 62.1 66.2 67.35 72.2 69.1 62.04 57.25 54.85 56.57692 60.29167 56.5 53.66667 -9999 -9999 -9999 -9999 -9999 -9999
58.92 57.55 56.24 55.2 54.8 54.55 53.85 52.41667 51.08333 -9999 -9999 -9999 -9999 -9999 -9999 -9999 -9999 -9999 -9999 -9999 -9999 -9999 -9999 -9999 -9999 -9999 -9999 -9999 -9999 -9999 -9999 -9999 -9999 -9999 -9999 -9999 -9999 -9999 -9999 -9999 -9999 -9999 -9999 -9999 -9999 -9999 -9999 49 50 54.70833 60.8 59.375 64.1 67.375 65.23333 60.875 58.93333 58.20833 54.78571 56.4 56 -9999 -9999 -9999 -9999 -9999 -9999 -9999 -9999
58.7 56.54167 56 55.20833 55 54.95833 54.25 53.06667 51.69231 -9999 -9999 -9999 -9999 -9999 -9999 -9999 -9999 -9999 -9999 -9999 -9999 -9999 -9999 -9999 -9999 -9999 -9999 -9999 -9999 -9999 -9999 -9999 -9999 -9999 -9999 -9999 -9999 -9999 -9999 -9999 -9999 -9999 -9999 -9999 -9999 -9999 -9999 49 49 53.625 61.86207 63.95 65.44 62.6 59.36 57.6 55.56 56 55.4 -9999 -9999 -9999 -9999 -9999 -9999 -9999 -9999 -9999 -9999
58.36 56.15 56 55.55 55 54.25 53.1 52.08 52 -9999 -9999 -9999 -9999 -9999 -9999 -9999 -9999 -9999 -9999 -9999 -9999 -9999 -9999 -9999 -9999 -9999 -9999 -9999 -9999 -9999 -9999 -9999 -9999 -9999 -9999 -9999 -9999 -9999 -9999 -9999 -9999 -9999 -9999 -9999 -9999 -9999 -9999 -9999 48.75 54.85 56.69231 61.25 59.76667 53.25 55.26667 55.76191 55.52174 -9999 -9999 -9999 -9999 -9999 -9999 -9999 -9999 -9999 -9999 -9999 -9999
59 58.54167 56.4 55.125 53.89474 53 53 51.86666 -9999 -9999 -9999 -9999 -9999 -9999 -9999 -9999 -9999 -9999 -9999 -9999 -9999 -9999 -9999 -9999 -9999 -9999 -9999 -9999 -9999 -9999 -9999 -9999 -9999 -9999 -9999 -9999 -9999 -9999 -9999 -9999 -9999 -9999 -9999 -9999 -9999 -9999 -9999 -9999 -9999 56.5 53.03333 55.45833 55.86207 50.46154 -9999 -9999 -9999 -9999 -9999 -9999 -9999 -9999 -9999 -9999 -9999 -9999 -9999 -9999 -9999
59.08 59 57.28 55.45454 -9999 53 53 -9999 -9999 -9999 -9999 -9999 -9999 -9999 -9999 -9999 -9999 -9999 -9999 -9999 -9999 -9999 -9999 -9999 -9999 -9999 -9999 -9999 -9999 -9999 -9999 -9999 -9999 -9999 -9999 -9999 -9999 -9999 -9999 -9999 -9999 -9999 -9999 -9999 -9999 -9999 -9999 -9999 -9999 -9999 48.75 49 50 -9999 -9999 -9999 -9999 -9999 -9999 -9999 -9999 -9999 -9999 -9999 -9999 -9999 -9999 -9999 -9999
59.56667 58.47826 56.94118 56 55.75 53.63636 -9999 -9999 -9999 -9999 -9999 -9999 -9999 -9999 -9999 -9999 -9999 -9999 -9999 -9999 -9999 -9999 -9999 -9999 -9999 -9999 -9999 -9999 -9999 -9999 -9999 -9999 -9999 -9999 -9999 -9999 -9999 -9999 -9999 -9999 -9999 -9999 -9999 -9999 -9999 -9999 -9999 -9999 -9999 -9999 -9999 -9999 -9999 -9999 -9999 -9999 -9999 -9999 -9999 -9999 -9999 -9999 -9999 -9999 -9999 -9999 -9999 -9999 -9999
60 -9999 -9999 -9999 56 -9999 -9999 -9999 -9999 -9999 -9999 -9999 -9999 -9999 -9999 -9999 -9999 -9999 -9999 -9999 -9999 -9999 -9999 -9999 -9999 -9999 -9999 -9999 -9999 -9999 -9999 -9999 -9999 -9999 -9999 -9999 -9999 -9999 -9999 -9999 -9999 -9999 -9999 -9999 -9999 -9999 -9999 -9999 -9999 -9999 -9999 -9999 -9999 -9999 -9999 -9999 -9999 -9999 -9999 -9999 -9999 -9999 -9999 -9999 -9999 -9999 -9999 -9999 -9999
59 -9999 -9999 -9999 -9999 -9999 -9999 -9999 -9999 -9999 -9999 -9999 -9999 -9999 -9999 -9999 -9999 -9999 -9999 -9999 -9999 -9999 -9999 -9999 -9999 -9999 -9999 -9999 -9999 -9999 -9999 -9999 -9999 -9999 -9999 -9999 -9999 -9999 -9999 -9999 -9999 -9999 -9999 -9999 -9999 -9999 -9999 -9999 -9999 -9999 -9999 -9999 -9999 -9999 -9999 -9999 -9999 -9999 -9999 -9999 -9999 -9999 -9999 -9999 -9999 -9999 -9999 -9999 -9999
-9999 -9999 -9999 -9999 -9999 -9999 -9999 -9999 -9999 -9999 -9999 -9999 -9999 -9999 -9999 -9999 -9999 -9999 -9999 -9999 -9999 -9999 -9999 -9999 -9999 -9999 -9999 -9999 -9999 -9999 -9999 -9999 -9999 -9999 -9999 -9999 -9999 -9999 -9999 -9999 -9999 -9999 -9999 -9999 -9999 -9999 -9999 -9999 -9999 -9999 -9999 -9999 -9999 -9999 -9999 -9999 -9999 -9999 -9999 -9999 -9999 -9999 -9999 -9999 -9999 -9999 -9999 -9999 -9999
-9999 -9999 -9999 -9999 -9999 -9999 -9999 -9999 -9999 -9999 -9999 -9999 -9999 -9999 -9999 -9999 -9999 -9999 -9999 -9999 -9999 -9999 -9999 -9999 -9999 -9999 -9999 -9999 -9999 -9999 -9999 -9999 -9999 -9999 -9999 -9999 -9999 -9999 -9999 -9999 -9999 -9999 -9999 -9999 -9999 -9999 -9999 -9999 -9999 -9999 -9999 -9999 -9999 -9999 -9999 -9999 -9999 -9999 -9999 -9999 -9999 -9999 -9999 -9999 -9999 -9999 -9999 -9999 -9999
-9999 -9999 -9999 -9999 -9999 -9999 -9999 -9999 -9999 -9999 -9999 -9999 -9999 -9999 -9999 -9999 -9999 -9999 -9999 -9999 -9999 -9999 -9999 -9999 -9999 -9999 -9999 -9999 -9999 -9999 -9999 -9999 -9999 -9999 -9999 -9999 -9999 -9999 -9999 -9999 -9999 -9999 -9999 -9999 -9999 -9999 -9999 -9999 -9999 -9999 -9999 -9999 -9999 -9999 -9999 -9999 -9999 -9999 -9999 -9999 -9999 -9999 -9999 -9999 -9999 -9999 -9999 -9999 -9999
-9999 -9999 -9999 -9999 -9999 -9999 -9999 -9999 -9999 -9999 -9999 -9999 -9999 -9999 -9999 -9999 -9999 -9999 -9999 -9999 -9999 -9999 -9999 -9999 -9999 -9999 -9999 -9999 -9999 -9999 -9999 -9999 -9999 -9999 -9999 -9999 -9999 -9999 -9999 -9999 -9999 -9999 -9999 -9999 -9999 -9999 -9999 -9999 -9999 -9999 -9999 -9999 -9999 -9999 -9999 -9999 -9999 -9999 -9999 -9999 -9999 -9999 -9999 -9999 -9999 -9999 -9999 -9999 -9999
-9999 -9999 -9999 -9999 -9999 -9999 -9999 -9999 -9999 -9999 -9999 -9999 -9999 -9999 -9999 -9999 -9999 -9999 -9999 -9999 -9999 -9999 -9999 -9999 -9999 -9999 -9999 -9999 -9999 -9999 -9999 -9999 -9999 -9999 -9999 -9999 -9999 -9999 -9999 -9999 -9999 -9999 -9999 -9999 -9999 -9999 -9999 -9999 -9999 -9999 -9999 -9999 -9999 -9999 -9999 -9999 -9999 -9999 -9999 -9999 -9999 -9999 -9999 -9999 -9999 -9999 -9999 -9999 -9999
