DATA/PredictorVariables/Current/tmed_inv.asc
ncols         590
nrows         274
xllcorner     -7.522276026
yllcorner     35.996888128
cellsize      0.01
NODATA_value  -9999
[rows 116 to 144 of 274, columns 0 to 64 of 590]
-9999 11.34615 11.32738 11.25417 11.15476 11.155 11.124 11.08205 11.056 11.07436 11.155 11.15833 11.05417 11.04568 11.02174 11.02333 10.95057 10.89444 10.93908 10.95238 11.1619 11.19762 11.08472 11.11494 11.12 11.07246 11.05128 10.99167 10.93793 10.945 10.996 11.01111 10.97051 11.00714 11.06833 11.06267 11.05362 11.01786 11.04487 11.02333 11.07467 10.9971 11.04667 11.12639 11.16667 11.14493 11.06061 11.05444 11.11806 11.16667 11.12064 11.12857 11.16111 11.21111 11.21954 11.09167 11.00909 10.95432 10.95833 10.96 10.94833 10.97222 11.04638 11.156 11.35172
11.47778 11.49167 11.25333 10.975 10.96282 10.8869 10.95942 10.92533 11.01429 11.00714 11.00128 11.03333 10.94933 10.81515 10.87333 10.95139 10.87971 10.78986 10.77424 10.98778 11.15278 11.19867 11.14921 11.08116 11.15172 11.04583 10.95769 11.00833 10.956 10.9679 11.03333 11.1 11.06 11.09012 11.10267 11.12179 11.216 11.17 11.11429 11.09861 11.11191 11.16232 11.16333 11.18519 11.26389 11.25 11.17879 11.07576 10.95139 10.94722 11.06444 11.02754 11.08611 11.18413 11.1625 11.1023 11.0125 10.89872 10.84667 10.9 10.85926 10.88056 11.08929 11.19667 11.39333
11.37 11.34933 11.31528 11.10333 10.94333 10.808 10.76111 10.81923 10.85062 10.86167 10.8859 10.95972 10.90357 10.93472 10.89667 10.85385 10.88194 10.90778 10.86515 10.96364 11.13333 11.11806 11.14 11.10606 11.12533 11.06364 10.97867 10.94598 10.92727 10.97067 11.03636 11.13214 11.17564 11.17424 11.23467 11.21429 11.24333 11.20833 11.16111 11.13333 11.17937 11.23667 11.29444 11.29753 11.29524 11.26667 11.18778 11.09861 10.98161 10.995 10.99275 10.984 11.04306 11.16778 10.99683 10.864 10.83939 10.856 10.7977 10.76522 10.768 10.895 11.12738 11.18718 11.46528
-9999 11.46042 11.31167 11.22533 11.13333 10.97917 10.83462 10.75167 10.84524 10.92667 10.896 10.94167 11.06333 10.94368 10.85139 10.90595 10.95873 11.01167 11.00222 11.02222 11.00952 10.99167 10.9913 11.0037 11.02222 11.06548 11.04667 10.96133 10.89733 10.9141 11.01026 11.09667 11.14487 11.20278 11.20238 11.22933 11.265 11.27067 11.26528 11.24556 11.17246 11.21515 11.3 11.38889 11.28667 11.26389 11.225 11.11746 10.97391 10.96207 10.9625 10.96914 10.97 11.06944 10.8642 10.73472 10.67381 10.635 10.652 10.63472 10.74359 10.9369 11.15333 11.31067 11.4303
-9999 11.49167 11.47816 11.49394 11.35333 11.23182 11.10617 11.08148 11.01905 11.06667 11.12273 11.16092 11.11733 10.98406 11.01304 11.08116 11.02667 11.0625 11.07083 10.9619 10.92083 10.82184 10.8 10.80133 10.88 10.98889 11.02469 11.02083 10.97733 10.995 11.00238 11.08667 11.14267 11.15833 11.17167 11.1954 11.19444 11.24253 11.33492 11.32 11.23095 11.21944 11.33 11.42333 11.31449 11.27222 11.24861 11.15333 10.98636 10.93867 10.9254 10.91026 10.88452 10.98116 10.82667 10.755 10.67857 10.58205 10.71067 10.78267 10.81833 10.91548 11.15417 11.22099 11.19067
-9999 -9999 11.7 11.58095 11.435 11.32593 11.275 11.31923 11.26806 11.26049 11.27733 11.26833 11.21111 11.20833 11.19222 11.19683 11.18939 11.12949 11.04028 11.00444 11.01587 10.98889 10.88056 10.79867 10.77701 10.93667 10.97733 10.98696 10.98642 11.03333 11.07143 11.08667 11.15942 11.23 11.23194 11.2942 11.24203 11.2697 11.34222 11.39861 11.40897 11.31111 11.35909 11.42874 11.42917 11.36071 11.22333 11.05362 10.95062 10.89722 10.87126 10.89333 10.89467 10.89861 10.85128 10.69167 10.635 10.57733 10.77424 10.80805 10.956 10.95303 11.048 10.985 10.98333
-9999 -9999 -9999 -9999 11.33333 11.34074 11.3141 11.33889 11.30133 11.31333 11.41111 11.39861 11.36795 11.35 11.29683 11.27667 11.27778 11.18519 11.12 10.87971 10.99524 10.96389 10.87407 10.79 10.82564 10.9 10.82179 10.84667 10.80667 10.86173 11.07917 11.17024 11.22464 11.27667 11.34815 11.37917 11.35111 11.3803 11.46364 11.50278 11.55417 11.53778 11.58696 11.55067 11.58167 11.40769 11.25595 11.07222 10.936 10.86333 10.75926 10.73205 10.74133 10.69333 10.77667 10.70357 10.50833 10.49506 10.66267 10.84167 10.62051 10.60694 10.63667 10.69028 10.77619
-9999 -9999 -9999 -9999 -9999 11.5 11.55467 11.46667 11.46429 11.36795 11.48413 11.51806 11.42639 11.39111 11.32899 11.31739 11.29697 11.28194 11.20889 11.17246 11.16667 11.10635 11.07778 11.09383 11.08551 11.07733 11.05714 11.04483 10.91067 10.94722 11.03194 11.15833 11.22778 11.31111 11.39506 11.48254 11.52667 11.55556 11.61667 11.63908 11.645 11.67391 11.67308 11.65833 11.64667 11.46667 11.292 11.13043 10.99103 10.86905 10.74603 10.60267 10.55 10.62184 10.67333 10.64203 10.45 10.45167 10.66333 10.67361 10.53704 10.55758 10.54333 10.53929 10.59583
-9999 -9999 -9999 -9999 -9999 11.66667 11.66333 11.58267 11.44833 11.56548 11.55833 11.44713 11.36349 11.37143 11.4 11.37222 11.29333 11.27167 11.22319 11.1859 11.14133 11.12143 11.14333 11.196 11.21528 11.20741 11.21667 11.22167 11.18533 11.20139 11.22 11.24306 11.2803 11.33333 11.41389 11.50333 11.55694 11.63194 11.65556 11.66806 11.68736 11.71667 11.69487 11.74 11.77949 11.59744 11.39583 11.24815 11.12167 10.94198 10.74444 10.61481 10.504 10.47833 10.62667 10.51667 10.50889 10.45694 10.64127 10.60556 10.55362 10.54222 10.56111 10.55256 10.61429
-9999 -9999 -9999 -9999 -9999 -9999 11.5 11.47302 11.47333 11.60972 11.64493 11.55152 11.52222 11.50972 11.38846 11.39683 11.36087 11.33333 11.2375 11.19615 11.21833 11.19872 11.20641 11.22133 11.28267 11.27 11.29762 11.29861 11.30952 11.37273 11.38 11.4 11.39861 11.39778 11.43167 11.51212 11.61026 11.65556 11.67889 11.76508 11.748 11.88788 11.84615 11.83095 11.85909 11.68267 11.49206 11.3954 11.18667 10.99275 10.85333 10.70333 10.55556 10.5375 10.64048 10.59697 10.62333 10.57857 10.55972 10.52444 10.45238 10.47424 10.49444 10.54583 10.55
-9999 -9999 -9999 -9999 -9999 -9999 11.58958 11.69333 11.67051 11.62778 11.60556 11.48182 11.4 11.48194 11.44028 11.36222 11.32121 11.31467 11.30606 11.28462 11.2381 11.21818 11.24 11.2697 11.31954 11.34933 11.35362 11.39028 11.39849 11.45 11.44722 11.48933 11.49545 11.53492 11.56333 11.58889 11.62593 11.66333 11.75833 11.85926 11.87917 11.91786 11.97333 11.99615 11.96389 11.81235 11.65256 11.50833 11.20133 10.80278 10.73793 10.69733 10.66032 10.53611 10.53788 10.64556 10.47778 10.45385 10.36191 10.35873 10.42759 10.48472 10.51609 10.53333 10.56111
-9999 -9999 -9999 -9999 -9999 -9999 11.67407 11.74861 11.59877 11.44242 11.49 11.44368 11.36111 11.35287 11.38167 11.36522 11.31235 11.27222 11.24881 11.27833 11.23867 11.268 11.33333 11.35513 11.37333 11.39231 11.42083 11.45057 11.50725 11.58413 11.58267 11.61806 11.60667 11.63623 11.64861 11.64545 11.65067 11.68506 11.78116 11.84 11.87333 11.92976 11.99231 12.05694 12.03067 11.96167 11.82299 11.58194 11.20595 10.81061 10.66 10.5321 10.52222 10.55778 10.64091 10.65455 10.51806 10.4 10.36778 10.40694 10.476 10.47833 10.50933 10.54405 10.56806
-9999 -9999 -9999 -9999 -9999 -9999 -9999 11.58551 11.56667 11.61778 11.55417 11.46389 11.42273 11.38261 11.32111 11.29722 11.256 11.21333 11.18974 11.22963 11.23472 11.33067 11.35667 11.41 11.42639 11.43205 11.45362 11.525 11.61556 11.65 11.67701 11.65167 11.66212 11.67407 11.66806 11.66552 11.675 11.71467 11.81667 11.85897 11.9 11.90167 11.912 11.93044 11.96667 11.916 11.85303 11.57639 11.2 10.87556 10.61806 10.48642 10.42064 10.47667 10.56 10.70694 10.56322 10.48833 10.51304 10.50933 10.54167 10.54222 10.5619 10.596 10.60159
-9999 -9999 -9999 -9999 -9999 -9999 11.72 11.58161 11.49565 11.43968 11.45641 11.45278 11.37333 11.30159 11.26806 11.25972 11.23333 11.22299 11.23333 11.28667 11.35942 11.35952 11.41026 11.49333 11.52 11.47246 11.56333 11.59306 11.61739 11.67879 11.78116 11.8 11.80417 11.72308 11.68667 11.664 11.68642 11.74583 11.83333 11.85833 11.87619 11.86389 11.86543 11.9 11.90167 11.91852 11.8375 11.57778 11.26515 10.97121 10.77391 10.65972 10.52111 10.45833 10.59733 10.73333 10.64133 10.65119 10.6 10.56296 10.67167 10.70128 10.69067 10.68 10.67143
-9999 -9999 -9999 -9999 -9999 -9999 11.72222 11.65 11.6 11.61389 11.58148 11.49683 11.39242 11.32299 11.31111 11.30864 11.29833 11.284 11.32949 11.3 11.36133 11.41 11.4321 11.53889 11.6023 11.59848 11.61429 11.67051 11.68194 11.72556 11.8381 11.76944 11.70435 11.72133 11.71264 11.68333 11.67867 11.71905 11.76548 11.78974 11.77576 11.76133 11.80476 11.88333 11.92083 11.90385 11.75152 11.60167 11.32069 11.11667 10.94222 10.84167 10.7087 10.66267 10.72083 10.85333 10.78571 10.77333 10.75714 10.75556 10.77901 10.83333 10.82 10.78 10.73333
-9999 -9999 -9999 -9999 -9999 -9999 -9999 11.80833 11.7803 11.66377 11.51389 11.43556 11.34638 11.32667 11.38333 11.35897 11.33214 11.32464 11.38133 11.42381 11.4046 11.46667 11.56806 11.56528 11.59841 11.63778 11.69722 11.75679 11.80794 11.83188 11.82976 11.71389 11.65238 11.66 11.66933 11.68 11.71154 11.77778 11.77167 11.76267 11.73194 11.79425 11.81111 11.86825 11.91389 11.79275 11.61667 11.47639 11.39733 11.26667 11.14638 11.11494 11.03472 10.9321 10.935 11.112 11.05641 11 10.9619 10.98 10.96 10.98889 10.88571 10.82179 10.79048
-9999 -9999 -9999 -9999 -9999 -9999 11.83333 11.668 11.49028 11.45778 11.395 11.3942 11.43867 11.425 11.46889 11.45 11.396 11.39306 11.43951 11.5 11.505 11.55467 11.63333 11.67 11.66232 11.63333 11.64928 11.72917 11.83667 11.82174 11.724 11.67167 11.63974 11.63214 11.65278 11.70933 11.74833 11.83908 11.85694 11.78765 11.86232 11.80167 11.7869 11.81111 11.77444 11.63968 11.52424 11.49067 11.47361 11.40778 11.36364 11.33467 11.38413 11.37179 11.4369 11.51594 11.43733 11.34667 11.29881 11.23467 11.15256 11.12639 10.995 10.87901 10.79583
-9999 -9999 -9999 -9999 -9999 -9999 -9999 11.67917 11.59649 11.65079 11.53667 11.57917 11.62716 11.635 11.56133 11.46173 11.384 11.42133 11.53167 11.57262 11.59444 11.65119 11.68788 11.67167 11.70714 11.74306 11.76556 11.82833 11.86232 11.74533 11.65833 11.61556 11.61333 11.64133 11.68696 11.75802 11.8321 11.85714 11.86533 11.83333 11.85222 11.81667 11.8 11.73939 11.69365 11.63 11.52361 11.54286 11.56 11.55797 11.55802 11.56667 11.59081 11.67 11.77867 11.75942 11.67531 11.59877 11.54286 11.44133 11.33333 11.24667 11.06528 10.92692 10.81212
-9999 -9999 -9999 -9999 -9999 -9999 -9999 -9999 11.77949 11.66087 11.5625 11.70909 11.68133 11.5931 11.63333 11.52933 11.46515 11.4131 11.43974 11.47576 11.55733 11.59394 11.64889 11.70139 11.75128 11.76667 11.84928 11.7954 11.70972 11.63086 11.63333 11.64359 11.61667 11.67067 11.71026 11.78 11.86049 11.86944 11.85402 11.78841 11.72698 11.71733 11.67917 11.69 11.68696 11.66528 11.61111 11.61733 11.64253 11.63889 11.68267 11.70667 11.78765 11.84615 11.92267 11.83333 11.81 11.77531 11.72639 11.57241 11.47536 11.36191 11.16389 10.98194 10.84778
-9999 -9999 -9999 -9999 -9999 -9999 -9999 -9999 11.78 11.80357 11.83611 11.74253 11.74833 11.66944 11.61026 11.55 11.45385 11.45833 11.47949 11.4875 11.56092 11.60145 11.6746 11.752 11.81389 11.83333 11.81061 11.68667 11.61905 11.60641 11.60476 11.60455 11.648 11.67302 11.75517 11.82533 11.84444 11.87639 11.86 11.77556 11.68333 11.68276 11.65333 11.56818 11.6321 11.67083 11.68333 11.65667 11.732 11.75362 11.77436 11.82619 11.80476 11.90167 12.03333 11.88333 11.87111 11.86944 11.78986 11.72 11.59655 11.45139 11.22889 11.03667 10.91515
-9999 -9999 -9999 -9999 -9999 -9999 -9999 -9999 -9999 11.75867 11.65873 11.64267 11.60714 11.57361 11.49467 11.45833 11.44048 11.472 11.51538 11.55652 11.615 11.64778 11.67222 11.69655 11.78333 11.83333 11.83571 11.73611 11.66667 11.67333 11.648 11.66806 11.68889 11.69744 11.79167 11.856 11.86667 11.87778 11.86111 11.75652 11.7 11.67391 11.64111 11.57778 11.62692 11.69833 11.75733 11.77407 11.78472 11.80247 11.83167 11.87407 11.91389 11.93044 -9999 -9999 -9999 11.88958 11.84 11.80972 11.69861 11.50455 11.31212 11.11667 10.96667
-9999 -9999 -9999 -9999 -9999 -9999 -9999 -9999 11.9 11.86806 11.79111 11.75079 11.64667 11.57576 11.49136 11.44815 11.49365 11.528 11.59565 11.56667 11.6 11.61304 11.62121 11.65942 11.70889 11.85278 11.90667 11.86667 11.77692 11.70247 11.68667 11.708 11.755 11.74942 11.80417 11.87738 11.9 11.89667 11.8631 11.75139 11.68889 11.6254 11.62361 11.64638 11.632 11.65402 11.71515 11.79467 11.81905 11.81034 11.85467 11.9125 11.91111 11.93889 -9999 -9999 -9999 11.89524 11.87778 11.87692 11.74444 11.52222 11.31364 11.08933 10.93333
-9999 -9999 -9999 -9999 -9999 -9999 -9999 -9999 11.82549 11.78833 11.77536 11.71235 11.62778 11.49048 11.52833 11.56296 11.6125 11.61071 11.6 11.59833 11.60123 11.6 11.58111 11.62698 11.65556 11.75362 11.87467 11.9 11.87936 11.83067 11.76061 11.76552 11.81867 11.78333 11.86111 11.87121 11.91 11.86806 11.83718 11.76032 11.6971 11.64286 11.64167 11.65952 11.66667 11.62667 11.652 11.78205 11.83457 11.87667 11.85 11.87536 11.98333 12.03333 -9999 -9999 -9999 11.83889 11.89306 11.86429 11.69333 11.51159 11.34691 11.18056 11.03333
-9999 -9999 -9999 -9999 -9999 -9999 -9999 -9999 11.8537 11.75556 11.67083 11.62267 11.55667 11.575 11.61539 11.64348 11.61333 11.60317 11.60444 11.62778 11.62716 11.60159 11.59848 11.64023 11.65556 11.71548 11.77833 11.83462 11.924 11.89359 11.85128 11.815 11.83974 11.83056 11.85444 11.91667 11.90606 11.88194 11.84306 11.81222 11.75072 11.69333 11.65667 11.66296 11.72963 11.73194 11.69333 11.78667 11.83333 11.89444 11.94524 11.90256 11.94667 12.01429 -9999 -9999 -9999 11.9 11.91587 11.884 11.73678 11.59722 11.48 11.33167 11.19231
-9999 -9999 -9999 -9999 -9999 -9999 -9999 -9999 11.88571 11.79028 11.63056 11.492 11.51724 11.58333 11.672 11.67778 11.64253 11.65972 11.65714 11.65139 11.6125 11.62 11.67536 11.69733 11.70333 11.75641 11.76071 11.82754 11.87867 11.94 11.90778 11.89861 11.90256 11.87681 11.9 11.93793 11.90833 11.89195 11.88167 11.84638 11.83462 11.73467 11.70115 11.72 11.764 11.82899 11.8369 11.84103 11.8803 11.95417 11.97833 11.97111 11.97222 11.99048 -9999 -9999 -9999 12.00667 11.95667 11.93529 11.82267 11.72174 11.6 11.47143 11.35303
-9999 -9999 -9999 -9999 -9999 -9999 -9999 -9999 11.88222 11.77361 11.66667 11.615 11.60741 11.67067 11.74487 11.72083 11.68667 11.67857 11.65556 11.61111 11.59833 11.66087 11.70133 11.74306 11.80556 11.82167 11.83867 11.84928 11.88095 11.92436 11.96333 11.972 11.92917 11.90444 11.91556 11.95867 11.95079 11.93333 11.93678 11.90417 11.86282 11.795 11.77901 11.84267 11.84359 11.86133 11.91833 11.94615 11.95972 11.96333 11.97246 11.98947 12.04444 12.03333 -9999 -9999 -9999 12.06 12.01867 12.00833 11.93333 11.8625 11.75833 11.63846 11.53056
-9999 -9999 -9999 -9999 -9999 -9999 -9999 -9999 11.92444 11.86984 11.75641 11.73095 11.72121 11.81733 11.84444 11.76889 11.675 11.65867 11.60758 11.61515 11.62667 11.69306 11.7037 11.75167 11.82821 11.86282 11.876 11.88846 11.88167 11.90595 11.94861 11.95402 12.02222 11.95 11.95238 11.97143 11.98444 11.98485 11.936 11.89048 11.88395 11.8716 11.88788 11.88133 11.90167 11.92 11.95972 11.97654 12.01667 12.05294 12.03218 12.06528 12.08667 12.12857 -9999 -9999 -9999 12.20556 12.13485 12.088 12.06333 11.93333 11.9098 11.81528 11.72222
-9999 -9999 -9999 -9999 -9999 -9999 -9999 -9999 11.96667 11.84713 11.865 11.90256 11.86389 11.84938 11.81026 11.81833 11.75256 11.7 11.69889 11.69394 11.70417 11.79091 11.81467 11.81954 11.80909 11.86133 11.88095 11.88736 11.91067 11.91389 11.93044 11.91429 12.00556 12.05333 12 12 12.00952 11.99383 11.94306 11.93103 11.95833 11.93867 11.94861 11.92619 11.95513 12 12.02933 12.03833 12.06786 12.09444 12.1 12.11587 12.15694 12.21833 -9999 -9999 -9999 12.31111 12.25972 12.14568 12.11467 12.14815 -9999 11.91667 11.86667
-9999 -9999 -9999 -9999 -9999 -9999 -9999 -9999 -9999 11.90476 11.9358 11.90139 11.804 11.7 11.7023 11.70278 11.7119 11.7746 11.82063 11.82414 11.88472 11.87931 11.885 11.864 11.83733 11.85679 11.88846 11.90333 11.91067 11.92639 11.94667 11.98985 12.02319 12.00303 -9999 12.06667 12.04722 12.024 12.025 11.99012 12.00128 12.00385 12.01806 11.98 11.93333 12.00139 12.04889 12.07222 -9999 12.11429 12.16667 12.22708 12.27333 12.29394 -9999 -9999 -9999 -9999 12.30208 12.20175 12.20119 12.1875 -9999 -9999 -9999
