DATA/PredictorVariables/Current/tmed_inv.asc
ncols         590
nrows         274
xllcorner     -7.522276026
yllcorner     35.996888128
cellsize      0.01
NODATA_value  -9999
[rows 87 to 115 of 274, columns 130 to 194 of 590]
9.333333 9.326984 9.328 9.328333 9.329487 9.27284 9.286111 9.212644 9.153334 9.095653 8.963636 8.820833 8.733334 8.594444 8.628 8.753623 8.881667 8.821795 8.905556 9.15679 9.25679 9.208695 9.326667 9.335 9.418181 9.553572 9.380555 9.221111 9.553623 9.887878 9.398551 8.808333 8.796552 9.065278 8.934567 9.011111 8.834921 8.709333 8.773334 8.822222 8.829762 8.926389 8.877778 8.72029 8.321212 8.46087 8.848333 9.095403 9.184722 9.048717 8.585714 8.527273 8.505333 8.57 8.477273 8.383333 8.279166 8.203333 8.340278 8.398551 8.258333 8.326667 8.274667 8.194445 8.105128
9.307407 9.291667 9.216049 9.176543 9.192063 9.253333 9.305 9.207692 9.258024 9.109722 9.001111 8.901667 8.897101 8.860606 8.873611 8.847777 8.744445 8.811111 8.789394 8.825 9.062667 9.405556 9.539506 9.613581 9.486111 9.396 9.543333 9.781159 10.05385 9.551389 9.223333 8.902778 8.819445 9.084848 9.101666 8.922619 8.695833 8.819048 8.915384 9.034848 9.004 9.028334 9.07971 8.985186 8.797222 8.533334 8.447222 8.565278 8.980303 9.233334 8.955556 8.884722 8.878572 8.769231 8.6375 8.684 8.546667 8.33913 8.406944 8.473611 8.34 8.281944 8.488095 8.595454 8.595
9.294871 9.253031 9.243333 9.217284 9.208333 9.210714 9.161538 9.109524 9.221334 9.06 8.860494 8.898718 8.95 9.006667 8.931666 8.879167 8.896826 8.821739 8.682222 8.629167 8.792857 9.242424 9.481667 9.58 9.688406 9.798809 9.842308 9.661111 9.866667 10.06167 9.540277 9.158334 9.015278 9.238889 9.188889 8.773077 8.695238 8.7 9.028205 9.148611 9.182758 9.184 9.159722 9.032 8.96 8.951389 8.940278 8.830556 8.964444 9.298611 9.1 8.842857 9.01 8.966666 8.9125 8.911494 8.706667 8.656944 8.467857 8.493333 8.506667 8.463333 8.382608 8.502222 8.522223
9.252778 9.2 9.1625 9.120513 9.124243 9.078333 9.064198 9.119445 9.196428 9.208974 8.949206 8.888 8.983334 9.069231 9.05641 9.055555 9.032222 8.912699 8.743055 8.62381 8.76087 8.971111 9.359722 9.548276 9.731818 9.698334 9.950666 10.11061 10.10115 10.116 9.9875 9.685185 9.548333 9.346666 9.219048 8.979167 8.938889 8.866667 9.063218 9.203333 9.233334 9.216 9.156944 9.037778 9.063889 9.063889 9.061728 9.191667 9.202666 9.331746 9.202778 9.05 9 9.048889 9.075 9.116667 8.944 8.806349 8.72 8.620833 8.665277 8.641111 8.588889 8.592 8.535
9.221666 9.170834 9.192424 9.177778 9.081111 8.993055 8.955556 8.98254 9.06 9.246914 9.129167 8.921839 8.768 8.89697 9.018666 9.098333 9.109877 9.118667 9.038889 8.758889 8.744445 8.897333 9.095 9.377273 9.737778 9.7375 9.918889 10.08333 10.16667 10.19067 10.21587 9.953333 9.565278 9.072222 9 8.988334 8.818666 8.865 8.776389 9.068889 9.251389 9.223333 9.141666 9.043333 9.022667 9.134849 9.118889 9.158334 9.330667 9.340476 9.113334 9.016 8.971666 9.050725 9.147126 9.123611 8.981112 8.917392 8.853969 8.8375 8.805 8.754762 8.654166 8.710667 8.655172
9.530769 9.297222 9.178161 9.168333 9.069445 8.963636 8.972222 9.001111 8.936111 9.144444 9.103174 8.823334 8.764197 8.868055 9.081111 9.102777 9.069697 9.12 9.096666 9.027161 9.009722 9.105556 9.184444 9.296969 9.616 9.831667 9.828571 9.868889 10.06806 10.20222 10.27681 10.17333 9.797334 9.155 9.134444 9.123611 9.074667 8.973563 8.866667 8.989333 9.265 9.310145 9.196551 9.190278 9.115556 9.134849 9.207936 9.218056 9.111667 9.320689 9.268056 9.191026 9.213096 9.228787 9.245334 8.99 8.907576 8.95 8.968056 8.927778 8.854167 8.816667 8.710145 8.7 8.822667
9.362667 9.233334 9.170238 9.142667 9.193055 9.10115 8.986667 9.090667 9.158334 9.248611 9.114445 8.915277 8.805952 8.868333 8.946667 9.023077 8.955556 8.922222 9.158334 9.191304 9.337334 9.23 9.382051 9.316667 9.446667 9.605747 9.847826 9.881333 9.89 10.14921 10.22299 10.29306 10.14667 9.720834 9.333333 9.425 9.165 8.966666 9.069445 9.20641 9.291667 9.384849 9.253333 9.228333 9.231818 9.205953 9.190278 9.141111 9.027778 9.209723 9.362122 9.396667 9.245679 9.245833 9.217857 9 8.866667 8.853333 8.908334 9.011111 8.908695 8.811111 8.745556 8.715278 8.818391
9.604598 9.230667 9.103174 9.050667 9.11 9.190476 9.269333 9.291667 9.334444 9.268333 9.092 8.858334 8.761111 8.683333 8.786111 8.789655 8.738334 8.863334 9.042308 9.269444 9.17 9.076389 9.306666 9.468056 9.521667 9.413333 9.702778 9.874359 9.972619 10.01528 10.22533 10.28833 10.21212 10.08718 9.797222 9.484445 9.266666 9.034722 9.052174 9.068334 9.21358 9.323611 9.378572 9.297436 9.3 9.346666 9.243333 9.219444 9.086111 9.009722 9.184444 9.366667 9.260494 9.307937 9.325 9.3 9.215942 9.203333 9.15 9.002778 8.861905 8.801666 8.790667 8.795 8.817391
9.675 9.583951 9.452778 9.172222 9.086111 9.088889 9.128 9.196667 9.31954 9.234722 8.909333 8.794253 8.685 8.608 8.621667 8.629333 8.696551 8.794444 9.021839 9.201667 9.011111 8.776389 8.844444 8.85 9.115278 9.07284 9.342029 9.59 9.777333 9.908695 10.01481 10.19259 10.30278 10.2358 10.19 9.933333 9.506945 9.204166 9.146667 9.098611 9.096296 9.155556 9.17 9.36 9.404166 9.4 9.281333 9.166667 8.955556 8.856667 9.068 9.263492 9.35 9.332222 9.280556 9.214444 9.171429 9.181666 9.077333 9.011111 8.944445 8.888889 8.790667 8.813793 8.874603
9.893056 9.860714 9.46 9.341666 9.125926 9.138889 9.252222 9.381945 9.428572 9.424 9.218333 8.842857 8.755555 8.739743 8.617857 8.636666 8.668 8.711667 8.750667 8.805952 8.830556 8.793333 8.821667 8.854546 9.105797 9.310145 9.357778 9.441667 9.508333 9.608696 9.835 10.044 10.28939 10.31071 10.20641 10.20833 9.975 9.463333 9.282666 9.221666 9.265278 9.342222 9.295834 9.324445 9.476666 9.448334 9.266666 9.251515 9.054444 9.048611 9.149333 9.233334 9.231667 9.304 9.28 9.195652 9.142529 9.1 9.064445 9.050725 9.003175 8.908334 8.87 8.80119 8.7625
9.901667 9.768056 9.722222 9.595834 9.353572 9.33 9.231667 9.211111 9.436111 9.468889 9.233334 9.155072 9.048611 8.816667 8.741667 8.765278 8.72716 8.841975 8.765079 8.774667 8.86 8.910666 8.977777 9.045834 9.131111 9.115873 9.245833 9.309524 9.424242 9.541111 9.783334 10.02529 10.22029 10.355 10.31867 10.29365 10.18 9.872222 9.494445 9.404445 9.488334 9.537333 9.388333 9.556061 9.565556 9.5 9.458889 9.401515 9.35873 9.234722 9.211667 9.224138 9.081944 9.207692 9.302381 9.062121 9.068 9.18 9.076812 8.985897 8.909722 8.913333 8.9 8.867949 8.857142
10.12889 10.17333 9.98 9.841666 9.632 9.531034 9.454166 9.5 9.646667 9.592064 9.432052 9.377778 9.243333 9.095834 8.998611 9.128985 9.048333 9.101234 9.115278 9.063095 9.071795 9.042424 8.924 9.051666 9.14 9.314102 9.386111 9.424444 9.433333 9.464 9.701667 9.887301 10.14444 10.35972 10.36 10.31159 10.24167 10.13733 9.856667 9.475863 9.534722 9.542666 9.604598 9.801516 9.688 9.548333 9.610606 9.576191 9.501389 9.366667 9.3125 9.361111 9.268182 9.353333 9.240741 8.944445 9.066667 9.188461 9.043056 8.861539 8.715 8.702666 8.715873 8.720834 8.753333
10.39425 10.075 9.832 9.667816 9.601666 9.637333 9.675 9.679487 9.664286 9.6375 9.559524 9.425 9.363636 9.298611 9.352777 9.35 9.368055 9.329487 9.254545 9.188334 9.118519 9.081944 9.041379 9.125334 9.2 9.333333 9.33 9.391026 9.479167 9.531944 9.72 9.911594 10.05733 10.31167 10.42222 10.38214 10.33056 10.24667 10.06667 9.718182 9.4625 9.635 9.548148 9.725 9.861729 9.64074 9.727777 9.684 9.728333 9.463889 9.486111 9.508333 9.635555 9.613889 9.285714 9.108334 9.233334 9.244 8.973913 8.843333 8.743055 8.704166 8.786207 8.798333 8.770667
10.40476 10.03067 9.763333 9.666667 9.668056 9.660256 9.590476 9.521667 9.644 9.636666 9.524692 9.498765 9.508333 9.488505 9.553333 9.548611 9.410606 9.334723 9.367778 9.243055 9.160494 9.185715 9.196667 9.184615 9.201389 9.274445 9.395833 9.427778 9.510667 9.551666 9.614667 9.854167 10.08333 10.28095 10.44444 10.41667 10.31 10.35909 10.22133 10.08333 9.884444 9.680555 9.767949 9.743939 9.89 9.821333 9.85 9.856322 9.850667 9.663889 9.577778 9.533334 9.810667 9.444445 9.4125 9.282222 9.448611 9.147778 9.057143 9.055555 8.966666 8.953333 8.976666 8.954166 8.887179
10.57083 10.29444 10.15417 9.959091 9.694445 9.575 9.432184 9.456944 9.597531 9.680247 9.671667 9.621333 9.611667 9.642858 9.662821 9.573611 9.437931 9.475 9.430667 9.335 9.336111 9.325556 9.304167 9.321839 9.366667 9.363334 9.434667 9.4875 9.54 9.516666 9.525641 9.747222 9.996667 10.296 10.41739 10.40494 10.37531 10.44861 10.30238 10.195 10.09167 9.907576 9.858334 9.893333 10.09306 9.935555 9.941667 10.00833 10.01067 9.772727 9.725555 9.654166 10.01467 9.628572 9.571667 9.624 9.446667 9.301389 9.204762 9.273611 9.16 9.165277 9.23913 9.133333 9.153334
10.25667 10.59365 10.05256 9.894444 9.72 9.645833 9.630435 9.602899 9.583333 9.665476 9.7 9.715476 9.614102 9.54 9.630667 9.655 9.644048 9.586667 9.501389 9.467778 9.516666 9.461333 9.415 9.415277 9.435632 9.475 9.487778 9.541667 9.566667 9.45942 9.497102 9.592222 9.802778 10.17857 10.43478 10.49833 10.444 10.47937 10.47586 10.30533 10.26528 9.987356 9.901667 9.98 10.12333 10.11594 10.01889 10.12222 10.17 10.01212 9.861905 9.802778 10.08 10.03333 9.836111 9.813581 9.541975 9.415152 9.388 9.358334 9.298611 9.345333 9.3625 9.285556 9.355556
10.36437 10.63056 10.15952 9.905 9.942424 9.898666 9.845834 9.925555 9.772223 9.681334 9.668181 9.635 9.473809 9.434722 9.424138 9.593333 9.801587 9.697333 9.696667 9.655952 9.572222 9.426666 9.403448 9.38254 9.430667 9.498333 9.534722 9.552381 9.611111 9.571111 9.515873 9.645833 9.926984 10.14603 10.29889 10.44167 10.52 10.51159 10.55667 10.51067 10.36333 10.37586 9.997222 10.09333 10.28046 10.18095 10.044 10.085 10.24697 10.29286 10.09028 9.935555 10.16667 9.913889 9.972727 9.811666 9.696297 9.545834 9.487778 9.497222 9.361111 9.428205 9.438334 9.362667 9.409524
10.624 10.715 10.65385 10.4619 10.22083 10.24048 10.055 10.10145 10.11667 9.85 9.671111 9.604167 9.545679 9.5 9.646667 9.69881 9.7375 9.891111 9.666667 9.627536 9.590278 9.513333 9.463096 9.431945 9.444445 9.461728 9.510606 9.590667 9.63 9.644 9.64359 9.719444 9.832222 10.02609 10.21733 10.32167 10.48833 10.6 10.64861 10.65 10.55417 10.48485 10.45 10.21667 10.37531 10.29028 10.22716 10.17654 10.21111 10.38267 10.345 10.23472 10.20278 9.9625 10.04889 9.858334 9.721429 9.583333 9.603333 9.556 9.513043 9.611111 9.525 9.423077 9.492593
10.21667 10.40952 10.64167 10.65333 10.43167 10.58148 10.51358 10.49306 10.31071 9.976666 9.784 9.779366 9.770833 9.703333 9.668056 9.61605 9.563334 9.871428 9.816667 9.816667 9.66 9.602777 9.563889 9.568116 9.46 9.471605 9.575 9.632184 9.672 9.715942 9.753333 9.721666 9.707692 9.816667 9.927778 10.05111 10.275 10.43467 10.68 10.74242 10.72692 10.52083 10.57889 10.53194 10.39359 10.49697 10.37 10.24 10.29306 10.42529 10.40533 10.37361 10.14691 10.05 10.10667 9.923809 9.861333 9.777012 9.752778 9.598889 9.587301 9.707576 9.75942 9.665 9.655556
10.26167 10.3931 10.70556 10.72593 10.6963 10.725 10.32933 10.43333 10.5046 10.37067 10.24167 10.09195 10.00167 9.862667 9.814285 9.764 9.752873 9.931945 10.16071 9.978333 9.777273 9.704166 9.581944 9.443334 9.454166 9.585185 9.647619 9.663333 9.708 9.711111 9.821111 9.906944 9.820833 9.782666 9.793333 9.948 10.16087 10.31923 10.61191 10.79861 10.77531 10.55833 10.62639 10.6303 10.51944 10.49889 10.45972 10.42 10.43 10.49333 10.52267 10.38182 10.19889 10.15417 10.16282 10.02469 9.861667 9.777333 9.801666 9.756 9.728395 9.7625 9.865556 9.795834 9.808
10.55694 10.2942 10.17101 10.245 10.31071 10.47222 10.35747 10.2 10.11167 10.19333 10.49333 10.40444 10.1625 10.04667 10.06905 9.995 9.966666 10.07833 10.26173 9.901235 9.727777 9.637931 9.626667 9.491667 9.536508 9.548611 9.671111 9.776389 9.76 9.616667 9.641666 9.838667 9.931884 9.981112 9.95 9.908642 10.03472 10.305 10.67333 10.83333 10.78929 10.69103 10.70139 10.65632 10.51 10.57333 10.53167 10.54058 10.55222 10.59722 10.63222 10.46212 10.25152 10.28986 10.17333 10.07701 10.06389 9.939285 9.994872 9.916667 9.844 9.883333 9.945333 9.954166 9.954166
10.804 10.64444 10.44444 10.30556 10.13461 10.06667 10.10167 10.35833 10.26528 10.32444 10.47222 10.59 10.46133 10.525 10.44598 10.12361 10.11605 10.33086 10.135 10.00533 9.875 9.851851 9.805128 9.722222 9.642222 9.78 9.805333 9.756667 9.770833 9.820689 9.802778 9.775556 9.742857 9.80303 10.08986 10.03636 10.29333 10.52639 10.76897 10.8375 10.8 10.652 10.70667 10.70667 10.55139 10.56133 10.64598 10.70794 10.672 10.67167 10.575 10.46049 10.43333 10.46444 10.30417 10.304 10.25079 10.16833 10.10769 10.05694 10.00333 9.975 10.02667 10.08133 10.11833
10.77857 10.83333 10.69722 10.6058 10.40833 10.14667 10.05972 10.07778 10.105 10.22 10.35 10.09444 9.974444 10.20278 10.48985 10.59275 10.64 10.42414 10.16806 10.0092 10.03067 10.06032 9.921333 9.958333 9.957471 9.922222 9.953333 10.03793 9.985714 10.04133 10.07667 10.09067 10.1642 10.23611 10.3 10.21515 10.42133 10.69 10.85 10.84889 10.76528 10.59889 10.725 10.77937 10.625 10.58333 10.60247 10.72361 10.78395 10.7 10.6058 10.56133 10.56167 10.58667 10.53043 10.43333 10.39556 10.33056 10.24483 10.17167 10.07302 10.07917 10.09697 10.15333 10.21528
10.9037 10.9284 10.68472 10.62619 10.43167 10.27733 10.22576 10.20556 10.19333 10.2375 10.1642 10.08 10.12273 10.10641 10.10972 10.32111 10.60556 10.548 10.23175 10.185 10.23214 10.24861 10.26111 10.08611 9.871428 10.036 10.245 10.32469 10.4125 10.41728 10.41481 10.34545 10.31867 10.52333 10.36133 10.45333 10.60278 10.74556 10.89306 10.91067 10.77167 10.67937 10.74568 10.82917 10.75667 10.72639 10.75256 10.82121 10.83 10.82133 10.80278 10.72889 10.68194 10.61111 10.56543 10.54833 10.508 10.41667 10.35256 10.30595 10.19306 10.17444 10.27576 10.30278 10.30794
10.935 10.98133 10.74167 10.58851 10.568 10.51806 10.42619 10.375 10.284 10.2619 10.32308 10.37738 10.31111 10.31605 10.26833 10.31944 10.62174 10.84861 10.53333 10.35972 10.43951 10.45333 10.4746 10.35897 10.21667 10.15889 10.36528 10.51467 10.59855 10.62167 10.65641 10.675 10.68851 10.80267 10.72361 10.74533 10.78333 10.81333 10.93056 10.94103 10.81667 10.79306 10.83086 10.89 10.84583 10.84697 10.83889 10.83444 10.83333 10.83333 10.83167 10.80667 10.76667 10.71515 10.67556 10.58194 10.57778 10.55556 10.55 10.49867 10.43 10.38333 10.39333 10.36667 10.35
11.02778 11.07471 10.908 10.68667 10.70133 10.66333 10.60667 10.48611 10.47949 10.44198 10.40167 10.396 10.49048 10.48214 10.54359 10.53333 10.56786 10.86333 10.6 10.59206 10.608 10.63678 10.69583 10.65595 10.64333 10.66377 10.65652 10.6125 10.73778 10.82639 10.7954 10.85833 10.86667 10.95733 10.90694 10.86111 10.90694 10.92179 10.99306 10.99 10.91733 10.92424 10.92262 10.93462 10.89583 10.86667 10.85833 10.83467 10.83333 10.83333 10.83333 10.82917 10.80111 10.74091 10.73478 10.69848 10.63833 10.6092 10.575 10.54889 10.51111 10.44928 10.41733 10.39833 10.36667
11.01364 11.18333 10.9619 10.80556 10.83889 10.72222 10.6873 10.63472 10.63167 10.6 10.4875 10.48214 10.59333 10.57833 10.54133 10.68833 10.71 10.86667 10.89467 10.78214 10.69 10.73067 10.79833 10.7284 10.7679 10.78611 10.79655 10.795 10.844 10.92 10.91389 10.93667 10.95 10.99444 11.00333 11.00152 11.02464 11.02576 11.01778 10.99722 11 11 10.98667 10.98533 10.96 10.93889 10.88472 10.86 10.84828 10.8381 10.83333 10.83333 10.83194 10.80769 10.74583 10.74 10.70417 10.66026 10.59 10.56667 10.52692 10.45972 10.41667 10.37361 10.33457
10.90333 11.125 10.94815 10.805 10.90333 10.77976 10.73889 10.72889 10.74722 10.72121 10.69855 10.67 10.7069 10.72222 10.71264 10.764 10.88833 10.972 10.955 10.75 10.72639 10.7716 10.89753 10.88 10.888 10.925 10.95357 10.96533 10.98056 11.02222 10.975 10.96667 10.97167 11.05556 11.06667 11.06667 11.06556 11.05758 11.04306 11.04286 11.03833 11.00222 11.00833 11.02444 11.01389 11.00635 11.00556 10.99833 10.98214 10.96806 10.92738 10.85641 10.83333 10.83333 10.83 10.78133 10.73913 10.71467 10.62988 10.58611 10.55977 10.49667 10.43478 10.3697 10.32879
10.996 11.02727 10.96944 10.85667 10.93333 10.82963 10.78333 10.80455 10.79103 10.79028 10.76333 10.74861 10.85467 10.93492 10.90167 10.9 11.0375 11.06778 10.88889 10.85303 10.89855 10.87667 10.96552 10.97222 10.95862 10.97867 10.98413 11.036 11.03833 11.08452 11.03472 11.06154 11.06667 11.07273 11.06667 11.06833 11.06667 11.06667 11.06667 11.06556 11.05556 11.05733 11.05333 11.06032 11.04321 11.03889 11.03333 11.03333 11.03333 11.03333 10.99667 10.92533 10.84444 10.83333 10.83333 10.83333 10.81733 10.67333 10.58 10.57333 10.59524 10.4859 10.4 10.42 10.36364
