DATA/PredictorVariables/Current/tmed_inv.asc
ncols         590
nrows         274
xllcorner     -7.522276026
yllcorner     35.996888128
cellsize      0.01
NODATA_value  -9999
[rows 87 to 115 of 274, columns 195 to 259 of 590]
8.119047 8.101389 8.125 8.211667 8.312698 8.113889 8.076812 8.061111 8.136111 7.992308 8.048809 8.233334 8.378667 8.536667 8.706349 8.917241 8.958333 9.052222 9.094444 9.108696 9.112 9.043333 9.021334 8.950793 8.74 8.494253 8.531944 8.834444 8.708333 8.658334 8.654667 8.645 8.617333 8.698611 8.819445 9.107778 9.061111 8.927778 9.025397 8.921667 8.908 8.973333 8.889744 8.966666 9.044444 9.132222 9.225 8.991111 8.868254 8.833333 8.982667 9.191667 9.3 9.288889 9.236111 9.31 9.1875 8.947778 8.914493 9.015 9.068 9.281667 9.576 9.777273 9.819445
8.5 8.430159 8.361729 8.409877 8.393056 8.284445 8.171429 8.059421 7.942424 7.888333 7.985057 8.084723 8.223456 8.314815 8.456944 8.694667 8.936666 9.021739 9.098551 9.118055 9.133333 9.130555 9.088889 9.03718 8.92 8.684 8.688334 8.771014 8.551852 8.629167 8.701111 8.752778 8.675308 8.953623 8.826667 8.676 8.811666 9.056 9.017284 8.976389 8.958889 9.030556 8.994872 9.033334 9.03 9.193334 9.265 9.144872 8.950617 8.922222 9.016666 9.15 9.320513 9.192754 9.23 9.106667 9.033334 9.014493 9.104762 9.240278 9.3 9.569445 9.72963 9.816 9.865
8.504598 8.640278 8.656667 8.605333 8.615 8.387654 8.278666 8.201389 8.143333 8.070833 8.123077 8.196667 8.128333 8.118667 8.284722 8.443334 8.55 8.673611 8.806896 8.825 8.916 9.001667 9.056666 8.906667 8.8875 9 8.906944 8.622222 8.562667 8.55 8.634666 8.8 8.905797 9.071111 8.8625 8.786667 8.9875 8.869697 8.869333 8.938334 8.937333 9.066667 9.129167 9.128889 9.093056 9.15 9.236111 9.263492 9.202666 9.07 9.12 9.225397 9.333333 9.243333 9.079166 9.051111 9.116667 9.210145 9.269333 9.336667 9.448 9.673333 9.762121 9.836667 9.890278
8.46 8.457778 8.647223 8.761111 8.570833 8.562121 8.382667 8.416667 8.296 8.208695 8.275 8.386666 8.293056 8.338889 8.478333 8.423333 8.424 8.52 8.57 8.611111 8.629167 8.698889 8.825 8.922667 8.768333 8.953333 9.105333 8.777778 8.55 8.555555 8.7625 8.932222 9.060317 9.238667 9.095 9.106667 9.023809 8.891666 8.816667 8.752778 8.821333 8.921429 8.99 9.133333 9.201667 9.221666 9.220238 9.236111 9.368889 9.251389 9.306666 9.129762 9.243333 9.269333 9.131667 9.151667 9.264197 9.358334 9.46 9.480556 9.561334 9.693104 9.771213 9.838667 9.903334
8.6625 8.638667 8.683333 8.606349 8.569231 8.636111 8.53 8.583333 8.519231 8.576 8.558333 8.586667 8.54 8.622666 8.710714 8.684722 8.641111 8.622222 8.551516 8.537682 8.521667 8.377334 8.602777 8.68395 8.37284 8.733334 9.124444 9.046667 8.980303 8.926087 8.956667 9.105747 9.161111 9.288889 9.355556 9.354167 9.28642 9.223333 9.175363 9.107575 9.093333 9.084444 9.0625 9.046429 9.096154 9.181945 9.322222 9.346666 9.429167 9.420635 9.435 9.306666 9.355556 9.190476 9.15641 9.256945 9.414286 9.483334 9.505555 9.553968 9.613334 9.709524 9.7625 9.766666 9.896
8.819445 8.88395 8.654321 8.559722 8.523809 8.433333 8.607246 8.710606 8.739394 8.716666 8.730556 8.738095 8.733334 8.796825 8.841333 8.843333 8.866667 8.864 8.790277 8.744445 8.702778 8.627586 8.953968 8.685 8.485333 8.521667 8.869047 9.212 9.259722 9.174444 9.211111 9.301282 9.253333 9.333333 9.442667 9.413636 9.348889 9.333333 9.294444 9.282222 9.2875 9.277333 9.313334 9.368333 9.377334 9.314493 9.372222 9.418056 9.473611 9.53 9.531944 9.5 9.45 9.325 9.258667 9.40303 9.497778 9.5 9.541667 9.572222 9.636111 9.682716 9.671667 9.656667 9.717334
8.930159 8.953333 8.698667 8.622222 8.734483 8.656 8.620833 8.714444 8.663636 8.872 9 8.981667 8.846429 8.934722 8.915556 9.031944 9.020833 8.933333 8.876667 8.892 8.875 8.910145 9.074445 8.759722 8.58 8.672222 8.820635 8.956 9.171667 9.296 9.318841 9.320833 9.311111 9.356944 9.422222 9.425757 9.22 9.352 9.356667 9.370513 9.395833 9.410666 9.440229 9.473611 9.533334 9.546032 9.54127 9.5625 9.601666 9.571795 9.534722 9.542308 9.534524 9.497222 9.491111 9.496969 9.501515 9.526087 9.568334 9.554667 9.559421 9.611111 9.585185 9.551389 9.536667
9.044444 8.981944 8.787778 8.817391 8.906667 8.914667 9.018333 9.143209 9.072222 9.130555 9.091111 9.061111 8.962963 9.018333 9.11746 9.133333 9.004348 8.994445 8.958333 8.971795 8.973809 9.026984 9 9.013333 8.722727 8.79359 8.8625 8.932222 9.022223 9.12716 9.243055 9.35 9.357333 9.363334 9.379167 9.437037 9.355556 9.36 9.372222 9.419753 9.477273 9.508333 9.549334 9.58 9.591358 9.592 9.591666 9.576667 9.581944 9.535632 9.5 9.498333 9.510667 9.501667 9.5 9.5 9.495833 9.472222 9.484722 9.467778 9.480952 9.456667 9.552 9.671667 9.637333
8.949333 9.166667 8.998413 8.846429 9.031944 9.091111 9.077778 9.213889 9.252778 9.275 9.296 9.324243 9.259259 9.195062 9.269444 9.251111 9.152381 9.052174 8.943939 8.98 8.990477 8.930555 8.752381 8.81282 9.098611 9.016049 8.865 8.870667 9.005 9.154546 9.283334 9.358334 9.366667 9.370833 9.4 9.442667 9.455 9.393333 9.475 9.5 9.497778 9.506945 9.546667 9.5875 9.587879 9.597333 9.585 9.574667 9.535 9.504167 9.484445 9.468056 9.474444 9.495833 9.471014 9.444 9.461667 9.458667 9.465 9.452174 9.377011 9.380555 9.393333 9.480556 9.612821
8.893827 9.064198 9.230556 8.979487 9.048333 9.247826 9.226087 9.236111 9.336667 9.35 9.4 9.376812 9.351666 9.313334 9.196667 8.908642 8.58 8.641666 8.708889 8.676389 8.696297 8.798333 8.818334 8.862667 9.004348 9.158889 9.284722 9.244445 9.274445 9.334848 9.362667 9.365 9.366667 9.366667 9.381945 9.402223 9.490278 9.492 9.468966 9.468333 9.469334 9.485 9.515152 9.529488 9.577778 9.565556 9.476389 9.428395 9.430864 9.365 9.382667 9.406667 9.381945 9.414493 9.4625 9.368889 9.341666 9.343678 9.406667 9.460606 9.496 9.4 9.365334 9.436666 9.473913
8.92 9.104 9.328985 9.162069 9.274667 9.333333 9.331035 9.276667 9.304 9.393333 9.18254 8.967778 8.9875 8.893333 8.770833 8.583333 8.406667 8.383333 8.658667 8.851515 8.852 8.849425 8.913889 8.974444 9.036508 9.185715 9.156944 9.231667 9.356791 9.361111 9.366667 9.366667 9.373611 9.388095 9.403334 9.437681 9.495455 9.488334 9.474444 9.466666 9.452873 9.432 9.425 9.396297 9.408334 9.468 9.426666 9.39 9.387777 9.348611 9.326667 9.331944 9.331944 9.354762 9.408334 9.448 9.355 9.305 9.333333 9.338889 9.431111 9.497222 9.481334 9.511495 9.552381
8.804167 8.966666 8.85873 8.845 9.030666 8.968333 8.852222 8.881945 9.244 9.191954 8.866667 8.914667 8.911667 8.909524 8.932052 8.915277 8.79 8.908334 9.034568 9.08 9.15 9.110666 9.061666 9.069231 9.1 9.173611 9.254444 9.323611 9.361729 9.315873 9.185 9.266666 9.393651 9.43 9.468056 9.497222 9.477777 9.452778 9.42 9.405 9.338333 9.344 9.336364 9.331111 9.354167 9.4 9.376667 9.394444 9.378667 9.343333 9.32381 9.3 9.304545 9.317778 9.327778 9.441976 9.474074 9.409722 9.325926 9.266666 9.280556 9.412699 9.501667 9.473563 9.468056
8.751667 8.785507 8.81954 8.772223 8.827778 8.988889 8.971212 8.986957 9.088333 9.442307 9.220834 9.193828 9.197531 9.25 9.285714 9.288333 9.263889 9.284127 9.283334 9.331111 9.311111 9.244445 9.209723 9.215152 9.289333 9.338333 9.4 9.365151 9.315278 9.187778 9.1625 9.292222 9.4 9.473333 9.498667 9.5 9.470667 9.422222 9.367949 9.378572 9.368055 9.328889 9.315151 9.34058 9.315151 9.318334 9.32 9.306945 9.345238 9.31282 9.3125 9.277778 9.272727 9.282666 9.291667 9.336667 9.438666 9.471014 9.444445 9.404166 9.370833 9.347777 9.427778 9.498718 9.485
9.005953 9.027273 9.029333 9.003333 9.082608 9.294871 9.109722 9.237778 9.409722 9.548809 9.507936 9.475 9.465333 9.45873 9.44 9.444445 9.4375 9.432222 9.384849 9.401334 9.405 9.376667 9.397531 9.359722 9.406667 9.470834 9.503846 9.35641 9.335 9.353333 9.4 9.427536 9.488889 9.511111 9.516666 9.498611 9.44138 9.37619 9.278334 9.266666 9.345 9.355952 9.288889 9.261111 9.276667 9.277778 9.267777 9.271667 9.305 9.265333 9.3 9.295062 9.277778 9.270833 9.27 9.329166 9.368889 9.455556 9.45873 9.391666 9.386666 9.397333 9.380555 9.41358 9.464197
9.22963 9.172222 9.125287 9.133333 9.308333 9.425641 9.356667 9.529333 9.671667 9.738889 9.702222 9.666667 9.603333 9.550725 9.536667 9.526667 9.501667 9.523457 9.515278 9.528205 9.519048 9.498611 9.446428 9.413333 9.38116 9.315151 9.388889 9.412222 9.518056 9.535632 9.537333 9.533334 9.509334 9.5 9.490666 9.355 9.307246 9.306666 9.284722 9.238889 9.245833 9.277273 9.354667 9.298333 9.278666 9.243333 9.261539 9.25119 9.269444 9.24 9.248611 9.284616 9.298485 9.288333 9.272 9.283334 9.320238 9.350667 9.4625 9.444445 9.356944 9.346666 9.375 9.373333 9.386666
9.351191 9.296667 9.323334 9.356 9.502898 9.626667 9.654166 9.705334 9.731034 9.785 9.778666 9.676666 9.665152 9.642858 9.611111 9.593333 9.591666 9.601282 9.59697 9.595 9.556 9.557143 9.529885 9.544 9.516666 9.544444 9.563768 9.552 9.536667 9.533334 9.534667 9.5 9.465555 9.430555 9.356 9.296552 9.266666 9.262667 9.225 9.209091 9.216 9.2375 9.303333 9.319445 9.304598 9.268 9.246667 9.24 9.245 9.246667 9.233334 9.236111 9.243333 9.273611 9.284445 9.298611 9.296825 9.3 9.366667 9.488 9.465 9.425 9.416092 9.375 9.37
9.5 9.464444 9.484722 9.626667 9.731746 9.775758 9.797101 9.818334 9.787356 9.784722 9.834524 9.701283 9.668056 9.666667 9.658334 9.662666 9.666667 9.666667 9.668889 9.661111 9.645555 9.643478 9.636666 9.646667 9.606667 9.602564 9.590278 9.569333 9.557471 9.533334 9.523334 9.506667 9.469565 9.431818 9.383333 9.349425 9.318055 9.302299 9.262667 9.245833 9.239285 9.196667 9.205334 9.275 9.243333 9.271111 9.288889 9.247778 9.220834 9.216 9.233334 9.233334 9.233334 9.233334 9.278788 9.3 9.3 9.306666 9.386111 9.44138 9.484 9.438095 9.417334 9.441667 9.433333
9.483334 9.606667 9.745 9.828 9.879012 9.851389 9.843333 9.854167 9.862667 9.873015 9.86 9.746667 9.726389 9.673333 9.670834 9.666667 9.687356 9.695 9.705334 9.673333 9.669841 9.65977 9.644444 9.634444 9.627778 9.614815 9.589394 9.57 9.56 9.535 9.529885 9.529333 9.520833 9.497778 9.408334 9.307693 9.271667 9.243333 9.210667 9.216666 9.228889 9.201389 9.2 9.191954 9.209723 9.222667 9.293333 9.233334 9.221212 9.201515 9.223333 9.233334 9.233334 9.233334 9.234722 9.276544 9.3 9.308 9.388333 9.388333 9.404597 9.479167 9.488889 9.456944 9.425333
9.727777 9.562069 9.772 9.912121 9.922667 9.911667 9.9 9.9 9.904166 9.902223 9.861111 9.791111 9.783334 9.792064 9.781944 9.711667 9.741111 9.698611 9.687654 9.686419 9.676389 9.652 9.636666 9.633333 9.616667 9.6 9.583333 9.545834 9.528889 9.463889 9.363334 9.382667 9.415 9.505333 9.507246 9.484615 9.375 9.294444 9.261111 9.259091 9.233334 9.20606 9.2 9.174666 9.173611 9.176666 9.233334 9.272223 9.211111 9.233334 9.226666 9.25 9.238334 9.233334 9.233334 9.243333 9.288889 9.302564 9.355952 9.409722 9.374359 9.416667 9.398611 9.422222 9.461667
9.901667 9.905 9.897436 9.979167 10.00778 9.966666 9.968 9.953846 9.94 9.930667 9.871667 9.853333 9.864285 9.855556 9.856667 9.8375 9.772223 9.715873 9.69 9.688 9.676389 9.655556 9.611111 9.604167 9.606667 9.551666 9.426666 9.39 9.423809 9.388095 9.368055 9.336667 9.3875 9.401191 9.352174 9.533334 9.514667 9.436666 9.333333 9.301389 9.281944 9.222222 9.191667 9.166667 9.166667 9.173333 9.184 9.248333 9.25679 9.244445 9.233334 9.249383 9.266666 9.263333 9.274603 9.259722 9.298412 9.301666 9.324 9.354167 9.39 9.366667 9.334723 9.337778 9.383333
10.09556 10.10694 10.11149 10.125 10.09683 10.04444 10.03182 10.01111 9.9375 9.935715 9.915384 9.88254 9.877334 9.866667 9.866667 9.866667 9.851389 9.781111 9.684722 9.666667 9.665 9.626985 9.638889 9.5 9.413794 9.4875 9.471605 9.406173 9.347222 9.314102 9.32 9.317333 9.335 9.287879 9.332222 9.480556 9.533334 9.518056 9.466666 9.424 9.328333 9.213333 9.18 9.188889 9.222222 9.283334 9.198889 9.186111 9.233334 9.260318 9.26 9.248 9.266666 9.266666 9.293056 9.298611 9.3 9.3 9.3 9.32 9.342857 9.363889 9.333333 9.317333 9.315278
10.14 10.14167 10.14321 10.14074 10.13472 10.12 10.09545 10.02533 9.978333 9.936666 9.938095 9.920834 9.892222 9.854167 9.804 9.844 9.866667 9.744 9.566667 9.565385 9.559259 9.519444 9.58 9.613889 9.464 9.377778 9.375 9.378667 9.373913 9.336667 9.318055 9.291667 9.292222 9.271213 9.338667 9.438334 9.453031 9.516666 9.531944 9.518888 9.466666 9.410345 9.378667 9.35 9.352 9.3 9.256 9.234848 9.252778 9.256667 9.266666 9.274445 9.293056 9.277273 9.276389 9.3 9.305333 9.3 9.3 9.3 9.302778 9.321111 9.361111 9.343333 9.301666
10.20476 10.19359 10.195 10.14533 10.13667 10.13333 10.11806 10.07083 10.03222 9.9875 9.953087 9.906667 9.861905 9.726389 9.726087 9.693334 9.775 9.659524 9.533334 9.504762 9.501333 9.461667 9.541333 9.6125 9.6 9.43 9.383333 9.366667 9.366667 9.363492 9.352777 9.323334 9.328571 9.322222 9.367857 9.430769 9.344444 9.456322 9.483334 9.528 9.555 9.545 9.496552 9.456944 9.412222 9.384722 9.283334 9.353847 9.286667 9.268 9.266666 9.281944 9.319445 9.3 9.281111 9.316667 9.324445 9.327778 9.301666 9.3 9.3 9.3 9.316667 9.319231 9.302381
10.28 10.23793 10.20694 10.17333 10.13333 10.13333 10.13333 10.07167 9.965333 9.90303 9.862963 9.830864 9.752778 9.685555 9.653968 9.644 9.663333 9.73 9.597619 9.509722 9.492222 9.469444 9.482667 9.542666 9.665 9.52 9.39 9.368 9.358025 9.366667 9.366667 9.366667 9.366667 9.366667 9.393333 9.381333 9.341269 9.418889 9.380555 9.474359 9.514286 9.555555 9.566667 9.561666 9.529166 9.446032 9.422222 9.398889 9.388889 9.327778 9.268056 9.269444 9.295062 9.306666 9.302667 9.31 9.316667 9.302381 9.301389 9.3 9.3 9.3 9.3 9.303333 9.304
10.31944 10.29487 10.205 10.19206 10.14533 10.12083 10.13111 10.11667 10.11191 10.05139 10.01167 9.929334 9.845 9.747619 9.708333 9.648611 9.64 9.6625 9.682716 9.573334 9.512121 9.5 9.492754 9.536667 9.631945 9.581609 9.504 9.471212 9.453333 9.416667 9.408 9.366667 9.366667 9.366667 9.376389 9.377778 9.315942 9.353623 9.356061 9.333333 9.416 9.49855 9.591111 9.623611 9.630555 9.586667 9.520289 9.477333 9.415 9.377778 9.383333 9.37971 9.336667 9.333333 9.329885 9.309334 9.318055 9.326667 9.326667 9.301333 9.3 9.3 9.293333 9.276389 9.293333
10.32609 10.26795 10.17024 10.14444 10.1069 10.075 10.07778 10.07619 9.998413 9.953333 9.922222 9.966666 9.958333 9.901515 9.824 9.743333 9.664 9.64058 9.646428 9.666667 9.608334 9.537778 9.5 9.506667 9.605 9.665 9.567857 9.45 9.462222 9.436111 9.391358 9.388 9.37 9.366667 9.366667 9.358666 9.352 9.334723 9.337778 9.320833 9.347777 9.507936 9.45 9.536 9.621667 9.630864 9.619445 9.603572 9.514103 9.477777 9.46 9.379365 9.36 9.346666 9.335 9.333333 9.331944 9.333333 9.3625 9.348718 9.308333 9.3 9.254666 9.205 9.250667
10.27778 10.28667 10.21867 10.135 10.11444 10.07361 10.03611 10.02444 10.06667 9.977333 9.923333 9.924242 9.966666 9.852777 9.867778 9.775 9.764368 9.690909 9.656667 9.646667 9.628333 9.634523 9.581944 9.514667 9.542529 9.647223 9.644444 9.546667 9.450725 9.436363 9.43492 9.418889 9.375 9.375556 9.366667 9.359722 9.366667 9.36 9.356 9.336667 9.351282 9.438272 9.358334 9.45 9.570833 9.62381 9.648334 9.65 9.628 9.558333 9.521839 9.488889 9.413333 9.385057 9.359722 9.334444 9.333333 9.338889 9.361905 9.356667 9.314102 9.266666 9.263333 9.270833 9.290277
10.29444 10.225 10.26444 10.26528 10.26667 10.23467 10.125 10.07949 10.03194 10.00124 9.980247 9.952778 9.979762 9.868333 9.905334 9.811666 9.763637 9.734445 9.666667 9.637777 9.629167 9.625 9.604348 9.551666 9.552 9.657576 9.641379 9.657333 9.583333 9.472222 9.436232 9.433333 9.431666 9.406349 9.373611 9.366667 9.366667 9.345834 9.333333 9.330667 9.314285 9.308 9.371667 9.417334 9.450793 9.565278 9.645555 9.666667 9.663333 9.619445 9.568055 9.469697 9.43 9.414667 9.378333 9.368889 9.359722 9.348611 9.325556 9.288889 9.3 9.31 9.3 9.408695 9.421667
10.344 10.32667 10.27302 10.25 10.23194 10.23333 10.25 10.14691 10.10758 10.07833 10.00533 9.985714 10.01556 9.919444 9.892 9.86092 9.795455 9.732 9.698334 9.639131 9.622222 9.625 9.578889 9.565278 9.584444 9.606061 9.581667 9.629333 9.661667 9.587179 9.481944 9.451852 9.445679 9.4 9.365556 9.353333 9.348 9.338333 9.333333 9.335714 9.318055 9.315556 9.316667 9.341975 9.367949 9.45 9.506667 9.65 9.666667 9.665217 9.636111 9.591111 9.4875 9.403334 9.379167 9.396826 9.398611 9.363334 9.326667 9.306349 9.274713 9.316 9.411111 9.494445 9.497222
