DATA/PredictorVariables/Current/tmed_inv.asc
ncols         590
nrows         274
xllcorner     -7.522276026
yllcorner     35.996888128
cellsize      0.01
NODATA_value  -9999
[rows 145 to 173 of 274, columns 390 to 454 of 590]
7.261905 7.118055 6.943333 6.781333 6.558333 6.164 5.69 5.401333 5.375 5.571667 5.461333 4.986667 4.540741 4.386111 4.34 4.256945 4.805555 4.643333 4.741667 4.935555 4.795833 4.82 5.093056 5.334722 5.657778 5.720833 5.755556 5.75 5.751111 5.994444 6.440278 6.745555 6.927778 7.092222 7.340278 6.963333 7.123611 7.006945 6.991111 6.998611 7.214445 7.436111 7.608889 7.218056 7.364444 7.441667 7.334722 7.401111 7.315278 7.467778 7.648611 7.598765 7.308333 7.306667 7.16 7.003334 6.941333 6.891667 6.781333 6.686666 6.59 6.485333 6.335 6.222667 6.173333
7.418056 7.323333 7.173611 6.996666 6.756945 6.372222 5.790278 5.319445 5.322222 5.165278 4.76 4.679167 4.757143 4.316667 4.048 4.445 4.538333 4.597333 4.691667 4.917333 4.541667 4.504 4.878334 5.088333 5.16 5.183333 5.424 5.758333 6.121333 6.291667 6.358333 6.556 6.808333 7.024 6.996666 6.868 6.91 6.886667 6.912 6.916667 7.132222 7.494444 7.338889 7.202778 7.288095 7.376923 7.302778 7.34 7.2125 7.228889 7.380556 7.613333 7.304167 7.148611 7.225555 7.181944 7.078889 6.986111 6.901111 6.781944 6.711111 6.65 6.504167 6.387778 6.352778
7.128334 7.229333 7.111667 6.718667 6.415 5.936 4.943333 4.598333 4.560256 4.45 4.52 5.159722 5.261111 5.097222 4.966667 4.908889 4.363889 4.296667 4.518055 4.78 4.676389 4.871111 5.138889 5.073611 5.142222 5.569445 5.813334 5.794445 5.63 5.195833 5.686111 6.041111 6.6375 6.777778 6.680555 6.668889 6.813889 6.823611 6.848889 6.884849 7.177333 7 7.048 7.176667 7.208333 7.26 7.213333 7.253334 7.188334 7.174667 7.191667 7.573333 7.473333 7.225 7.168 7.198333 7.189333 7.095 7.012 6.918334 6.866667 6.798666 6.705 6.601333 6.573333
7.4125 7.397778 7.211111 6.783333 6.601389 6.278889 5.85 5.047222 4.343678 4.543334 5.164 5.576667 5.344 5.086667 5.118333 4.854667 4.918334 4.284 4.246666 4.614666 5.046667 5.162121 5.534782 5.435 5.597333 5.593333 5.146667 4.766667 4.908 4.813334 5.161667 5.790667 6.3 6.36 6.277778 6.592222 6.797222 6.7 6.77 6.961111 6.786667 6.919445 7.042222 7.038889 7.122222 7.164444 7.140278 7.214445 7.134722 7.148889 7.170833 7.472222 7.475 7.306944 7.166667 7.155556 7.148889 7.152778 7.086667 7.043056 6.995833 6.925556 6.820833 6.773334 6.777778
7.656667 7.584 7.378334 6.998667 7.075 6.811494 6.475 6.055555 5.444445 5.102778 5.495555 5.418056 5.292222 5.501389 5.009722 5.318889 5.355556 4.928889 4.869444 4.902222 5.340278 5.652778 5.673333 5.725 5.913333 5.823611 5.318889 5.215278 4.736667 4.402778 5.058333 5.392222 5.586667 5.898667 6.175 6.402667 6.731667 6.556667 6.736 6.803333 6.525333 6.606667 6.736 6.998333 7.09 7.074667 7.083333 7.150667 7.133333 7.165333 7.226666 7.477334 7.31 7.343333 7.166667 7.16 7.137333 7.143333 7.153333 7.095 7.068333 7.024 6.961667 6.916 6.886667
7.859722 7.751111 7.520833 7.337778 7.172222 6.985714 6.564 6.133333 5.857333 5.915 6.125333 5.808333 6.134666 5.975 5.821667 5.858667 5.333333 5.046667 4.806667 5.178667 5.665 5.95 5.912 5.863333 5.581333 5.515 5.26 5.609722 5.483333 5.008333 4.868055 4.477778 4.55 5.366667 5.868055 6.08 6.443056 6.493055 6.594444 6.7375 6.587778 6.383333 6.402222 6.748611 6.952778 7.011111 7.047222 7.114444 7.141667 7.221111 7.348611 7.413333 7.255556 7.284722 7.172222 7.148611 7.137778 7.155556 7.151111 7.090278 7.106945 7.093333 7.05 7.014444 6.9875
7.983333 7.865385 7.759722 7.555555 7.276389 6.994444 6.69 6.306944 6.031111 6.054167 6.442222 6.380556 6.221428 6.246154 6.269444 5.938889 5.613889 5.63 5.554167 5.997778 5.986111 5.875 5.534444 5.444445 4.963333 4.918056 5.102667 5.511667 5.295 4.248 3.631667 4.188 4.49 4.932 5.166667 5.430666 6.021667 6.3 6.432 6.53 6.449333 5.903333 5.570667 6.335 6.756667 6.942667 7.101666 7.109334 7.173333 7.216 7.331666 7.185333 7.241667 7.203333 7.169333 7.12 7.110667 7.088333 7.074667 7.081666 7.1 7.086667 7.065 7.049333 7.028333
8.006945 7.934483 7.806667 7.581333 7.263333 7.135 6.790667 6.531667 6.234667 6.22 6.684 6.633333 6.406667 6.424 6.383333 6.258667 5.996666 6.209333 6.21 6.225333 5.842857 5.856945 5.766667 5.411111 5.134444 5.155556 5.067778 4.6125 3.927778 3.992222 3.936111 4.158889 4.169445 3.88 4.254167 4.728889 5.526389 6.125 5.978889 5.952778 6.232222 5.816667 5.41 5.959722 6.547222 6.917778 6.911111 7.062222 7.075 7.182222 7.172222 7.134722 7.146667 7.168056 7.116667 7.088889 7.074444 7.063889 7.043334 7.054167 7.040278 7.024445 7.0125 7.021111 7.033333
8.101389 8.007778 7.848611 7.518391 7.22 7.084722 6.981111 6.801389 6.508889 6.606945 6.826667 6.244444 6.301389 6.701111 6.9125 6.82 6.659722 6.904444 6.661111 6.020689 5.523611 5.21 5.422667 5.271667 5.269333 5.608333 5.446667 4.96 4.331666 4.634666 4.593333 4.114666 3.586667 3.252 3.373333 4.504546 5.389855 5.823333 5.509333 5.243333 5.658667 5.521667 5.017334 5.366667 6.06 6.534667 6.775 6.990667 7.05 7.128 7.078333 7.011667 6.814667 7.035 7.036 7.015 7.026667 6.975 6.924 6.948333 6.978333 6.962667 6.948333 6.956 6.995
8.18 8.1 7.876667 7.436666 7.110667 6.963333 7.126667 7.066667 6.612 6.915 6.693333 6.57 6.586667 7.134666 7.206666 7.301333 7.06087 6.925556 6.805555 6.233333 5.781111 5.6375 4.968889 3.886111 3.882222 4.463889 4.674445 4.941667 4.716667 4.437778 4.220833 3.657778 3.163889 3.053333 2.977778 3.651389 4.835556 5.586111 4.938889 4.65 4.683333 4.847222 5.327778 5.969444 6.440278 6.752222 6.891667 6.941111 7.048611 6.966667 7.384722 7.213889 7.017778 6.993055 6.933333 6.911111 6.876667 6.747222 6.8 6.525 6.7375 6.834445 6.825 6.823333 6.840278
8.2125 8.193334 8.027778 7.755556 7.505556 7.319445 7.176667 7.183333 7.064445 7.1 6.785058 6.796 7.179167 7.277778 6.902778 6.384444 5.938095 5.961333 6.128334 5.781667 5.621333 5.121666 4.750667 4.258333 3.318667 3.331667 4.065333 3.826667 3.468333 3.098667 2.995 2.950667 2.888333 2.592 2.585 3.578333 4.625333 4.985 4.614666 4.1 4.756 5.326667 5.853333 6.078333 6.385 6.522666 6.803333 6.812 6.861905 6.787778 6.798611 6.856945 6.887778 6.847222 6.803333 6.766667 6.65 6.227778 6.601111 6.509722 6.556944 6.658889 6.659722 6.654444 6.638889
8.151667 8.166667 8.136666 7.995 7.489333 7.285 7.053333 6.85 7.026667 7.088333 6.941667 7.368 7.084722 6.55 6.136111 5.79 5.534722 5.717778 5.306944 4.525 3.977778 4.094444 4.447778 4.495833 4.283333 4.270833 3.726191 3.692308 3.461111 3.385556 3.388889 3.414444 2.8375 2.34 2.604167 3.290278 4.148889 4.206944 3.701111 4.069445 4.747778 4.801389 5.152222 5.527778 6.054167 6.493333 6.379167 6.416667 6.621739 6.549333 6.358333 6.246666 6.596 6.521667 6.642667 6.528333 6.316 6.156667 6.353333 6.07 6.166667 6.162667 6.415 6.417333 6.266667
7.897222 7.941975 7.960494 7.961111 7.803333 7.725 7.662222 7.720833 7.664444 7.570833 7.458333 7.397778 7.36 7.192 7.011667 6.868 6.761667 6.676 6.555 6.031667 5.457334 5.483333 6.064 5.935 5.833333 5.773334 5.498333 5.473333 5.235 5.124 4.848333 4.546667 4.111667 3.646667 2.983333 2.703333 3.333333 3.31 2.954023 3.468055 3.874444 4.540278 5.221111 5.773611 6.069445 6.017778 5.719444 6.157778 6.25 6.205555 5.895833 5.622222 5.764444 6.043056 6.37 6.258333 5.614444 5.322222 6.001111 5.784722 5.251389 5.725555 5.9125 5.924445 5.675
7.655 7.68 7.730667 7.76 7.722667 7.506667 7.278666 7.25 7.4 7.166667 6.490278 6.156667 6.306944 6.096667 6.358333 6.611111 6.569445 6.540476 6.642308 6.615278 6.667778 6.575 5.918889 4.958333 4.524445 4.302778 4.370833 4.365556 4.166667 4.258889 3.752778 3.383333 3.836111 3.43 3.231945 2.916667 2.227778 2.098611 2.025641 2.898333 4.046667 4.838333 5.42029 5.568182 5.92 5.282667 5.665 5.658667 5.53 5.614666 5.278333 4.815 5.518667 6.015 5.846667 5.986667 5.393333 4.773334 5.298666 5.311666 4.593333 5.372 4.946667 5.04 5.023334
7.580555 7.606945 7.622222 7.679167 7.7 7.640278 7.41 7.345833 6.941333 6.369841 5.94 5.664 5.426667 5.262667 5.496666 5.290667 5.001667 5.546667 5.297333 5.228333 5.634666 6.586667 6.509333 5.49 4.812 4.476666 4.036667 3.768 3.365 3.037333 2.695 2.243333 2.640278 2.167778 2.241667 2.541667 1.597778 0.9694445 1.927778 2.883333 3.868889 4.834722 4.709722 5.313334 5.345833 4.533333 5.244444 5.054444 4.876389 4.995555 4.244444 4.544445 5.39 5.234722 5.381111 5.5375 4.801111 4.215278 4.741111 5.131945 4.306944 4.771111 4.275 3.98 4.594444
7.565079 7.566667 7.574667 7.62 7.666667 7.547222 7.257778 7.108333 7.148611 7.11 6.852778 6.325555 5.255556 4.68 4.927778 5.162222 4.570833 4.554167 4.337778 3.940278 4.226666 5.038889 5.861111 6.413889 6.108889 6.166667 6.066667 5.915555 4.854167 3.626667 2.909722 2.756 2.105 1.386667 1.4 1.636667 0.4933333 0.405 1.888 3.201667 3.916 3.966667 4.603333 5.236 5.025 3.841333 4.803333 4.484 4.523334 4.385334 3.616667 4.433333 4.618667 4.395 4.802667 5.146667 4.426667 3.47 3.893333 4.365 3.866667 3.793333 3.998333 3.321333 4.125
7.466667 7.5125 7.515555 7.541667 7.471428 7.288333 6.908 6.636667 6.783333 6.728 6.081666 6.072 6.086667 5.690667 5.451667 5.525333 4.891667 4.085 3.322667 2.698333 3.096 3.363333 4.045333 5.033333 5.312 4.408333 4.951389 5.66 5.315278 4.431111 3.731945 3.198889 2.763889 1.413889 0.44 0.5333334 -0.34 -0.2458333 0.9155555 2.075 2.633333 3.638889 4.477778 4.572222 3.977778 3.505556 4.241667 3.631111 4.233333 3.916667 3.106945 3.698611 3.524444 4.013889 4.66 4.684722 3.507778 2.747222 2.848889 3.281945 3.309722 3.135556 3.579167 3.1 3.826389
7.381333 7.355072 7.327778 7.277778 7.19 7.019444 6.698889 6.480556 6.515278 6.243333 5.125 4.513333 4.948611 4.48 4.947222 5.735556 5.372222 4.595833 4.104445 3.530555 2.852222 2.491667 2.493333 3.322222 4.241025 3.636111 3.26 4.818666 5.901667 4.386667 2.745 1.8 1.471667 1.353333 0.06 -0.4716667 -0.4586667 -0.415 0.1266667 0.8933333 1.88 3.006667 3.428333 3.373333 2.856667 2.806667 3.09 2.764 3.168333 3.334667 2.48 2.766667 3.213333 3.658333 3.602667 4.02 3.666667 2.738333 2.396 2.863333 2.571667 2.321333 2.543333 2.798667 3.475
7.455555 7.393651 7.285333 7.161667 6.929333 6.726666 6.488406 6.234848 6.101666 6.277333 4.953333 3.902667 3.821667 4.154667 4.866667 5.141667 5.013333 5.296667 4.981333 4.511667 4.205555 3.548611 2.632222 2.047222 2.659722 3.008889 2.576389 4.486667 4.863889 5.288889 3.602778 1.671111 0.2583333 -0.275 -0.1588889 0.2138889 0.09888889 -0.5444444 0.4122222 0.6930556 0.8855556 1.655556 2.059722 1.98 1.561111 1.796667 1.572222 1.498889 1.752778 1.924444 1.541667 1.290278 1.797778 1.923611 2.131111 2.456944 2.222222 2.069444 1.928889 2.565278 2.979167 1.875556 1.286111 1.615556 1.991667
7.523334 7.530556 7.362222 7.195833 7.104445 6.720833 6.401389 6.062222 5.781944 6.01 5.540278 4.61 4.386111 4.667778 4.648611 4.384722 3.951111 3.861111 4.154444 3.773611 3.457333 3.278333 3.110667 2.128333 1.818333 1.928 2.316667 4.042666 3.32 4.82 4.263333 2.613333 1.461667 0.2583333 0.28 1.27 0.5133333 -0.001666667 0.848 1.115 0.556 0.475 0.245 0.1853333 0.435 0.9706666 0.6166667 0.864 1.196667 1.165333 0.3633333 0.5883333 1.792 1.736667 0.6866667 0.6733333 1.22 1.238333 2.513333 3.331667 3.485 2.221333 1.191667 1.276 1.438333
7.628 7.635 7.686666 7.476666 7.284 6.888333 6.196667 5.702667 5.698333 5.846667 5.635 5.2 4.933333 4.508 4.206666 4.609091 3.633333 2.748611 2.761111 2.626389 2.408889 2.129167 2.1 1.968056 1.098611 1.126667 2.193056 2.742222 2.426389 4.156667 3.972222 2.974444 1.693056 0.1791667 0.5866666 1.820833 1.781111 1.501389 1.91 1.909722 1.031111 0.4416667 0.4361111 0.5888889 1.238889 1.622222 1.029167 1.712222 2.140278 1.958889 0.7875 1.426389 2.448889 2.641667 1.686667 0.9875 2.007778 2.591667 2.046667 3.158333 4.030556 3.008889 2.380556 2.715556 2.123611
7.805555 7.741667 7.703333 7.665278 7.612222 7.329167 6.643055 6.402222 6.706944 6.331111 6.338889 5.963333 5.498611 4.763333 4.326389 4.134849 4.048 3.84 3.446667 2.966667 2.904 2.126667 1.333333 1.276667 0.7966667 0.4093333 1.688333 1.194667 2.751667 2.813333 2.838333 1.476 -0.155 0.3716667 1.092 2.1 2.964 3.551667 3.44 2.105 0.7746667 0.7933334 0.9683333 1.504 1.883333 1.862667 1.122727 2.007778 3.106945 2.562222 1.790278 2.076389 2.988889 3.904167 3.047778 1.902778 2.053333 3.416667 2.895555 3.079167 4.261111 3.887778 3.519444 3.614444 2.651389
7.756 7.75 7.638667 7.516667 7.458333 7.404 7.396667 6.733333 5.821667 5.662667 5.155 5.642857 5.483333 5.437333 5.002299 4.338889 3.617778 3.1125 2.648889 2.233333 2.131111 2.577778 2.023077 1.445238 0.7055556 -0.2066667 0.1277778 0.7988889 1.333333 0.8955556 0.5958334 0.2809524 -0.4602564 0.1166667 0.9677778 1.426389 2.288889 3.65 3.961111 2.197222 1.014444 1.355556 1.591667 2.281111 2.776389 1.862222 1.539394 2.082667 3.09 3.398667 2.411667 2.985 3.508 4.371666 4.077333 3.49 2.724 3.093333 4.101333 3.38 4.29 4.797333 4.593333 3.774667 2.943333
7.281111 6.798611 6.645555 6.640278 6.594444 6.641111 6.523611 6.366667 5.481945 4.961111 4.594444 4.560494 4.296667 4.73 4.222667 3.541667 3.26 3.373333 2.889333 2.418333 1.601333 1.723333 1.611667 1.161333 0.5016667 -0.1586667 0.3583333 0.3826667 0.545 0.208 -0.075 -1.155 0.1493333 0.7016667 1.612 2.473333 3.10641 4.172222 4.668889 2.95 1.755128 2.315476 2.819444 3.587778 3.790278 2.692222 2.411111 2.586667 3.358333 4.008889 3.113889 3.768055 4.128889 4.783333 5.246666 4.545833 3.603333 3.375 4.782222 4.356945 4.4875 5.66 5.375 4.346667 3.609722
6.96 6.703333 6.061333 5.766667 6 5.893333 5.776667 6.151852 6.047222 5.845556 5.418056 5.766667 5.520833 5.241667 4.841111 4.815278 4.358889 3.573611 2.488889 2.145833 1.51 0.6138889 0.6125 0.4822222 0.775 0.92 1.640278 1.737778 1.520833 1.37 0.75 -0.3611111 -0.006666667 1.298611 2.414444 3.727778 4.627586 5.17 4.976 3.063333 2.378333 3.357333 3.731667 4.465333 4.495 3.409333 3.585 3.742667 4.43 4.525 3.496825 4.323333 4.626667 4.643333 5.653333 5.231667 4.348 4.095 4.677333 5.56 5.151667 5.601333 6.083333 5.176 4.461667
8.162222 7.726389 6.88 6.867816 6.9875 6.505556 5.981945 6.702381 6.998333 6.282667 6.696667 6.311111 5.814286 5.101666 4.528 4.253334 3.7 2.901667 2.181333 1.331667 1.050667 1.163333 1.013333 2.236 2.745 2.738667 1.988333 2.601333 2.676667 3.010257 2.248611 1.247222 0.8177778 1.459722 2.411111 3.5375 4.812222 6.0875 4.837778 3.184722 2.634722 3.845556 4.4 5.002222 5.172222 3.91 4.318056 4.928889 5.361111 4.313889 3.803333 4.268055 5.108889 4.945833 6.083333 6.086111 5.133333 5.022222 5.053333 5.968056 6.2 5.824444 6.820833 5.855556 5.183333
8.870667 8.83 8.57 8.348 8.159722 7.81 7.255556 7.344444 6.408333 5.863333 5.877778 5.168056 4.976666 4.384722 3.304445 2.816667 2.507778 2.136111 1.498889 1.509722 2.029885 1.252 1.573611 3.018889 4.340278 4.55 3.572222 3.657778 4.306944 4.49885 3.245 2.268333 1.76 2.731667 3.589333 4.61 5.754667 6.265 4.801333 2.951667 3.405 4.532 5.15 5.418667 5.363333 4.3 4.948333 5.832 5.431667 4.346667 4.528 4.933333 5.981333 5.951667 6.46 6.96 6.038667 5.996666 5.948 6.473333 6.988333 6.522666 7.406667 6.388 5.948333
8.937778 8.961111 8.943055 8.8 8.606667 8.512 8.483334 7.593333 6.803333 6.104 5.365 4.84 4.454667 4.111667 3.972 3.756667 2.893333 1.856667 1.512 2.681667 1.933333 1.466667 2.115 3.465333 4.881159 5.937778 5.333333 5.117778 5.934722 5.036667 3.738889 2.626389 2.51 3.931944 5.297778 5.922222 6.726666 6.133333 3.731111 2.811111 3.744444 4.817778 5.858333 5.925556 4.656944 4.618889 5.459722 6.301111 5.293056 5.097222 5.416667 5.720833 6.425556 7.015278 6.801111 7.7125 7.011111 6.8625 6.903333 7.155556 7.883333 7.59 8.145833 7.137778 6.801389
8.772727 8.951724 8.954166 8.842222 8.781944 8.803333 8.426389 7.547778 6.0625 5.244444 5.273611 5.398611 5.612222 5.390278 4.705555 3.973611 3.037778 2.522222 3.345556 2.872222 1.918056 2.803333 3.502778 3.313333 4.411111 5.854667 6.798333 6.776 6.388333 5.024242 3.731884 2.925 3.756 4.623333 5.746666 6.99 6.946667 5.278333 3.505333 3.286667 4.056667 5.089334 6.263333 6.097333 4.753334 4.973333 5.938334 6.762667 5.695 5.965 6.608 7.036667 7.336 7.966667 7.910666 8.458333 8.184 7.933333 8.024 8.051666 8.43 8.718667 8.621667 7.812 7.901667
